1,0
2,0
3,0
4,0
5,0
6,0
7,0
8,0
9,0
10,0
11,0
12,0
13,0
14,0
15,0
16,0
17,0
18,0
19,0
20,0
21,1
22,1
23,1
24,1
25,1
26,1
27,1
28,1
29,1
30,1
31,1
32,1
33,1
34,1
35,1
36,1
37,1
38,1
39,1
40,1
41,1
42,1
43,1
44,1
45,1
46,1
47,1
48,1
49,1
50,1
51,1
52,1
53,1
54,1
55,1
56,1
57,1
58,1
59,1
60,1
61,1
62,1
63,1
64,1
65,1
66,1
67,1
68,1
69,1
70,1
71,1
72,1
73,1
74,1
75,1
76,1
77,1
78,1
79,1
80,1
81,1
82,1
83,1
84,1
85,1
86,1
87,1
88,1
89,1
90,1
91,1
92,1
93,1
94,1
95,1
96,1
97,1
98,1
99,1
100,1
101,1
102,1
103,1
104,1
105,1
106,1
107,1
108,1
109,1
110,1
111,1
112,1
113,1
114,1
115,1
116,1
117,1
118,1
119,1
120,1
121,1
122,1
123,1
124,1
125,1
126,1
127,1
128,1
129,1
130,1
131,1
132,1
133,1
134,1
135,1
136,1
137,1
138,1
139,1
140,1
141,1
142,1
143,1
144,1
145,1
146,1
147,1
148,1
149,1
150,1
151,1
152,1
153,1
154,1
155,1
156,1
157,1
158,1
159,1
160,1
161,1
162,1
163,1
164,1
165,1
166,1
167,1
168,1
169,1
170,1
171,1
172,1
173,1
174,1
175,1
176,1
177,1
178,1
179,1
180,1
181,1
182,1
183,1
184,1
185,1
186,1
187,1
188,1
189,1
190,1
191,1
192,1
193,1
194,1
195,1
196,1
197,1
198,1
199,1
200,1
201,1
202,1
203,1
204,1
205,1
206,1
207,1
208,1
209,1
210,1
211,1
212,1
213,1
214,1
215,1
216,1
217,1
218,1
219,1
220,1
221,1
222,1
223,1
224,1
225,1
226,1
227,1
228,1
229,1
230,1
231,1
232,1
233,1
234,1
235,1
236,1
237,1
238,1
239,1
240,1
241,1
242,1
243,1
244,1
245,1
246,1
247,1
248,1
249,1
250,1
251,1
252,1
253,1
254,1
255,1
256,0
257,0
258,0
259,0
260,0
261,0
262,0
263,0
264,0
265,0
266,0
267,0
268,0
269,0
270,0
271,0
272,0
273,0
274,0
275,0
276,0
277,0
278,0
279,0
280,0
281,0
282,0
283,0
284,0
285,0
286,0
287,0
288,0
289,0
290,0
291,0
292,0
293,0
294,0
295,0
296,0
297,0
298,0
299,0
300,0
301,0
302,0
303,0
304,0
305,0
306,0
307,0
308,0
309,0
310,0
311,2
312,2
313,2
314,2
315,2
316,2
317,2
318,2
319,2
320,2
321,2
322,2
323,2
324,2
325,2
326,2
327,2
328,2
329,2
330,2
331,2
332,2
333,2
334,2
335,2
336,2
337,2
338,2
339,2
340,2
341,2
342,2
343,2
344,2
345,2
346,2
347,2
348,2
349,2
350,2
351,2
352,2
353,2
354,2
355,2
356,2
357,2
358,2
359,2
360,2
361,2
362,2
363,2
364,2
365,2
366,2
367,2
368,2
369,2
370,2
371,2
372,2
373,2
374,2
375,2
376,2
377,2
378,2
379,2
380,2
381,2
382,2
383,2
384,2
385,2
386,2
387,2
388,2
389,2
390,2
391,2
392,2
393,2
394,2
395,2
396,2
397,2
398,2
399,2
400,2
401,2
402,2
403,2
404,2
405,2
406,0
407,0
408,0
409,0
410,0
411,0
412,0
413,0
414,0
415,0
416,0
417,0
418,0
419,0
420,0
421,0
422,0
423,0
424,0
425,0
426,0
427,0
428,0
429,0
430,0
431,0
432,0
433,0
434,0
435,0
436,0
437,0
438,0
439,0
440,0
441,0
442,0
443,0
444,0
445,0
446,0
447,0
448,0
449,0
450,0
451,0
452,0
453,0
454,0
455,0
456,0
457,0
458,0
459,0
460,0
461,0
462,0
463,0
464,0
465,0
466,0
467,0
468,0
469,0
470,0
471,0
472,0
473,0
474,3
475,3
476,3
477,3
478,3
479,3
480,3
481,3
482,3
483,3
484,3
485,3
486,3
487,3
488,3
489,3
490,3
491,3
492,3
493,3
494,3
495,3
496,3
497,3
498,3
499,3
500,3
501,3
502,3
503,3
504,3
505,3
506,3
507,3
508,3
509,3
510,3
511,3
512,3
513,3
514,3
515,3
516,3
517,3
518,3
519,3
520,3
521,3
522,3
523,3
524,3
525,3
526,3
527,3
528,3
529,3
530,3
531,3
532,3
533,3
534,3
535,3
536,3
537,3
538,3
539,3
540,3
541,3
542,3
543,3
544,3
545,3
546,3
547,3
548,3
549,3
550,3
551,3
552,3
553,3
554,3
555,3
556,3
557,3
558,3
559,3
560,3
561,3
562,3
563,3
564,3
565,3
566,3
567,3
568,3
569,3
570,3
571,3
572,3
573,3
574,3
575,3
576,3
577,3
578,3
579,3
580,3
581,3
582,3
583,3
584,3
585,3
586,3
587,3
588,3
589,3
590,3
591,3
592,3
593,3
594,3
595,3
596,3
597,3
598,3
599,3
600,3
601,3
602,3
603,3
604,3
605,3
606,3
607,3
608,3
609,3
610,3
611,3
612,3
613,3
614,3
615,3
616,3
617,3
618,3
619,3
620,3
621,3
622,3
623,3
624,3
625,3
626,3
627,3
628,3
629,3
630,3
631,3
632,3
633,3
634,3
635,0
636,0
637,0
638,0
639,0
640,0
641,0
642,0
643,0
644,0
645,0
646,0
647,0
648,0
649,0
650,0
651,0
652,0
653,0
654,0
655,0
656,0
657,0
658,0
659,0
660,0
661,0
662,0
663,0
664,0
665,0
666,0
667,0
668,0
669,0
670,0
671,0
672,0
673,0
674,0
675,0
676,0
677,0
678,0
679,0
680,0
681,0
682,0
683,0
684,0
685,0
686,0
687,0
688,0
689,0
690,0
691,0
692,0
693,0
694,0
695,0
696,0
697,0
698,0
699,0
700,0
701,0
702,0
703,4
704,4
705,4
706,4
707,4
708,4
709,4
710,4
711,4
712,4
713,4
714,4
715,4
716,4
717,4
718,4
719,4
720,4
721,4
722,4
723,4
724,4
725,4
726,4
727,4
728,4
729,4
730,4
731,4
732,4
733,4
734,4
735,4
736,4
737,4
738,4
739,4
740,4
741,4
742,4
743,4
744,4
745,4
746,4
747,4
748,4
749,4
750,4
751,4
752,4
753,4
754,4
755,4
756,4
757,4
758,4
759,4
760,4
761,4
762,4
763,4
764,4
765,4
766,4
767,4
768,4
769,4
770,4
771,4
772,4
773,4
774,4
775,4
776,4
777,4
778,4
779,4
780,4
781,4
782,4
783,4
784,4
785,4
786,4
787,4
788,4
789,4
790,4
791,4
792,4
793,4
794,4
795,4
796,4
797,4
798,4
799,4
800,4
801,4
802,4
803,4
804,4
805,4
806,4
807,4
808,4
809,4
810,4
811,4
812,4
813,4
814,4
815,4
816,4
817,4
818,4
819,4
820,4
821,4
822,4
823,4
824,4
825,4
826,4
827,4
828,4
829,4
830,4
831,4
832,4
833,4
834,4
835,4
836,4
837,4
838,4
839,4
840,4
841,4
842,4
843,4
844,4
845,4
846,4
847,4
848,4
849,4
850,4
851,4
852,4
853,4
854,0
855,0
856,0
857,0
858,0
859,0
860,0
861,0
862,0
863,0
864,0
865,0
866,0
867,0
868,0
869,0
870,0
871,0
872,0
873,0
874,0
875,0
876,0
877,0
878,0
879,0
880,0
881,0
882,0
883,0
884,0
885,0
886,0
887,0
888,0
889,0
890,0
891,0
892,0
893,0
894,0
895,0
896,0
897,0
898,0
899,0
900,0
901,0
902,0
903,0
904,0
905,0
906,0
907,0
908,0
909,0
910,0
911,0
912,0
913,0
914,0
915,0
916,0
917,0
918,0
919,5
920,5
921,5
922,5
923,5
924,5
925,5
926,5
927,5
928,5
929,5
930,5
931,5
932,5
933,5
934,5
935,5
936,5
937,5
938,5
939,5
940,5
941,5
942,5
943,5
944,5
945,5
946,5
947,5
948,5
949,5
950,5
951,5
952,5
953,5
954,5
955,5
956,5
957,5
958,5
959,5
960,5
961,5
962,5
963,5
964,5
965,5
966,5
967,5
968,5
969,5
970,5
971,5
972,5
973,5
974,5
975,5
976,5
977,5
978,5
979,5
980,5
981,5
982,5
983,5
984,5
985,5
986,5
987,5
988,5
989,5
990,5
991,5
992,5
993,5
994,5
995,5
996,5
997,5
998,5
999,5
1000,5
1001,5
1002,5
1003,5
1004,5
1005,5
1006,5
1007,5
1008,5
1009,5
1010,5
1011,5
1012,5
1013,5
1014,5
1015,5
1016,5
1017,5
1018,5
1019,5
1020,5
1021,5
1022,5
1023,5
1024,5
1025,5
1026,5
1027,5
1028,5
1029,5
1030,5
1031,5
1032,5
1033,5
1034,5
1035,5
1036,5
1037,5
1038,5
1039,5
1040,5
1041,5
1042,5
1043,5
1044,5
1045,5
1046,5
1047,5
1048,5
1049,5
1050,5
1051,5
1052,5
1053,5
1054,5
1055,5
1056,5
1057,5
1058,5
1059,5
1060,5
1061,5
1062,5
1063,5
1064,5
1065,5
1066,5
