1,1
2,1
3,1
4,1
5,1
6,1
7,1
8,1
9,1
10,1
11,1
12,1
13,1
14,1
15,1
16,1
17,1
18,1
19,1
20,1
21,1
22,1
23,1
24,1
25,1
26,1
27,1
28,1
29,1
30,1
31,1
32,1
33,1
34,1
35,1
36,1
37,1
38,1
39,1
40,1
41,1
42,1
43,1
44,1
45,1
46,1
47,1
48,1
49,1
50,1
51,1
52,1
53,1
54,1
55,1
56,1
57,1
58,1
59,1
60,1
61,1
62,1
63,1
64,1
65,1
66,1
67,1
68,1
69,1
70,1
71,1
72,1
73,1
74,1
75,1
76,1
77,1
78,1
79,1
80,1
81,1
82,1
83,1
84,1
85,1
86,1
87,1
88,1
89,1
90,1
91,1
92,1
93,1
94,1
95,1
96,1
97,1
98,1
99,1
100,1
101,1
102,1
103,1
104,1
105,1
106,1
107,1
108,1
109,1
110,1
111,1
112,1
113,1
114,1
115,1
116,1
117,1
118,1
119,1
120,1
121,1
122,1
123,1
124,1
125,1
126,1
127,1
128,0
129,0
130,0
131,0
132,0
133,0
134,0
135,0
136,0
137,0
138,0
139,0
140,0
141,0
142,0
143,0
144,0
145,0
146,0
147,0
148,0
149,0
150,0
151,0
152,0
153,0
154,0
155,0
156,0
157,0
158,0
159,0
160,0
161,0
162,0
163,0
164,0
165,0
166,0
167,0
168,0
169,0
170,0
171,0
172,0
173,0
174,0
175,0
176,0
177,0
178,0
179,0
180,0
181,0
182,0
183,0
184,0
185,0
186,0
187,0
188,0
189,0
190,0
191,2
192,2
193,2
194,2
195,2
196,2
197,2
198,2
199,2
200,2
201,2
202,2
203,2
204,2
205,2
206,2
207,2
208,2
209,2
210,2
211,2
212,2
213,2
214,2
215,2
216,2
217,2
218,2
219,2
220,2
221,2
222,2
223,2
224,2
225,2
226,2
227,2
228,2
229,2
230,2
231,2
232,2
233,2
234,2
235,2
236,2
237,2
238,2
239,2
240,2
241,2
242,2
243,2
244,2
245,2
246,2
247,2
248,2
249,2
250,2
251,2
252,2
253,2
254,2
255,2
256,2
257,2
258,2
259,2
260,2
261,2
262,2
263,2
264,2
265,2
266,2
267,2
268,2
269,2
270,2
271,2
272,2
273,2
274,2
275,2
276,2
277,2
278,2
279,2
280,2
281,2
282,2
283,2
284,2
285,2
286,2
287,2
288,2
289,2
290,2
291,2
292,2
293,2
294,2
295,2
296,2
297,2
298,2
299,2
300,2
301,2
302,2
303,2
304,2
305,2
306,2
307,2
308,2
309,0
310,0
311,0
312,0
313,0
314,0
315,0
316,0
317,0
318,0
319,0
320,0
321,0
322,0
323,0
324,0
325,0
326,0
327,0
328,0
329,0
330,0
331,0
332,0
333,0
334,0
335,0
336,0
337,0
338,0
339,0
340,0
341,0
342,0
343,0
344,0
345,0
346,0
347,0
348,0
349,0
350,0
351,0
352,0
353,0
354,0
355,0
356,0
357,0
358,0
359,0
360,0
361,0
362,0
363,0
364,0
365,0
366,0
367,0
368,0
369,3
370,3
371,3
372,3
373,3
374,3
375,3
376,3
377,3
378,3
379,3
380,3
381,3
382,3
383,3
384,3
385,3
386,3
387,3
388,3
389,3
390,3
391,3
392,3
393,3
394,3
395,3
396,3
397,3
398,3
399,3
400,3
401,3
402,3
403,3
404,3
405,3
406,3
407,3
408,3
409,3
410,3
411,3
412,3
413,3
414,3
415,3
416,3
417,3
418,3
419,3
420,3
421,3
422,3
423,3
424,3
425,3
426,3
427,3
428,3
429,3
430,3
431,3
432,3
433,3
434,3
435,3
436,3
437,3
438,3
439,3
440,3
441,3
442,3
443,3
444,3
445,3
446,3
447,3
448,3
449,3
450,3
451,3
452,3
453,3
454,3
455,3
456,3
457,3
458,3
459,3
460,3
461,3
462,3
463,3
464,3
465,3
466,3
467,3
468,3
469,3
470,3
471,3
472,3
473,3
474,3
475,3
476,3
477,3
478,3
479,3
480,3
481,3
482,3
483,3
484,3
485,3
486,3
487,3
488,3
489,3
490,3
491,3
492,3
493,3
494,3
495,3
496,3
497,3
498,3
499,3
500,3
501,3
502,3
503,3
504,3
505,3
506,3
507,3
508,3
509,3
510,3
511,3
512,3
513,3
514,3
515,3
516,3
517,3
518,3
519,3
520,3
521,3
522,3
523,3
524,3
525,3
526,3
527,3
528,3
529,3
530,3
531,3
532,3
533,3
534,3
535,3
536,3
537,3
538,3
539,3
540,3
541,3
542,3
543,3
544,3
545,3
546,3
547,3
548,0
549,0
550,0
551,0
552,0
553,0
554,0
555,0
556,0
557,0
558,0
559,0
560,0
561,0
562,0
563,0
564,0
565,0
566,0
567,0
568,0
569,0
570,0
571,0
572,0
573,0
574,0
575,0
576,0
577,0
578,0
579,0
580,0
581,0
582,0
583,0
584,0
585,0
586,0
587,0
588,0
589,0
590,0
591,0
592,0
593,0
594,0
595,0
596,0
597,0
598,0
599,0
600,0
601,0
602,0
603,0
604,0
605,0
606,0
607,0
608,0
609,0
610,0
611,0
612,0
613,0
614,0
615,0
616,0
617,4
618,4
619,4
620,4
621,4
622,4
623,4
624,4
625,4
626,4
627,4
628,4
629,4
630,4
631,4
632,4
633,4
634,4
635,4
636,4
637,4
638,4
639,4
640,4
641,4
642,4
643,4
644,4
645,4
646,4
647,4
648,4
649,4
650,4
651,4
652,4
653,4
654,4
655,4
656,4
657,4
658,4
659,4
660,4
661,4
662,4
663,4
664,4
665,4
666,4
667,4
668,4
669,4
670,4
671,4
672,4
673,4
674,4
675,4
676,4
677,4
678,4
679,4
680,4
681,4
682,4
683,4
684,4
685,4
686,4
687,4
688,4
689,4
690,4
691,4
692,4
693,4
694,4
695,4
696,4
697,4
698,4
699,4
700,4
701,4
702,4
703,4
704,4
705,4
706,4
707,4
708,4
709,4
710,4
711,4
712,4
713,4
714,4
715,4
716,4
717,4
718,4
719,4
720,4
721,4
722,4
723,4
724,4
725,4
726,4
727,4
728,4
729,4
730,4
731,4
732,4
733,4
734,4
735,4
736,4
737,4
738,4
739,4
740,4
741,4
742,4
743,4
744,4
745,4
746,4
747,4
748,4
749,4
750,4
751,4
752,4
753,4
754,4
755,4
756,4
757,4
758,4
759,4
760,4
761,4
762,4
763,4
764,4
765,4
766,4
767,4
768,4
769,4
770,4
771,4
772,4
773,4
774,4
775,4
776,4
777,4
778,4
779,4
780,4
781,4
782,4
783,4
784,4
785,4
786,4
787,4
788,4
789,4
790,4
791,4
792,4
793,4
794,4
795,4
796,4
797,4
798,4
799,4
800,4
