1,1
2,1
3,1
4,1
5,1
6,1
7,1
8,1
9,1
10,1
11,1
12,1
13,1
14,1
15,1
16,1
17,1
18,1
19,1
20,1
21,1
22,1
23,1
24,1
25,1
26,1
27,1
28,1
29,1
30,1
31,1
32,1
33,1
34,1
35,1
36,1
37,1
38,1
39,1
40,1
41,1
42,1
43,1
44,1
45,1
46,1
47,1
48,1
49,1
50,1
51,1
52,1
53,1
54,1
55,1
56,1
57,1
58,1
59,1
60,1
61,1
62,1
63,1
64,1
65,1
66,1
67,1
68,1
69,1
70,1
71,1
72,1
73,1
74,1
75,1
76,1
77,1
78,1
79,1
80,1
81,1
82,1
83,1
84,1
85,1
86,1
87,1
88,1
89,1
90,1
91,1
92,1
93,1
94,1
95,1
96,1
97,1
98,1
99,1
100,1
101,1
102,1
103,1
104,1
105,1
106,1
107,1
108,1
109,1
110,1
111,1
112,1
113,1
114,1
115,1
116,1
117,1
118,1
119,1
120,1
121,1
122,1
123,1
124,1
125,1
126,1
127,1
128,1
129,1
130,1
131,1
132,1
133,1
134,1
135,1
136,1
137,1
138,1
139,1
140,1
141,1
142,1
143,1
144,1
145,1
146,1
147,1
148,1
149,1
150,1
151,1
152,1
153,1
154,1
155,1
156,1
157,1
158,1
159,1
160,1
161,1
162,1
163,1
164,1
165,1
166,1
167,1
168,1
169,1
170,1
171,1
172,1
173,1
174,1
175,1
176,1
177,1
178,1
179,1
180,1
181,1
182,1
183,1
184,1
185,1
186,1
187,1
188,1
189,1
190,1
191,1
192,1
193,1
194,1
195,1
196,1
197,1
198,1
199,1
200,1
201,1
202,1
203,1
204,1
205,1
206,1
207,1
208,1
209,1
210,1
211,1
212,1
213,1
214,1
215,1
216,1
217,1
218,1
219,1
220,1
221,1
222,1
223,1
224,1
225,1
226,1
227,1
228,1
229,1
230,1
231,1
232,1
233,1
234,1
235,1
236,1
237,1
238,1
239,1
240,1
241,1
242,1
243,1
244,1
245,1
246,1
247,1
248,1
249,1
250,1
251,1
252,1
253,1
254,1
255,1
256,1
257,1
258,1
259,1
260,1
261,1
262,1
263,1
264,1
265,1
266,1
267,1
268,1
269,1
270,1
271,1
272,1
273,1
274,1
275,1
276,1
277,1
278,1
279,1
280,1
281,1
282,1
283,1
284,1
285,1
286,1
287,1
288,1
289,1
290,1
291,1
292,1
293,1
294,1
295,1
296,1
297,1
298,1
299,1
300,1
301,1
302,1
303,1
304,1
305,1
306,1
307,1
308,1
309,1
310,1
311,1
312,1
313,1
314,1
315,0
316,0
317,0
318,0
319,0
320,0
321,0
322,0
323,0
324,0
325,0
326,0
327,0
328,0
329,0
330,0
331,0
332,0
333,0
334,0
335,0
336,0
337,0
338,0
339,0
340,0
341,0
342,0
343,0
344,0
345,0
346,0
347,0
348,0
349,0
350,0
351,0
352,0
353,0
354,0
355,0
356,0
357,0
358,0
359,0
360,0
361,0
362,0
363,0
364,0
365,0
366,0
367,0
368,0
369,0
370,0
371,0
372,0
373,0
374,0
375,0
376,0
377,0
378,0
379,0
380,0
381,0
382,0
383,0
384,0
385,0
386,0
387,0
388,0
389,0
390,0
391,0
392,0
393,0
394,0
395,0
396,0
397,0
398,0
399,0
400,0
401,0
402,0
403,0
404,0
405,0
406,0
407,0
408,0
409,0
410,0
411,0
412,0
413,0
414,0
415,0
416,0
417,0
418,0
419,0
420,0
421,0
422,0
423,0
424,0
425,0
426,0
427,0
428,0
429,0
430,0
431,0
432,0
433,0
434,0
435,0
436,0
437,0
438,0
439,0
440,0
441,0
442,0
443,0
444,0
445,0
446,0
447,0
448,0
449,0
450,0
451,0
452,0
453,0
454,0
455,0
456,0
457,0
458,0
459,0
460,0
461,0
462,0
463,0
464,0
465,0
466,0
467,0
468,0
469,0
470,0
471,0
472,0
473,0
474,0
475,0
476,0
477,0
478,0
479,0
480,0
481,0
482,0
483,2
484,2
485,2
486,2
487,2
488,2
489,2
490,2
491,2
492,2
493,2
494,2
495,2
496,2
497,2
498,2
499,2
500,2
501,2
502,2
503,2
504,2
505,2
506,2
507,2
508,2
509,2
510,2
511,2
512,2
513,2
514,2
515,2
516,2
517,2
518,2
519,2
520,2
521,2
522,2
523,2
524,2
525,2
526,2
527,2
528,2
529,2
530,2
531,2
532,2
533,2
534,2
535,2
536,2
537,2
538,2
539,2
540,2
541,2
542,2
543,2
544,2
545,2
546,2
547,2
548,2
549,2
550,2
551,2
552,2
553,2
554,2
555,2
556,2
557,2
558,2
559,2
560,2
561,2
562,2
563,2
564,2
565,2
566,2
567,2
568,2
569,2
570,2
571,2
572,2
573,2
574,2
575,2
576,2
577,2
578,2
579,2
580,2
581,2
582,2
583,2
584,2
585,2
586,2
587,2
588,2
589,2
590,2
591,2
592,2
593,2
594,2
595,2
596,2
597,2
598,2
599,2
600,2
601,2
602,2
603,2
604,2
605,2
606,2
607,2
608,2
609,2
610,2
611,2
612,2
613,2
614,2
615,2
616,2
617,2
618,2
619,2
620,2
621,2
622,2
623,2
624,2
625,2
626,2
627,2
628,2
629,2
630,2
631,2
632,2
633,2
634,2
635,2
636,2
637,2
638,2
639,2
640,2
641,2
642,2
643,2
644,2
645,2
646,2
647,2
648,2
649,2
650,2
651,2
652,2
653,2
654,2
655,2
656,2
657,2
658,2
659,2
660,2
661,2
662,2
663,2
664,2
665,2
666,2
667,2
668,2
669,2
670,2
671,2
672,2
673,2
674,2
675,2
676,2
677,2
678,2
679,2
680,2
681,2
682,2
683,2
684,2
685,2
686,2
687,2
688,2
689,2
690,2
691,2
692,2
693,2
694,2
695,2
696,2
697,2
698,2
699,2
700,2
701,2
702,2
703,2
704,2
705,2
706,2
707,2
708,2
709,2
710,2
711,2
712,2
713,2
714,2
715,2
716,2
717,2
718,2
719,2
720,2
721,2
722,2
723,2
724,2
725,2
726,2
727,2
728,2
729,2
730,2
731,2
732,2
733,2
734,2
735,2
736,2
737,0
738,0
739,0
740,0
741,0
742,0
743,0
744,0
745,0
746,0
747,0
748,0
749,0
750,0
751,0
752,0
753,0
754,0
755,0
756,0
757,0
758,0
759,0
760,0
761,0
762,0
763,0
764,0
765,0
766,0
767,0
768,0
769,0
770,0
771,0
772,0
773,0
774,0
775,0
776,0
777,0
778,0
779,0
780,0
781,0
782,0
783,0
784,0
785,0
786,0
787,0
788,0
789,0
790,0
791,0
792,0
793,0
794,0
795,0
796,0
797,0
798,0
799,0
800,0
801,0
802,0
803,0
804,0
805,0
806,0
807,0
808,0
809,0
810,0
811,0
812,0
813,0
814,0
815,0
816,0
817,0
818,0
819,0
820,0
821,0
822,0
823,0
824,0
825,0
826,0
827,0
828,0
829,0
830,0
831,0
832,0
833,0
834,0
835,0
836,0
837,0
838,0
839,0
840,0
841,0
842,0
843,0
844,0
845,0
846,0
847,0
848,0
849,0
850,0
851,0
852,0
853,0
854,0
855,0
856,0
857,0
858,0
859,0
860,0
861,0
862,0
863,0
864,0
865,0
866,0
867,0
868,0
869,0
870,0
871,0
872,0
873,0
874,0
875,0
876,0
877,0
878,0
879,0
880,0
881,0
882,0
883,0
884,0
885,0
886,0
887,0
888,0
889,0
890,0
891,0
892,0
893,0
894,0
895,0
896,0
897,0
898,0
899,0
900,0
901,0
902,0
903,0
904,0
905,0
906,0
907,0
908,0
909,0
910,0
911,0
912,0
913,0
914,0
915,0
916,0
917,0
918,0
919,0
920,0
921,0
922,0
923,0
924,0
925,0
926,0
927,0
928,0
929,0
930,0
931,0
932,0
933,0
934,0
935,0
936,0
937,0
938,0
939,0
940,0
941,0
942,0
943,0
944,0
945,0
946,0
947,0
948,0
949,0
950,0
951,0
952,0
953,0
954,0
955,0
956,0
957,0
958,0
959,0
960,0
961,0
962,0
963,0
964,0
965,3
966,3
967,3
968,3
969,3
970,3
971,3
972,3
973,3
974,3
975,3
976,3
977,3
978,3
979,3
980,3
981,3
982,3
983,3
984,3
985,3
986,3
987,3
988,3
989,3
990,3
991,3
992,3
993,3
994,3
995,3
996,3
997,3
998,3
999,3
1000,3
1001,3
1002,3
1003,3
1004,3
1005,3
1006,3
1007,3
1008,3
1009,3
1010,3
1011,3
1012,3
1013,3
1014,3
1015,3
1016,3
1017,3
1018,3
1019,3
1020,3
1021,3
1022,3
1023,3
1024,3
1025,3
1026,3
1027,3
1028,3
1029,3
1030,3
1031,3
1032,3
1033,3
1034,3
1035,3
1036,3
1037,3
1038,3
1039,3
1040,3
1041,3
1042,3
1043,3
1044,3
1045,3
1046,3
1047,3
1048,3
1049,3
1050,3
1051,3
1052,3
1053,3
1054,3
1055,3
1056,3
1057,3
1058,3
1059,3
1060,3
1061,3
1062,3
1063,3
1064,3
1065,3
1066,3
1067,3
1068,3
1069,3
1070,3
1071,3
1072,3
1073,3
1074,3
1075,3
1076,3
1077,3
1078,3
1079,3
1080,3
1081,3
1082,3
1083,3
1084,3
1085,3
1086,3
1087,3
1088,3
1089,3
1090,3
1091,3
1092,3
1093,3
1094,3
1095,3
1096,3
1097,3
1098,3
1099,3
1100,3
1101,3
1102,3
1103,3
1104,3
1105,3
1106,3
1107,3
1108,3
1109,3
1110,3
1111,3
1112,3
1113,3
1114,3
1115,3
1116,3
1117,3
1118,3
1119,3
1120,3
1121,3
1122,3
1123,3
1124,3
1125,3
1126,3
1127,3
1128,3
1129,3
1130,3
1131,3
1132,3
1133,3
1134,3
1135,3
1136,3
1137,3
1138,3
1139,3
1140,3
1141,3
1142,3
1143,3
1144,3
1145,3
1146,3
1147,3
1148,3
1149,3
1150,3
1151,3
1152,3
1153,3
1154,3
1155,3
1156,3
1157,3
1158,3
1159,3
1160,3
1161,3
1162,3
1163,3
1164,3
1165,3
1166,3
1167,3
1168,3
1169,3
1170,3
1171,3
1172,3
1173,3
1174,3
1175,3
1176,3
1177,3
1178,3
1179,3
1180,3
1181,3
1182,3
1183,3
1184,3
1185,3
1186,3
1187,3
1188,3
1189,3
1190,3
1191,3
1192,3
1193,3
1194,3
1195,3
1196,3
1197,3
1198,3
1199,3
1200,3
1201,3
1202,3
1203,3
1204,3
1205,3
1206,3
1207,3
1208,3
1209,3
1210,3
1211,0
1212,0
1213,0
1214,0
1215,0
1216,0
1217,0
1218,0
1219,0
1220,0
1221,0
1222,0
1223,0
1224,0
1225,0
1226,0
1227,0
1228,0
1229,0
1230,0
1231,0
1232,0
1233,0
1234,0
1235,0
1236,0
1237,0
1238,0
1239,0
1240,0
1241,0
1242,0
1243,0
1244,0
1245,0
1246,0
1247,0
1248,0
1249,0
1250,0
1251,0
1252,0
1253,0
1254,0
1255,0
1256,0
1257,0
1258,0
1259,0
1260,0
1261,0
1262,0
1263,0
1264,0
1265,0
1266,0
1267,0
1268,0
1269,0
1270,0
1271,0
1272,0
1273,0
1274,0
1275,0
1276,0
1277,0
1278,0
1279,0
1280,0
1281,0
1282,0
1283,0
1284,0
1285,0
1286,0
1287,0
1288,0
1289,0
1290,0
1291,0
1292,0
1293,0
1294,0
1295,0
1296,0
1297,0
1298,0
1299,0
1300,0
1301,0
1302,0
1303,0
1304,0
1305,0
1306,0
1307,0
1308,0
1309,0
1310,0
1311,0
1312,0
1313,0
1314,0
1315,0
1316,0
1317,0
1318,0
1319,0
1320,0
1321,0
1322,0
1323,0
1324,0
1325,0
1326,0
1327,0
1328,0
1329,0
1330,0
1331,0
1332,0
1333,0
1334,0
1335,0
1336,0
1337,0
1338,0
1339,0
1340,0
1341,0
1342,0
1343,0
1344,0
1345,0
1346,0
1347,0
1348,0
1349,0
1350,0
1351,0
1352,0
1353,0
1354,0
1355,0
1356,0
1357,0
1358,0
1359,0
1360,0
1361,0
1362,0
1363,0
1364,0
1365,0
1366,0
1367,0
1368,0
1369,0
1370,0
1371,0
1372,0
1373,0
1374,0
1375,0
1376,0
1377,0
1378,0
1379,0
1380,0
1381,0
1382,0
1383,0
1384,0
1385,0
1386,0
1387,0
1388,0
1389,0
1390,0
1391,0
1392,0
1393,0
1394,0
1395,0
1396,0
1397,0
1398,0
1399,0
1400,0
1401,0
1402,0
1403,0
1404,0
1405,0
1406,0
1407,0
1408,0
1409,0
1410,0
1411,0
1412,0
1413,0
1414,0
1415,0
1416,0
1417,4
1418,4
1419,4
1420,4
1421,4
1422,4
1423,4
1424,4
1425,4
1426,4
1427,4
1428,4
1429,4
1430,4
1431,4
1432,4
1433,4
1434,4
1435,4
1436,4
1437,4
1438,4
1439,4
1440,4
1441,4
1442,4
1443,4
1444,4
1445,4
1446,4
1447,4
1448,4
1449,4
1450,4
1451,4
1452,4
1453,4
1454,4
1455,4
1456,4
1457,4
1458,4
1459,4
1460,4
1461,4
1462,4
1463,4
1464,4
1465,4
1466,4
1467,4
1468,4
1469,4
1470,4
1471,4
1472,4
1473,4
1474,4
1475,4
1476,4
1477,4
1478,4
1479,4
1480,4
1481,4
1482,4
1483,4
1484,4
1485,4
1486,4
1487,4
1488,4
1489,4
1490,4
1491,4
1492,4
1493,4
1494,4
1495,4
1496,4
1497,4
1498,4
1499,4
1500,4
1501,4
1502,4
1503,4
1504,4
1505,4
1506,4
1507,4
1508,4
1509,4
1510,4
1511,4
1512,4
1513,4
1514,4
1515,4
1516,4
1517,4
1518,4
1519,4
1520,4
1521,4
1522,4
1523,4
1524,4
1525,4
1526,4
1527,4
1528,4
1529,4
1530,4
1531,4
1532,4
1533,4
1534,4
1535,4
1536,4
1537,4
1538,4
1539,4
1540,4
1541,4
1542,4
1543,4
1544,4
1545,4
1546,4
1547,4
1548,4
1549,4
1550,4
1551,4
1552,4
1553,4
1554,4
1555,4
1556,4
1557,4
1558,4
1559,4
1560,4
1561,4
1562,4
1563,4
1564,4
1565,4
1566,4
1567,4
1568,4
1569,4
1570,4
1571,4
1572,4
1573,4
1574,4
1575,4
1576,4
1577,4
1578,4
1579,4
1580,4
1581,4
1582,4
1583,4
1584,4
1585,4
1586,4
1587,4
1588,4
1589,4
1590,4
1591,4
1592,4
1593,4
1594,4
1595,4
1596,4
1597,4
1598,4
1599,4
1600,4
1601,4
1602,4
1603,4
1604,4
1605,4
1606,4
1607,4
1608,4
1609,4
1610,4
1611,4
1612,4
1613,4
1614,4
1615,4
1616,4
1617,4
1618,4
1619,4
1620,4
1621,4
1622,4
1623,4
1624,4
1625,4
1626,4
1627,4
1628,4
1629,4
1630,4
1631,4
1632,4
1633,4
1634,4
1635,4
1636,4
1637,4
1638,4
1639,4
1640,4
1641,4
1642,4
1643,4
1644,4
1645,4
1646,4
1647,4
1648,4
1649,4
1650,4
1651,4
1652,4
1653,4
1654,4
1655,4
1656,4
1657,4
1658,4
1659,4
1660,4
1661,4
1662,4
1663,4
1664,4
1665,4
1666,4
1667,4
1668,4
1669,4
1670,4
1671,4
1672,4
1673,4
1674,4
1675,4
1676,4
1677,4
1678,4
1679,4
1680,4
1681,4
1682,4
1683,4
1684,4
1685,4
1686,4
1687,4
1688,4
1689,4
1690,4
1691,4
1692,4
1693,4
1694,4
1695,4
1696,4
1697,4
1698,4
1699,4
1700,4
1701,4
1702,4
1703,4
1704,4
1705,4
1706,4
1707,4
1708,4
1709,4
1710,4
1711,4
1712,4
1713,4
1714,4
1715,4
1716,4
1717,4
1718,4
1719,4
1720,4
1721,4
1722,4
1723,4
1724,4
1725,4
1726,4
1727,4
1728,4
1729,4
1730,4
1731,4
1732,4
1733,4
1734,4
1735,4
1736,4
1737,4
1738,0
1739,0
1740,0
1741,0
1742,0
1743,0
1744,0
1745,0
1746,0
1747,0
1748,0
1749,0
1750,0
1751,0
1752,0
1753,0
1754,0
1755,0
1756,0
1757,0
1758,0
1759,0
1760,0
1761,0
1762,0
1763,0
1764,0
1765,0
1766,0
1767,0
1768,0
1769,0
1770,0
1771,0
1772,0
1773,0
1774,0
1775,0
1776,0
1777,0
1778,0
1779,0
1780,0
1781,0
1782,0
1783,0
1784,0
1785,0
1786,0
1787,0
1788,0
1789,0
1790,0
1791,0
1792,0
1793,0
1794,0
1795,0
1796,0
1797,0
1798,0
1799,0
1800,0
1801,0
1802,0
1803,0
1804,0
1805,0
1806,0
1807,0
1808,0
1809,0
1810,0
1811,0
1812,0
1813,0
1814,0
1815,0
1816,0
1817,0
1818,0
1819,0
1820,0
1821,0
1822,0
1823,0
1824,0
1825,0
1826,0
1827,0
1828,0
1829,0
1830,0
1831,0
1832,0
1833,0
1834,0
1835,0
1836,0
1837,0
1838,0
1839,0
1840,0
1841,0
1842,0
1843,0
1844,0
1845,0
1846,0
1847,0
1848,0
1849,0
1850,0
1851,0
1852,0
1853,0
1854,0
1855,0
1856,0
1857,0
1858,0
1859,0
1860,0
1861,0
1862,0
1863,0
1864,0
1865,0
1866,0
1867,0
1868,0
1869,0
1870,0
1871,0
1872,0
1873,0
1874,0
1875,0
1876,0
1877,0
1878,0
1879,0
1880,0
1881,0
1882,0
1883,0
1884,0
1885,0
1886,0
1887,0
1888,0
1889,0
1890,0
1891,0
1892,0
1893,0
1894,0
1895,0
1896,0
1897,0
1898,0
1899,0
1900,0
1901,0
1902,0
1903,0
1904,0
1905,0
1906,0
1907,0
1908,0
1909,0
1910,0
1911,0
1912,0
1913,0
1914,0
1915,0
1916,0
1917,0
1918,0
1919,0
1920,0
1921,0
1922,0
1923,0
1924,0
1925,0
1926,0
1927,0
1928,0
1929,0
1930,0
1931,0
1932,0
1933,0
1934,0
1935,0
1936,0
1937,0
1938,0
1939,0
1940,0
1941,0
1942,0
1943,0
1944,0
1945,0
1946,0
1947,0
1948,0
1949,0
1950,0
1951,0
1952,0
1953,0
1954,0
1955,0
1956,0
1957,0
1958,0
1959,0
1960,0
1961,0
1962,0
1963,0
1964,0
1965,0
1966,0
1967,0
1968,0
1969,0
1970,0
1971,0
1972,0
1973,0
1974,0
1975,0
1976,0
1977,0
1978,0
1979,0
1980,0
1981,0
1982,0
1983,0
1984,0
1985,0
1986,0
1987,0
1988,0
1989,0
1990,0
1991,0
1992,0
1993,5
1994,5
1995,5
1996,5
1997,5
1998,5
1999,5
2000,5
2001,5
2002,5
2003,5
2004,5
2005,5
2006,5
2007,5
2008,5
2009,5
2010,5
2011,5
2012,5
2013,5
2014,5
2015,5
2016,5
2017,5
2018,5
2019,5
2020,5
2021,5
2022,5
2023,5
2024,5
2025,5
2026,5
2027,5
2028,5
2029,5
2030,5
2031,5
2032,5
2033,5
2034,5
2035,5
2036,5
2037,5
2038,5
2039,5
2040,5
2041,5
2042,5
2043,5
2044,5
2045,5
2046,5
2047,5
2048,5
2049,5
2050,5
2051,5
2052,5
2053,5
2054,5
2055,5
2056,5
2057,5
2058,5
2059,5
2060,5
2061,5
2062,5
2063,5
2064,5
2065,5
2066,5
2067,5
2068,5
2069,5
2070,5
2071,5
2072,5
2073,5
2074,5
2075,5
2076,5
2077,5
2078,5
2079,5
2080,5
2081,5
2082,5
2083,5
2084,5
2085,5
2086,5
2087,5
2088,5
2089,5
2090,5
2091,5
2092,5
2093,5
2094,5
2095,5
2096,5
2097,5
2098,5
2099,5
2100,5
2101,5
2102,5
2103,5
2104,5
2105,5
2106,5
2107,5
2108,5
2109,5
2110,5
2111,5
2112,5
2113,5
2114,5
2115,5
2116,5
2117,5
2118,5
2119,5
2120,5
2121,5
2122,5
2123,5
2124,5
2125,5
2126,5
2127,5
2128,5
2129,5
2130,5
2131,5
2132,5
2133,5
2134,5
2135,5
2136,5
2137,5
2138,5
2139,5
2140,5
2141,5
2142,5
2143,5
2144,5
2145,5
2146,5
2147,5
2148,5
2149,5
2150,5
2151,5
2152,5
2153,5
2154,5
2155,5
2156,5
2157,5
2158,5
2159,5
2160,5
2161,5
2162,5
2163,5
2164,5
2165,5
2166,5
2167,5
2168,5
2169,5
2170,5
2171,5
2172,5
2173,5
2174,5
2175,5
2176,5
2177,5
2178,5
2179,5
2180,5
2181,5
2182,5
2183,5
2184,5
2185,5
2186,5
2187,5
2188,5
2189,5
2190,5
2191,5
2192,5
2193,5
2194,5
2195,5
2196,5
2197,5
2198,5
2199,5
2200,5
2201,5
2202,5
2203,5
2204,5
2205,5
2206,5
2207,5
2208,5
2209,5
2210,5
2211,5
2212,5
2213,5
2214,5
2215,5
2216,5
2217,5
2218,5
2219,5
2220,5
2221,5
2222,5
2223,5
2224,5
2225,5
2226,5
2227,5
2228,5
2229,5
2230,5
2231,5
2232,5
2233,5
2234,5
2235,5
2236,5
2237,5
2238,5
2239,5
2240,5
2241,5
2242,5
2243,5
2244,5
2245,5
2246,5
2247,5
2248,5
2249,5
2250,5
2251,5
2252,5
2253,5
2254,5
2255,5
2256,5
2257,5
2258,5
2259,5
2260,5
2261,5
2262,5
2263,5
2264,5
2265,5
2266,5
2267,5
2268,5
2269,5
2270,5
2271,5
2272,5
2273,5
2274,5
2275,5
2276,5
2277,5
2278,5
2279,5
2280,5
2281,5
2282,5
2283,5
2284,5
2285,5
2286,5
2287,5
2288,5
2289,5
2290,5
2291,5
2292,5
2293,5
2294,5
2295,5
2296,5
2297,5
2298,5
2299,5
2300,5
2301,5
2302,5
2303,5
2304,5
2305,5
2306,5
2307,5
2308,5
2309,5
2310,5
2311,5
2312,5
2313,5
2314,5
2315,5
2316,5
2317,5
2318,5
2319,5
2320,5
2321,5
2322,5
2323,5
2324,5
2325,5
2326,5
2327,5
2328,5
2329,5
2330,5
2331,5
2332,5
2333,5
2334,5
2335,5
2336,5
2337,5
2338,5
2339,5
2340,5
2341,5
2342,5
2343,5
2344,5
2345,5
2346,5
2347,5
2348,5
2349,5
2350,5
2351,5
2352,5
2353,5
2354,5
2355,5
2356,5
2357,5
2358,5
2359,5
2360,5
2361,5
2362,5
2363,5
2364,5
2365,5
2366,5
2367,5
2368,5
2369,5
2370,5
2371,0
2372,0
2373,0
2374,0
2375,0
2376,0
2377,0
2378,0
2379,0
2380,0
2381,0
2382,0
2383,0
2384,0
2385,0
2386,0
2387,0
2388,0
2389,0
2390,0
2391,0
2392,0
2393,0
2394,0
2395,0
2396,0
2397,0
2398,0
2399,0
2400,0
2401,0
2402,0
2403,0
2404,0
2405,0
2406,0
2407,0
2408,0
2409,0
2410,0
2411,0
2412,0
2413,0
2414,0
2415,0
2416,0
2417,0
2418,0
2419,0
2420,0
2421,0
2422,0
2423,0
2424,0
2425,0
2426,0
2427,0
2428,0
2429,0
2430,0
2431,0
2432,0
2433,0
2434,0
2435,0
2436,0
2437,0
2438,0
2439,0
2440,0
2441,0
2442,0
2443,0
2444,0
2445,0
2446,0
2447,0
2448,0
2449,0
2450,0
2451,0
2452,0
2453,0
2454,0
2455,0
2456,0
2457,0
2458,0
2459,0
2460,0
2461,0
2462,0
2463,0
2464,0
2465,0
2466,0
2467,0
2468,0
2469,0
2470,0
2471,0
2472,0
2473,0
2474,0
2475,0
2476,0
2477,0
2478,0
2479,0
2480,0
2481,0
2482,0
2483,0
2484,0
2485,0
2486,0
2487,0
2488,0
2489,0
2490,0
2491,0
2492,0
2493,0
2494,0
2495,0
2496,0
2497,0
2498,0
2499,0
2500,0
2501,0
2502,0
2503,0
2504,0
2505,0
2506,0
2507,0
2508,0
2509,0
2510,0
2511,0
2512,0
2513,0
2514,0
2515,0
2516,0
2517,0
2518,0
2519,0
2520,0
2521,0
2522,0
2523,0
2524,0
2525,0
2526,0
2527,0
2528,0
2529,0
2530,0
2531,0
2532,0
2533,0
2534,0
2535,0
2536,0
2537,0
2538,0
2539,0
2540,0
2541,0
2542,0
2543,0
2544,0
2545,0
2546,0
2547,0
2548,0
2549,0
2550,0
2551,0
2552,0
2553,0
2554,0
2555,0
2556,0
2557,0
2558,0
2559,0
2560,0
2561,0
2562,0
2563,0
2564,0
2565,0
2566,0
2567,0
2568,0
2569,0
2570,0
2571,0
2572,0
2573,0
2574,0
2575,0
2576,0
2577,0
2578,0
2579,0
2580,0
2581,0
2582,0
2583,0
2584,0
2585,0
2586,0
2587,0
2588,0
2589,0
2590,0
2591,0
2592,0
2593,0
2594,0
2595,0
2596,0
2597,0
2598,0
2599,0
2600,0
2601,0
2602,0
2603,0
2604,0
2605,0
2606,0
2607,0
2608,0
2609,0
2610,0
2611,0
2612,0
2613,0
2614,0
2615,0
2616,0
2617,0
2618,0
2619,0
2620,0
2621,0
2622,0
2623,0
2624,0
2625,0
2626,0
2627,0
2628,0
2629,0
2630,0
2631,0
2632,0
2633,6
2634,6
2635,6
2636,6
2637,6
2638,6
2639,6
2640,6
2641,6
2642,6
2643,6
2644,6
2645,6
2646,6
2647,6
2648,6
2649,6
2650,6
2651,6
2652,6
2653,6
2654,6
2655,6
2656,6
2657,6
2658,6
2659,6
2660,6
2661,6
2662,6
2663,6
2664,6
2665,6
2666,6
2667,6
2668,6
2669,6
2670,6
2671,6
2672,6
2673,6
2674,6
2675,6
2676,6
2677,6
2678,6
2679,6
2680,6
2681,6
2682,6
2683,6
2684,6
2685,6
2686,6
2687,6
2688,6
2689,6
2690,6
2691,6
2692,6
2693,6
2694,6
2695,6
2696,6
2697,6
2698,6
2699,6
2700,6
2701,6
2702,6
2703,6
2704,6
2705,6
2706,6
2707,6
2708,6
2709,6
2710,6
2711,6
2712,6
2713,6
2714,6
2715,6
2716,6
2717,6
2718,6
2719,6
2720,6
2721,6
2722,6
2723,6
2724,6
2725,6
2726,6
2727,6
2728,6
2729,6
2730,6
2731,6
2732,6
2733,6
2734,6
2735,6
2736,6
2737,6
2738,6
2739,6
2740,6
2741,6
2742,6
2743,6
2744,6
2745,6
2746,6
2747,6
2748,6
2749,6
2750,6
2751,6
2752,6
2753,6
2754,6
2755,6
2756,6
2757,6
2758,6
2759,6
2760,6
2761,6
2762,6
2763,6
2764,6
2765,6
2766,6
2767,6
2768,6
2769,6
2770,6
2771,6
2772,6
2773,6
2774,6
2775,6
2776,6
2777,6
2778,6
2779,6
2780,6
2781,6
2782,6
2783,6
2784,6
2785,6
2786,6
2787,6
2788,6
2789,6
2790,6
2791,6
2792,6
2793,6
2794,6
2795,6
2796,6
2797,6
2798,6
2799,6
2800,6
2801,6
2802,6
2803,6
2804,6
2805,6
2806,6
2807,6
2808,6
2809,6
2810,6
2811,6
2812,6
2813,6
2814,6
2815,6
2816,6
2817,6
2818,6
2819,6
2820,6
2821,6
2822,6
2823,6
2824,6
2825,6
2826,6
2827,6
2828,6
2829,6
2830,6
2831,6
2832,6
2833,6
2834,6
2835,6
2836,6
2837,6
2838,6
2839,6
2840,6
2841,6
2842,6
2843,6
2844,6
2845,6
2846,6
2847,6
2848,6
2849,6
2850,6
2851,6
2852,6
2853,6
2854,6
2855,6
2856,6
2857,6
2858,6
2859,6
2860,0
2861,0
2862,0
2863,0
2864,0
2865,0
2866,0
2867,0
2868,0
2869,0
2870,0
2871,0
2872,0
2873,0
2874,0
2875,0
2876,0
2877,0
2878,0
2879,0
2880,0
2881,0
2882,0
2883,0
2884,0
2885,0
2886,0
2887,0
2888,0
2889,0
2890,0
2891,0
2892,0
2893,0
2894,0
2895,0
2896,0
2897,0
2898,0
2899,0
2900,0
2901,0
2902,0
2903,0
2904,0
2905,0
2906,0
2907,0
2908,0
2909,0
2910,0
2911,0
2912,0
2913,0
2914,0
2915,0
2916,0
2917,0
2918,0
2919,0
2920,0
2921,0
2922,0
2923,0
2924,0
2925,0
2926,0
2927,0
2928,0
2929,0
2930,0
2931,0
2932,0
2933,0
2934,0
2935,0
2936,0
2937,0
2938,0
2939,0
2940,0
2941,0
2942,0
2943,0
2944,0
2945,0
2946,0
2947,0
2948,0
2949,0
2950,0
2951,0
2952,0
2953,0
2954,0
2955,0
2956,0
2957,0
2958,0
2959,0
2960,0
2961,0
2962,0
2963,0
2964,0
2965,0
2966,0
2967,0
2968,0
2969,0
2970,0
2971,0
2972,0
2973,0
2974,0
2975,0
2976,0
2977,0
2978,0
2979,0
2980,0
2981,0
2982,0
2983,0
2984,0
2985,0
2986,0
2987,0
2988,0
2989,0
2990,0
2991,0
2992,0
2993,0
2994,0
2995,0
2996,0
2997,0
2998,0
2999,0
3000,0
3001,0
3002,0
3003,0
3004,0
3005,0
3006,0
3007,0
3008,0
3009,0
3010,0
3011,0
3012,0
3013,0
3014,0
3015,0
3016,0
3017,0
3018,0
3019,0
3020,0
3021,0
3022,0
3023,0
3024,0
3025,0
3026,0
3027,0
3028,0
3029,0
3030,0
3031,0
3032,0
3033,0
3034,0
3035,0
3036,0
3037,0
3038,0
3039,0
3040,0
3041,0
3042,0
3043,0
3044,0
3045,0
3046,0
3047,0
3048,0
3049,0
3050,0
3051,0
3052,0
3053,0
3054,0
3055,0
3056,7
3057,7
3058,7
3059,7
3060,7
3061,7
3062,7
3063,7
3064,7
3065,7
3066,7
3067,7
3068,7
3069,7
3070,7
3071,7
3072,7
3073,7
3074,7
3075,7
3076,7
3077,7
3078,7
3079,7
3080,7
3081,7
3082,7
3083,7
3084,7
3085,7
3086,7
3087,7
3088,7
3089,7
3090,7
3091,7
3092,7
3093,7
3094,7
3095,7
3096,7
3097,7
3098,7
3099,7
3100,7
3101,7
3102,7
3103,7
3104,7
3105,7
3106,7
3107,7
3108,7
3109,7
3110,7
3111,7
3112,7
3113,7
3114,7
3115,7
3116,7
3117,7
3118,7
3119,7
3120,7
3121,7
3122,7
3123,7
3124,7
3125,7
3126,7
3127,7
3128,7
3129,7
3130,7
3131,7
3132,7
3133,7
3134,7
3135,7
3136,7
3137,7
3138,7
3139,7
3140,7
3141,7
3142,7
3143,7
3144,7
3145,7
3146,7
3147,7
3148,7
3149,7
3150,7
3151,7
3152,7
3153,7
3154,7
3155,7
3156,7
3157,7
3158,7
3159,7
3160,7
3161,7
3162,7
3163,7
3164,7
3165,7
3166,7
3167,7
3168,7
3169,7
3170,7
3171,7
3172,7
3173,7
3174,7
3175,7
3176,7
3177,7
3178,7
3179,7
3180,7
3181,7
3182,7
3183,7
3184,7
3185,7
3186,7
3187,7
3188,7
3189,7
3190,7
3191,7
3192,7
3193,7
3194,7
3195,7
3196,7
3197,7
3198,7
3199,7
3200,7
3201,7
3202,7
3203,7
3204,7
3205,7
3206,7
3207,7
3208,7
3209,7
3210,7
3211,7
3212,7
3213,7
3214,7
3215,7
3216,7
3217,7
3218,7
3219,7
3220,7
3221,7
3222,7
3223,7
3224,7
3225,7
3226,7
3227,7
3228,7
3229,7
3230,7
3231,7
3232,7
3233,7
3234,7
3235,7
3236,7
3237,7
3238,7
3239,7
3240,7
3241,7
3242,7
3243,7
3244,7
3245,7
3246,7
3247,7
3248,7
3249,7
3250,7
3251,7
3252,7
3253,7
3254,7
3255,7
3256,7
3257,7
3258,7
3259,7
3260,7
3261,7
3262,7
3263,7
3264,7
3265,7
3266,7
3267,7
3268,7
3269,7
3270,7
3271,7
3272,7
3273,7
3274,7
3275,7
3276,7
3277,7
3278,7
3279,7
3280,7
3281,7
3282,7
3283,7
3284,7
3285,7
3286,7
3287,7
3288,7
3289,7
3290,7
3291,7
3292,7
3293,7
3294,7
3295,7
3296,7
3297,7
3298,7
3299,7
3300,7
3301,7
3302,7
3303,7
3304,7
3305,7
3306,7
3307,7
3308,7
3309,7
3310,7
3311,7
3312,7
3313,7
3314,7
3315,7
3316,7
3317,7
3318,7
3319,7
3320,7
3321,7
3322,7
3323,7
3324,7
3325,7
3326,7
3327,7
3328,7
3329,7
3330,7
3331,7
3332,7
3333,7
3334,7
3335,7
3336,7
3337,7
3338,7
3339,7
3340,7
3341,7
3342,7
3343,7
3344,7
3345,7
3346,7
3347,7
3348,7
3349,7
