1,0
2,0
3,0
4,0
5,0
6,0
7,0
8,0
9,0
10,0
11,1
12,1
13,1
14,1
15,1
16,1
17,1
18,1
19,1
20,1
21,1
22,1
23,1
24,1
25,1
26,1
27,1
28,1
29,1
30,1
31,1
32,1
33,1
34,1
35,1
36,1
37,1
38,1
39,1
40,1
41,1
42,1
43,1
44,1
45,1
46,1
47,1
48,1
49,1
50,1
51,1
52,1
53,1
54,1
55,1
56,1
57,1
58,1
59,1
60,1
61,1
62,1
63,1
64,1
65,1
66,1
67,1
68,1
69,1
70,1
71,1
72,1
73,1
74,1
75,1
76,1
77,1
78,1
79,1
80,1
81,1
82,1
83,1
84,1
85,1
86,1
87,1
88,1
89,1
90,1
91,1
92,1
93,1
94,1
95,1
96,1
97,1
98,1
99,0
100,0
101,0
102,0
103,0
104,0
105,0
106,0
107,0
108,0
109,0
110,0
111,0
112,0
113,0
114,0
115,0
116,0
117,0
118,0
119,0
120,0
121,0
122,0
123,0
124,0
125,0
126,0
127,0
128,0
129,0
130,0
131,0
132,0
133,0
134,0
135,0
136,0
137,2
138,2
139,2
140,2
141,2
142,2
143,2
144,2
145,2
146,2
147,2
148,2
149,2
150,2
151,2
152,2
153,2
154,2
155,2
156,2
157,2
158,2
159,2
160,2
161,2
162,2
163,2
164,2
165,2
166,2
167,2
168,2
169,2
170,2
171,2
172,2
173,2
174,2
175,2
176,2
177,2
178,2
179,2
180,2
181,2
182,2
183,2
184,2
185,2
186,2
187,2
188,2
189,2
190,2
191,2
192,2
193,2
194,2
195,2
196,2
197,2
198,2
199,2
200,2
201,2
202,2
203,2
204,2
205,2
206,2
207,2
208,2
209,2
210,2
211,2
212,2
213,2
214,2
215,2
216,2
217,2
218,2
219,2
220,2
221,2
222,2
223,2
224,2
225,2
226,2
227,2
228,2
229,2
230,2
231,2
232,2
233,2
234,2
235,2
236,2
237,2
238,2
239,2
240,2
241,2
242,2
243,2
244,2
245,2
246,2
247,2
248,2
249,2
250,2
251,2
252,2
253,2
254,2
255,2
256,2
257,2
258,2
259,2
260,2
261,2
262,2
263,2
264,2
265,2
266,2
267,2
268,2
269,2
270,0
271,0
272,0
273,0
274,0
275,0
276,0
277,0
278,0
279,0
280,0
281,0
282,0
283,0
284,0
285,0
286,0
287,0
288,0
289,0
290,0
291,0
292,0
293,0
294,0
295,0
296,0
297,0
298,0
299,0
300,0
301,0
302,0
303,0
304,0
305,0
306,0
307,0
308,0
309,0
310,0
311,0
312,0
313,0
314,0
315,0
316,0
317,0
318,0
319,3
320,3
321,3
322,3
323,3
324,3
325,3
326,3
327,3
328,3
329,3
330,3
331,3
332,3
333,3
334,3
335,3
336,3
337,3
338,3
339,3
340,3
341,3
342,3
343,3
344,3
345,3
346,3
347,3
348,3
349,3
350,3
351,3
352,3
353,3
354,3
355,3
356,3
357,3
358,3
359,3
360,3
361,3
362,3
363,3
364,3
365,3
366,3
367,3
368,3
369,3
370,3
371,3
372,3
373,3
374,3
375,3
376,3
377,3
378,3
379,3
380,3
381,3
382,3
383,3
384,3
385,3
386,3
387,3
388,3
389,3
390,3
391,3
392,3
393,3
394,3
395,3
396,3
397,3
398,3
399,3
400,3
401,3
402,3
403,3
404,3
405,3
406,3
407,3
408,3
409,3
410,3
411,3
412,3
413,3
414,3
415,3
416,3
417,3
418,3
419,3
420,3
421,3
422,3
423,3
424,3
425,3
426,3
427,3
428,3
429,3
430,3
431,3
432,3
433,3
434,3
435,3
436,3
437,3
438,3
439,3
440,3
441,3
442,3
443,3
444,3
445,3
446,3
447,3
448,3
449,3
450,3
451,3
452,3
453,3
454,3
455,3
456,3
457,3
458,3
459,3
460,3
461,3
462,3
463,3
464,3
465,3
466,3
467,3
468,3
469,3
470,3
471,3
472,3
473,3
474,3
475,3
476,3
477,3
478,3
479,3
480,3
481,3
482,3
483,3
484,3
485,3
486,3
487,3
488,3
489,3
490,3
491,3
492,3
493,3
494,3
495,3
496,3
497,3
498,3
499,3
500,3
501,3
502,3
503,3
504,3
505,3
506,3
507,3
508,3
509,3
510,3
511,3
512,3
513,3
514,3
515,3
516,3
517,3
518,3
519,3
520,3
521,3
522,3
523,3
524,3
525,3
526,3
527,3
528,3
529,3
530,3
531,3
532,3
533,3
534,3
535,3
536,3
537,3
538,3
539,3
540,3
541,3
542,3
543,3
544,3
545,3
546,3
547,3
548,3
549,3
550,3
551,3
552,3
553,3
554,3
555,3
556,3
557,3
558,3
559,3
560,3
561,3
562,3
563,3
564,3
565,3
566,3
567,3
568,3
569,3
570,3
571,3
572,3
573,3
574,3
575,3
576,3
577,3
578,3
579,3
580,3
581,3
582,3
583,3
584,3
585,3
586,3
587,3
588,3
589,3
590,3
591,3
592,3
593,3
594,3
595,3
596,3
597,3
598,3
599,3
600,3
601,3
602,3
603,3
604,3
605,3
606,3
607,3
608,3
609,3
610,3
611,3
612,3
613,3
614,3
615,3
616,3
617,3
618,3
619,3
620,3
621,3
622,3
623,3
624,3
625,3
626,3
627,3
628,3
629,3
630,3
631,3
632,3
633,3
634,3
635,3
636,3
637,3
638,3
639,3
640,3
641,3
642,3
643,3
644,3
645,3
646,3
647,3
648,3
649,3
650,3
651,3
652,3
653,3
654,3
655,3
656,3
657,3
658,3
659,3
660,3
661,3
662,3
663,3
664,3
665,3
666,3
667,3
668,3
669,3
670,3
671,3
672,3
673,3
674,3
675,0
676,0
677,0
678,0
679,0
680,0
681,0
682,0
683,0
684,0
685,0
686,0
687,0
688,0
689,0
690,0
691,0
692,0
693,0
694,0
695,0
696,0
697,0
698,0
699,0
700,0
701,0
702,0
703,0
704,0
705,0
706,0
707,0
708,0
709,0
710,0
711,0
712,0
713,4
714,4
715,4
716,4
717,4
718,4
719,4
720,4
721,4
722,4
723,4
724,4
725,4
726,4
727,4
728,4
729,4
730,4
731,4
732,4
733,4
734,4
735,4
736,4
737,4
738,4
739,4
740,4
741,4
742,4
743,4
744,4
745,4
746,4
747,4
748,4
749,4
750,4
751,4
752,4
753,4
754,4
755,4
756,4
757,4
758,4
759,4
760,4
761,4
762,4
763,4
764,4
765,4
766,4
767,4
768,4
769,4
770,4
771,4
772,4
773,4
774,4
775,4
776,4
777,4
778,4
779,4
780,4
781,4
782,4
783,4
784,4
785,4
786,4
787,4
788,4
789,4
790,4
791,4
792,4
793,4
794,4
795,4
796,4
797,4
798,4
799,4
800,4
801,4
802,4
803,4
804,4
805,4
806,4
807,4
808,4
809,4
810,4
811,4
812,4
813,4
814,4
815,4
816,4
817,4
818,4
819,4
820,4
821,4
822,4
823,4
824,4
825,4
826,4
827,4
828,4
829,4
830,4
831,4
832,4
833,4
834,4
835,4
836,4
837,4
838,4
839,4
840,4
841,4
842,4
843,4
844,4
845,4
846,4
847,4
848,4
849,4
850,4
851,4
852,4
853,4
854,4
855,4
856,4
857,4
858,4
859,4
860,4
861,4
862,4
863,4
864,4
865,4
866,4
867,4
868,4
869,4
870,4
871,4
872,4
873,4
874,4
875,4
876,4
877,4
878,4
879,4
880,4
881,4
882,4
883,4
884,4
885,4
886,4
887,4
888,4
889,4
890,4
891,4
892,4
893,4
894,4
895,4
896,4
897,4
898,4
899,4
900,4
901,4
902,4
903,4
904,4
905,4
906,4
907,4
908,4
909,4
910,4
911,4
912,4
913,4
914,4
915,4
916,4
917,4
918,4
919,4
920,4
921,4
922,4
923,4
924,4
925,4
926,4
927,4
928,4
929,4
930,4
931,4
932,4
933,4
934,4
935,4
936,4
937,4
938,4
939,4
940,4
941,4
942,4
943,4
944,4
945,4
946,4
947,4
948,4
949,4
950,4
951,4
952,4
953,4
954,4
955,4
956,4
957,4
958,4
959,4
960,4
961,4
962,4
963,4
964,4
965,4
966,4
967,4
968,4
969,4
970,4
971,4
972,4
973,4
974,4
975,4
976,4
977,4
978,4
979,4
980,4
981,4
982,4
983,4
984,4
985,4
986,4
987,4
988,4
989,4
990,4
991,4
992,4
993,4
994,4
995,4
996,4
997,4
998,4
999,4
1000,4
1001,4
1002,4
1003,4
1004,4
1005,4
1006,4
1007,4
1008,4
1009,4
1010,4
1011,4
1012,4
1013,4
1014,4
1015,4
1016,4
1017,4
1018,4
1019,4
1020,4
1021,4
1022,4
1023,4
1024,4
1025,4
1026,4
1027,4
1028,4
1029,4
1030,4
1031,4
1032,4
1033,4
1034,4
1035,4
1036,4
1037,4
1038,4
1039,4
1040,4
1041,4
1042,4
1043,4
1044,4
1045,4
1046,4
1047,4
1048,4
1049,4
1050,4
1051,4
1052,4
1053,4
1054,4
1055,4
1056,4
1057,4
1058,4
1059,4
1060,4
1061,4
1062,4
1063,4
1064,4
1065,4
1066,4
1067,4
1068,4
1069,4
1070,4
1071,4
1072,4
1073,4
1074,4
1075,4
1076,4
1077,4
1078,4
1079,4
1080,4
1081,4
1082,4
1083,4
1084,4
1085,4
1086,4
1087,4
1088,4
1089,4
1090,4
1091,4
1092,4
1093,4
1094,4
1095,4
1096,4
1097,4
1098,4
1099,4
1100,4
1101,4
1102,4
1103,4
1104,4
1105,4
1106,4
1107,4
1108,4
1109,4
1110,4
1111,4
1112,4
1113,4
1114,4
1115,4
1116,4
1117,4
1118,4
1119,4
1120,4
1121,4
1122,4
1123,4
1124,4
1125,4
1126,4
1127,4
1128,4
1129,4
1130,4
1131,4
1132,4
1133,4
1134,4
1135,4
1136,4
1137,4
1138,4
1139,4
1140,4
1141,4
1142,4
1143,4
1144,4
1145,4
1146,4
1147,4
1148,4
1149,4
1150,4
1151,4
1152,4
1153,4
1154,4
1155,4
1156,4
1157,4
1158,4
1159,4
1160,4
1161,4
1162,4
1163,4
1164,4
1165,4
1166,4
1167,4
1168,4
1169,4
1170,4
1171,4
1172,4
1173,4
1174,4
1175,4
1176,4
1177,4
1178,4
1179,4
1180,4
1181,4
1182,4
1183,4
1184,4
1185,4
1186,4
1187,4
1188,4
1189,4
1190,4
1191,4
1192,4
1193,4
1194,4
1195,4
1196,4
1197,4
1198,4
1199,4
1200,4
1201,4
1202,4
1203,4
1204,4
1205,4
1206,4
1207,4
1208,4
1209,4
1210,4
1211,4
1212,4
1213,4
1214,4
1215,4
1216,4
1217,4
