1,1
2,1
3,1
4,1
5,1
6,1
7,1
8,1
9,1
10,1
11,1
12,1
13,1
14,1
15,1
16,1
17,1
18,1
19,1
20,1
21,1
22,1
23,1
24,1
25,1
26,1
27,1
28,1
29,1
30,1
31,1
32,1
33,1
34,1
35,1
36,1
37,1
38,1
39,1
40,1
41,1
42,1
43,1
44,1
45,1
46,1
47,1
48,1
49,1
50,1
51,1
52,1
53,1
54,1
55,1
56,1
57,1
58,1
59,1
60,1
61,1
62,1
63,1
64,1
65,1
66,1
67,1
68,1
69,1
70,1
71,1
72,1
73,1
74,1
75,1
76,1
77,1
78,1
79,1
80,1
81,1
82,1
83,1
84,1
85,1
86,1
87,1
88,1
89,1
90,1
91,1
92,1
93,1
94,1
95,1
96,1
97,1
98,1
99,1
100,1
101,1
102,1
103,1
104,1
105,1
106,1
107,1
108,1
109,1
110,1
111,1
112,1
113,1
114,1
115,1
116,1
117,1
118,1
119,1
120,1
121,1
122,1
123,1
124,1
125,1
126,1
127,1
128,1
129,1
130,1
131,1
132,1
133,1
134,1
135,1
136,1
137,1
138,1
139,1
140,1
141,1
142,1
143,1
144,1
145,1
146,1
147,1
148,1
149,1
150,1
151,1
152,1
153,1
154,1
155,1
156,1
157,1
158,1
159,1
160,1
161,1
162,1
163,1
164,1
165,1
166,1
167,1
168,1
169,1
170,1
171,1
172,1
173,1
174,1
175,1
176,1
177,1
178,1
179,1
180,1
181,1
182,1
183,1
184,1
185,1
186,1
187,1
188,1
189,1
190,1
191,1
192,1
193,1
194,1
195,1
196,1
197,1
198,1
199,1
200,1
201,1
202,1
203,1
204,1
205,1
206,1
207,1
208,1
209,1
210,1
211,1
212,1
213,1
214,1
215,1
216,1
217,1
218,1
219,1
220,1
221,1
222,1
223,1
224,1
225,1
226,1
227,1
228,1
229,1
230,1
231,0
232,0
233,0
234,0
235,0
236,0
237,0
238,0
239,0
240,0
241,0
242,0
243,0
244,0
245,0
246,0
247,0
248,0
249,0
250,0
251,0
252,0
253,0
254,0
255,0
256,0
257,0
258,0
259,0
260,0
261,0
262,0
263,0
264,0
265,0
266,0
267,0
268,0
269,0
270,0
271,0
272,0
273,0
274,0
275,0
276,0
277,0
278,0
279,0
280,0
281,0
282,0
283,0
284,0
285,0
286,0
287,0
288,2
289,2
290,2
291,2
292,2
293,2
294,2
295,2
296,2
297,2
298,2
299,2
300,2
301,2
302,2
303,2
304,2
305,2
306,2
307,2
308,2
309,2
310,2
311,2
312,2
313,2
314,2
315,2
316,2
317,2
318,2
319,2
320,2
321,2
322,2
323,2
324,2
325,2
326,2
327,2
328,2
329,2
330,2
331,2
332,2
333,2
334,2
335,2
336,2
337,2
338,2
339,2
340,2
341,2
342,2
343,2
344,2
345,2
346,2
347,2
348,2
349,2
350,2
351,2
352,2
353,2
354,2
355,2
356,2
357,2
358,2
359,2
360,2
361,2
362,2
363,2
364,2
365,2
366,2
367,2
368,2
369,2
370,2
371,2
372,2
373,2
374,2
375,2
376,2
377,2
378,2
379,2
380,2
381,2
382,2
383,2
384,2
385,2
386,2
387,2
388,2
389,2
390,2
391,2
392,2
393,2
394,2
395,2
396,2
397,2
398,2
399,2
400,2
401,2
402,2
403,2
404,2
405,2
406,2
407,2
408,2
409,2
410,2
411,2
412,2
413,2
414,2
415,2
416,2
417,2
418,2
419,2
420,2
421,2
422,2
423,2
424,2
425,2
426,2
427,2
428,2
429,2
430,2
431,2
432,2
433,2
434,2
435,2
436,2
437,2
438,0
439,0
440,0
441,0
442,0
443,0
444,0
445,0
446,0
447,0
448,0
449,0
450,0
451,0
452,0
453,0
454,0
455,0
456,0
457,0
458,0
459,0
460,0
461,0
462,0
463,0
464,0
465,0
466,0
467,0
468,0
469,0
470,0
471,0
472,0
473,0
474,0
475,0
476,0
477,0
478,0
479,0
480,0
481,0
482,0
483,0
484,0
485,0
486,0
487,0
488,0
489,0
490,0
491,0
492,0
493,0
494,0
495,0
496,0
497,0
498,0
499,0
500,3
501,3
502,3
503,3
504,3
505,3
506,3
507,3
508,3
509,3
510,3
511,3
512,3
513,3
514,3
515,3
516,3
517,3
518,3
519,3
520,3
521,3
522,3
523,3
524,3
525,3
526,3
527,3
528,3
529,3
530,3
531,3
532,3
533,3
534,3
535,3
536,3
537,3
538,3
539,3
540,3
541,3
542,3
543,3
544,3
545,3
546,3
547,3
548,3
549,3
550,3
551,3
552,3
553,3
554,3
555,3
556,3
557,3
558,3
559,3
560,3
561,3
562,3
563,3
564,3
565,3
566,3
567,3
568,3
569,3
570,3
571,3
572,3
573,3
574,3
575,3
576,3
577,3
578,3
579,3
580,3
581,3
582,3
583,3
584,3
585,3
586,3
587,3
588,3
589,3
590,3
591,3
592,3
593,3
594,3
595,3
596,3
597,3
598,3
599,3
600,3
601,3
602,3
603,3
604,3
605,3
606,3
607,3
608,3
609,3
610,3
611,3
612,3
613,3
614,3
615,3
616,0
617,0
618,0
619,0
620,0
621,0
622,0
623,0
624,0
625,0
626,0
627,0
628,0
629,0
630,0
631,0
632,0
633,0
634,0
635,0
636,0
637,0
638,0
639,0
640,0
641,0
642,0
643,0
644,0
645,0
646,0
647,0
648,0
649,0
650,0
651,0
652,0
653,0
654,0
655,0
656,0
657,0
658,0
659,0
660,0
661,0
662,0
663,0
664,0
665,0
666,0
667,0
668,0
669,0
670,0
671,0
672,0
673,0
674,0
675,0
676,0
677,0
678,0
679,0
680,0
681,0
682,0
683,0
684,0
685,4
686,4
687,4
688,4
689,4
690,4
691,4
692,4
693,4
694,4
695,4
696,4
697,4
698,4
699,4
700,4
701,4
702,4
703,4
704,4
705,4
706,4
707,4
708,4
709,4
710,4
711,4
712,4
713,4
714,4
715,4
716,4
717,4
718,4
719,4
720,4
721,4
722,4
723,4
724,4
725,4
726,4
727,4
728,4
729,4
730,4
731,4
732,4
733,4
734,4
735,4
736,4
737,4
738,4
739,4
740,4
741,4
742,4
743,4
744,4
745,4
746,4
747,4
748,4
749,4
750,4
751,4
752,4
753,4
754,4
755,4
756,4
757,4
758,4
759,4
760,4
761,4
762,4
763,4
764,4
765,4
766,4
767,4
768,4
769,4
770,4
771,4
772,4
773,4
774,4
775,4
776,4
777,4
778,4
779,4
780,4
781,4
782,4
783,4
784,4
785,4
786,4
787,4
788,4
789,4
790,4
791,4
792,4
793,4
794,4
795,4
796,4
797,4
798,4
799,4
800,4
801,4
802,4
803,4
804,4
805,4
806,4
807,4
808,4
809,4
810,4
811,4
812,4
813,4
814,4
815,4
816,4
817,4
818,4
819,4
820,4
821,4
822,4
823,4
824,4
825,4
826,4
827,4
828,4
829,4
830,4
831,4
832,4
833,4
834,4
835,4
836,4
837,4
838,4
839,4
840,4
841,4
842,4
843,4
844,4
845,4
846,4
847,4
848,4
849,4
850,4
851,4
852,4
853,4
854,4
855,4
856,4
857,4
858,4
859,4
860,4
861,4
862,4
863,4
864,4
865,4
866,4
867,4
868,4
869,4
870,4
871,4
872,4
873,4
874,4
875,4
876,4
877,4
878,4
879,4
880,4
881,4
882,4
883,4
884,4
885,4
886,4
887,4
888,4
889,4
890,4
891,4
892,4
893,4
894,4
895,4
896,4
897,4
898,4
899,4
900,4
901,4
902,4
903,4
904,4
905,4
906,4
907,4
908,4
909,4
910,4
911,4
912,4
913,4
914,4
915,4
916,4
917,4
918,4
919,4
920,4
921,4
922,4
923,4
924,4
925,4
926,4
927,4
928,4
929,4
930,4
931,4
932,4
933,4
934,4
935,4
936,4
937,4
938,4
939,4
940,4
941,4
942,4
943,4
944,4
945,4
946,4
947,4
948,4
949,4
950,4
951,4
952,4
953,4
954,4
955,4
956,4
957,4
958,4
959,4
960,4
961,4
962,4
963,4
964,4
965,4
966,4
967,4
968,4
969,4
970,4
971,4
972,4
973,4
974,4
975,4
976,4
977,4
978,4
979,4
980,4
981,4
982,4
983,4
984,4
985,4
986,4
987,4
988,4
989,4
990,4
991,4
992,4
993,4
994,4
995,4
996,4
997,4
998,4
999,4
1000,4
1001,4
1002,4
1003,4
1004,4
1005,4
1006,4
1007,4
1008,4
1009,4
1010,4
1011,4
1012,4
1013,4
1014,4
1015,4
1016,4
1017,4
1018,4
1019,4
1020,4
1021,4
1022,4
1023,4
1024,4
1025,4
1026,4
1027,4
1028,4
1029,4
1030,4
1031,4
1032,4
1033,4
1034,4
1035,4
1036,4
1037,4
1038,4
1039,4
1040,4
1041,4
1042,4
1043,4
1044,4
1045,4
1046,4
1047,4
1048,4
1049,4
1050,4
1051,4
1052,4
1053,4
1054,4
1055,4
1056,4
1057,4
1058,4
1059,0
1060,0
1061,0
1062,0
1063,0
1064,0
1065,0
1066,0
1067,0
1068,0
1069,0
1070,0
1071,0
1072,0
1073,0
1074,0
1075,0
1076,0
1077,0
1078,0
1079,0
1080,0
1081,0
1082,0
1083,0
1084,0
1085,0
1086,0
1087,0
1088,0
1089,0
1090,0
1091,0
1092,0
1093,0
1094,0
1095,0
1096,0
1097,0
1098,0
1099,0
1100,0
1101,0
1102,0
1103,0
1104,0
1105,0
1106,0
1107,0
1108,0
1109,0
1110,0
1111,0
1112,0
1113,0
1114,0
1115,0
1116,0
1117,0
1118,0
1119,0
1120,0
1121,0
1122,0
1123,0
1124,0
1125,0
1126,0
1127,0
1128,0
1129,0
1130,0
1131,0
1132,0
1133,0
1134,0
1135,0
1136,0
1137,0
1138,0
1139,0
1140,0
1141,0
1142,0
1143,0
1144,0
1145,0
1146,0
1147,0
1148,0
1149,0
1150,0
1151,0
1152,0
1153,0
1154,0
1155,0
1156,0
1157,0
1158,0
1159,0
1160,0
1161,0
1162,0
1163,0
1164,0
1165,0
1166,0
1167,0
1168,0
1169,0
1170,0
1171,0
1172,0
1173,0
1174,0
1175,0
1176,0
1177,0
1178,0
1179,0
1180,0
1181,0
1182,0
1183,0
1184,0
1185,0
1186,0
1187,0
1188,0
1189,0
1190,0
1191,0
1192,0
1193,0
1194,0
1195,0
1196,0
1197,0
1198,0
1199,0
1200,0
1201,0
1202,0
1203,0
1204,0
1205,0
1206,0
1207,0
1208,0
1209,0
1210,0
1211,0
1212,0
1213,0
1214,0
1215,0
1216,0
1217,0
1218,0
1219,0
1220,0
1221,0
1222,0
