409.794117647059,230.980392156863,18.1189001001304,NaN,1
409.747572815534,230.980582524272,17.893232460693,3,1
409.767676767677,231.030303030303,18.2072397349046,4,1
409.747572815534,230.980582524272,17.893232460693,4,1
409.78431372549,231.029411764706,18.9027470609439,3,1
409.844660194175,230.980582524272,19.0326330179051,5,1
409.969696969697,230.959595959596,16.8569595519934,6,1
409.922330097087,230.864077669903,18.8243533103534,6,1
409.84,231,17.2710265877689,5,1
409.647058823529,231.088235294118,17.7991284699789,4,1
409.615384615385,230.990384615385,19.3808841591804,6,1
409.75,230.990384615385,19.0257486002189,6,1
409.586538461538,231.163461538462,18.7554121448394,4,1
409.817307692308,230.932692307692,18.5197270791276,6,1
409.803921568627,230.980392156863,18.1943247708425,4,1
409.805825242718,230.95145631068,18.6246228924575,3,1
409.881188118812,230.940594059406,17.6879733956317,6,1
409.83,231.01,17.2395982902412,5,1
409.78431372549,231,18.1716433368577,2,1
409.932038834951,230.883495145631,19.4552264835153,3,1
410.04,230.91,19.3670763793285,3,1
409.864077669903,230.970873786408,17.0856940533349,7,1
409.871287128713,230.980198019802,18.415571323741,4,1
409.752475247525,231.049504950495,17.6333856198484,2,1
409.825242718447,230.95145631068,18.7470096232549,2,1
409.794117647059,231.078431372549,17.2374984724172,3,1
409.792079207921,231.069306930693,18.9335017634519,5,1
409.841584158416,231,18.4835598327435,2,1
409.718446601942,231.038834951456,18.5542330716267,2,1
409.669902912621,231.077669902913,18.9457729398306,2,1
409.792079207921,231.128712871287,18.0181026744695,4,1
409.892156862745,231.019607843137,18.0327714437959,5,1
409.686274509804,231.009803921569,18.1961124715055,4,1
409.701923076923,230.990384615385,18.7510777564114,2,1
409.821782178218,231.029702970297,19.4188041200562,3,1
409.621359223301,231.165048543689,17.1546069245555,6,1
409.782178217822,231.049504950495,18.9082757941777,6,1
409.930693069307,231.039603960396,18.4405012472714,2,1
409.862745098039,231.078431372549,18.8107169808098,1,1
409.871287128713,230.990099009901,19.0318749829705,5,1
409.803921568627,231,19.3474686316049,3,1
409.841584158416,231.009900990099,18.5494879733917,5,1
409.66,231.16,18.2522658557982,5,1
409.767676767677,231.131313131313,18.4604643631694,1,1
409.93,231.07,17.6558590530819,3,1
409.826530612245,231.122448979592,17.8571851009349,4,1
409.686274509804,231.156862745098,17.8322308134761,6,1
409.735294117647,231.039215686275,18.6020843146424,4,1
409.81,231.05,17.9423999865107,2,1
409.735294117647,231.039215686275,18.6020843146424,2,1
409.902912621359,230.980582524272,18.5552086665263,3,1
409.759615384615,231.028846153846,19.792265300648,5,1
409.647058823529,231.098039215686,19.871739646594,6,1
410.078431372549,230.93137254902,23.4515605337787,22,1
409.959595959596,230.686868686869,34.9297159862976,29,1
410.121212121212,230.373737373737,52.1418680133904,24,1
411.752808988764,227.910112359551,67.7804896077461,58,1
413.927835051546,224.938144329897,46.730327187444,58,1
414.75,223.988636363636,41.042294176938,23,1
417.604938271605,220.518518518519,55.7474833920692,71,1
418.967391304348,217.902173913043,70.3219891451987,47,1
421.677083333333,214.125,49.1886156327443,74,1
424.819047619048,211.361904761905,20.4750262880281,75,1
427.111111111111,210.744444444444,17.8290936579493,37,1
431.510416666667,208.15625,37.3422314435418,76,1
433.854368932039,206.242718446602,46.741186640747,47,1
438.090909090909,203.572727272727,24.2675060030834,79,1
443.814432989691,201.216494845361,25.9294102892251,95,1
445.935483870968,200.301075268817,28.9908087243282,44,1
450.469387755102,197.704081632653,34.5754018490874,77,1
452.826923076923,195.894230769231,34.5837819713597,48,1
457.303571428571,193.723214285714,19.4112737049403,84,1
462.885714285714,191.304761904762,36.8195237594267,95,1
464.836734693878,190.255102040816,36.6395694086367,37,1
469.75,186.641304347826,23.7365448270702,92,1
471.905660377359,185.424528301887,21.0734518362039,44,1
477.181818181818,182.787878787879,30.2151686502966,91,1
481.75,179.98,47.496526046021,85,1
483.960784313725,178.392156862745,37.0290581633413,42,1
488.821428571429,175.940476190476,9.79849364476117,84,1
490.923076923077,174.826923076923,15.2624042183458,54,1
496.490384615385,172.990384615385,33.9830090600354,86,1
501.380952380952,170.533333333333,34.6046229809039,87,1
503.814814814815,169.583333333333,22.0054679027485,45,1
509.38202247191,168.067415730337,8.4588324301507,89,1
511.990566037736,166.943396226415,18.0405571681732,47,1
517.317307692308,165.221153846154,29.805350394394,84,1
521.635514018692,164.093457943925,13.4577767402463,77,1
524.642857142857,163.530612244898,3.33480533524104,51,1
530.182692307692,162.961538461538,9.78084134510373,86,1
532.258928571429,162.696428571429,18.9529536044112,36,1
538.188679245283,161.198113207547,16.5744742769852,96,1
543.192307692308,160.403846153846,-3.16024649114244,84,1
546.106796116505,160.174757281553,-0.916381024963555,49,1
551.691588785047,159.457943925234,12.2503078488029,84,1
554.12389380531,159.407079646018,13.9872514662996,42,1
559.155339805825,158.669902912621,-1.21675517607422,80,1
564.634615384615,159.048076923077,-11.6910953840813,85,1
567.87,159.47,-0.192299317349329,46,1
572.811320754717,159.641509433962,2.10396332495428,82,1
575.166666666667,159.685185185185,0.96087287895569,40,1
580.172727272727,160.263636363636,-13.4993333987336,80,1
585.464912280702,161.201754385965,-5.18719830187466,84,1
588.61320754717,161.547169811321,0.480087843858436,50,1
593.228070175439,161.684210526316,0.10023182014388,76,1
596.087719298246,161.842105263158,-8.93944800141247,46,1
601.601941747573,162.533980582524,-14.6135527204836,91,1
606.318584070796,163.088495575221,6.03183543658789,80,1
609.12037037037,163.064814814815,8.36672422292444,45,1
613.586776859504,163.429752066116,0.337334020151015,73,1
616.807339449541,163.385321100917,-6.95769195089722,52,1
621.981651376147,163.724770642202,2.4616691056963,80,1
627.086206896552,163.741379310345,16.7933009539439,81,1
629.657657657658,163.603603603604,3.55274283996157,45,1
634.638095238095,163.619047619048,-0.67312162833382,76,1
636.740740740741,163.611111111111,1.5402010007583,35,1
641.074074074074,163.425925925926,15.6852129951356,70,1
646.131313131313,162.666666666667,10.2857569034721,75,1
649.795180722892,162.421686746988,-3.25860058862345,50,1
653.967032967033,162.659340659341,-6.7866757367461,58,1
657.141304347826,162.684782608696,2.18308216937864,47,1
658.771739130435,162.271739130435,18.6335057653943,44,1
660.32183908046,161.540229885057,5.03574495866089,39,1
661.19512195122,161.487804878049,-11.3944957851494,27,1
661.943181818182,162.25,-25.6598959925172,38,1
NaN,NaN,NaN,88,1
394.08,242.77,38.1605424593314,NaN,2
394.28431372549,242.794117647059,38.6198721073605,6,2
394.343137254902,242.686274509804,38.4711602317936,4,2
394.281553398058,242.68932038835,37.9652519568093,1,2
394.316831683168,242.821782178218,38.9439152253259,4,2
394.242718446602,242.776699029126,36.4974318861371,8,2
394.28,242.81,37.2929212531326,3,2
394.41,242.79,38.5797185996707,6,2
394.50495049505,242.653465346535,38.93617584557,5,2
394.47,242.78,39.4583486344478,3,2
394.485436893204,242.776699029126,39.3608950105296,5,2
394.421568627451,242.852941176471,38.200948739398,5,2
394.419047619048,242.771428571429,38.4274679471048,5,2
394.495238095238,242.752380952381,38.9284600295121,4,2
394.547169811321,242.688679245283,39.3269754229879,3,2
394.411214953271,242.794392523364,39.0529109157862,3,2
394.619047619048,242.733333333333,40.3422498115062,4,2
394.640776699029,242.708737864078,38.8607329418906,6,2
394.450980392157,242.843137254902,38.5121878762462,5,2
394.718446601942,242.718446601942,38.6008771708748,7,2
394.361904761905,242.990476190476,38.2246743105134,8,2
394.453703703704,242.842592592593,38.3940750253059,3,2
394.779816513761,242.587155963303,39.4433845491152,9,2
394.619047619048,242.685714285714,39.0806014374031,8,2
394.742857142857,242.619047619048,39.7802998135381,2,2
394.740384615385,242.692307692308,39.1144247122604,3,2
394.378640776699,242.990291262136,38.7885081256376,5,2
394.543689320388,242.844660194175,38.6681308904471,4,2
394.615384615385,242.817307692308,37.9826896756821,5,2
394.663461538462,242.798076923077,38.1842877605402,2,2
394.640776699029,242.912621359223,38.6929475804649,3,2
394.692307692308,242.788461538462,39.3709451745563,3,2
394.625,242.826923076923,39.1010808184085,4,2
394.657142857143,242.838095238095,38.9653867266564,1,2
394.752380952381,242.714285714286,39.4902922127728,4,2
394.705882352941,242.78431372549,38.0853213797772,7,2
394.701923076923,242.913461538462,38.3028715388108,6,2
394.607843137255,242.970588235294,37.3461806317958,8,2
394.811320754717,242.877358490566,38.4390924175516,6,2
394.971698113208,242.72641509434,38.0618543453171,4,2
395.260869565217,242.478260869565,38.0613323973784,11,2
395.569105691057,242,37.7004499969644,18,2
395.628099173554,241.859504132231,42.6142248644992,56,2
395.529411764706,242.168067226891,71.6025018832289,48,2
395.448979591837,243.295918367347,-73.873268066374,33,2
395.731182795699,244.89247311828,-64.5658739814076,41,2
396.036036036036,246.144144144144,-70.5668493849653,34,2
396.633663366337,249.950495049505,80.2707114456314,64,2
396.521276595745,253.893617021277,-89.8173482217113,63,2
396.530120481928,255.204819277108,-75.2367078860841,27,2
397.435294117647,259.211764705882,-75.4544069897452,60,2
397.444444444444,261.747474747475,-89.8873417785708,42,2
397.480392156863,265.872549019608,79.77783980457,67,2
396.969387755102,270.744897959184,-79.9768599930652,76,2
397.1,273.2,-64.7886848036353,38,2
398.050632911392,277.240506329114,-67.4406063077429,65,2
398.802083333333,280.302083333333,-72.6694646130535,43,2
400,284.557692307692,-63.0990075178039,68,2
402.367924528302,288.896226415094,-35.1952871881389,90,2
403.890243902439,290.329268292683,-32.0468407050393,38,2
406.909090909091,293.727272727273,-39.2549218676378,68,2
409.136842105263,296.294736842105,-46.5299147402119,49,2
412.622448979592,299.591836734694,-30.5692425750729,75,2
416.712643678161,302.747126436782,-28.9448522995656,75,2
418.821428571429,303.952380952381,-34.4814924892638,35,2
422.365591397849,307.086021505376,-42.1322325004564,63,2
423.989247311828,308.516129032258,-39.6675593919253,30,2
428.352941176471,311.858823529412,-21.5342179252952,74,2
433.193181818182,314.556818181818,-33.1721446030115,73,2
435.093023255814,315.767441860465,-36.6056910128708,38,2
439.350649350649,318.909090909091,-34.150870560436,69,2
440.975,320.1,-29.8070042075679,27,2
445.567901234568,322.728395061728,-21.4794393127752,67,2
448.617021276596,324.255319148936,-37.2282159357027,67,2
450.848484848485,325.444444444444,-38.4934866202979,35,2
455.436781609195,328.977011494253,-21.3205526024902,90,2
456.484210526316,329.484210526316,-22.2284375789782,34,2
460.490196078431,331.490196078431,-27.3471898252259,73,2
464.409523809524,333.838095238095,-40.6406293896595,83,2
466.594339622641,335.575471698113,-35.5833631697017,41,2
470.641509433962,338.198113207547,-21.8728921167493,78,2
472.777777777778,339.138888888889,-18.5093089686085,42,2
476.549019607843,341.235294117647,-29.1182952913683,72,2
480.935779816514,344.009174311927,-29.4856334376466,81,2
483.6875,345.572916666667,-13.6872649360479,51,2
486.754716981132,347.009433962264,-13.103995990914,66,2
489.036697247706,348.229357798165,-16.5108303466699,45,2
493.071428571429,349.964285714286,-29.8174856972903,71,2
497.633027522936,352.54128440367,-22.7645250367933,79,2
499.59375,353.510416666667,-14.4814852382797,37,2
502.958762886598,354.989690721649,-16.3071538437718,63,2
505.76,356.79,-26.9249349146217,53,2
509.35,359.47,-38.8514408105735,72,2
512.941747572816,361.854368932039,-19.7497521269836,69,2
515.061224489796,363,-15.6005752199383,39,2
518.020618556701,364.412371134021,-22.8614045910279,59,2
520.105769230769,366.163461538462,-37.2657384245972,45,2
524.268041237113,369.453608247423,-38.3695581942072,81,2
528.057142857143,371.866666666667,-21.1606223906043,70,2
530.142857142857,372.989010989011,-18.3187367493645,36,2
533.64,375.35,-36.8803187906809,69,2
535.49,376.71,-42.9289638377163,42,2
539.020202020202,379.676767676768,-27.3812250353222,67,2
543.09375,382.09375,-18.1004414675407,73,2
544.584269662921,382.842696629213,-20.0740039401507,29,2
548.06,385.31,-36.665547886138,67,2
549.959595959596,386.737373737374,-39.5540841648758,41,2
553.73786407767,389.271844660194,-23.4235767994829,68,2
557.41,391.53,-25.5179938449635,67,2
558.2,391.944444444444,-31.6310857885339,26,2
561.59595959596,395.222222222222,-44.9418716225311,71,2
563.357894736842,397.010526315789,-42.4929150477964,36,2
565.989583333333,398.677083333333,-22.579222550161,57,2
569.1875,398.84375,-14.8102387871866,60,2
570.765957446809,398.914893617021,-13.3816433839518,28,2
NaN,NaN,NaN,94,2
416.372093023256,233.104651162791,-81.1711095411186,NaN,3
416.241379310345,232.954022988506,-80.6991288636844,3,3
416.32183908046,233.068965517241,-80.6579263761432,2,3
416.329411764706,232.964705882353,-81.020377515903,2,3
416.372093023256,233.104651162791,-81.1711095411186,3,3
416.372093023256,233.104651162791,-81.1711095411186,0,3
416.372093023256,233.104651162791,-81.1711095411186,0,3
416.341176470588,233.011764705882,-81.6043129185686,1,3
416.372093023256,233.104651162791,-81.1711095411186,1,3
416.379310344828,233.206896551724,-81.3963552170434,1,3
416.372093023256,233.104651162791,-81.1711095411186,1,3
416.295454545455,233.102272727273,-80.90665074978,2,3
416.32183908046,233.068965517241,-80.6579263761432,1,3
416.379310344828,233.206896551724,-81.3963552170434,2,3
416.372093023256,233.104651162791,-81.1711095411186,1,3
416.272727272727,233.045454545455,-80.2711967989203,2,3
416.372093023256,233.104651162791,-81.1711095411186,2,3
416.360465116279,233.058139534884,-80.6107307565228,2,3
416.372093023256,233.104651162791,-81.1711095411186,2,3
416.32183908046,233.068965517241,-80.6579263761432,1,3
416.383720930233,233.011627906977,-80.7509402763576,5,3
416.547368421053,233.589473684211,-88.5458621301484,31,3
416.458333333333,233.291666666667,83.2078128572486,9,3
416.642857142857,232.061224489796,89.0997580265998,34,3
416.72,230.1,-85.2224142309636,34,3
415.989473684211,226.873684210526,-70.2943032609655,63,3
414.263157894737,222.6,-67.669246999931,58,3
413.602739726027,221.095890410959,-69.7958250715753,26,3
412.885714285714,217.214285714286,-81.5162683460531,53,3
412.358024691358,213.62962962963,-82.4269721854025,41,3
411.728395061728,209.62962962963,-76.4035785167355,50,3
410.988505747126,205.942528735632,-81.9284118363009,48,3
410.632911392405,204.037974683544,-87.2244673846386,24,3
410.342857142857,198.571428571429,88.7172975824119,69,3
410.060240963855,196.012048192771,-86.915815467326,37,3
409.639534883721,192.372093023256,-67.8784428913363,53,3
408.068181818182,187.261363636364,-65.9608472403428,74,3
407.4375,185.9,-69.7643651745191,24,3
406.097222222222,180.722222222222,-69.3774116043954,68,3
405.3625,178.7,-64.9952275930016,28,3
403.433333333333,175.211111111111,-62.2840801643653,50,3
401.847826086957,172.467391304348,-68.4392577720669,46,3
400.723684210526,169.75,-71.0785968286764,34,3
398.861111111111,164.958333333333,-65.1032125651642,56,3
398.162790697674,163.546511627907,-66.2313000755178,20,3
396.422680412371,159.628865979381,-67.6899001185595,55,3
394.431818181818,154.761363636364,-70.2213369638797,61,3
393.776315789474,152.618421052632,-63.5466147194876,30,3
392.152941176471,148.847058823529,-50.0570548114505,59,3
390.908163265306,146.561224489796,-50.2855012228694,37,3
387.875,141.943181818182,-53.9217513618887,68,3
385.252873563218,137.701149425287,-48.3745919023714,71,3
383.061728395062,135.333333333333,-31.4726493585912,46,3
380.123287671233,132.739726027397,-24.1928104501672,64,3
378.032967032967,130.725274725275,-32.5759844503814,48,3
374.673684210526,127.852631578947,-42.8275032630214,62,3
370.529411764706,123.964705882353,-28.1396073042929,72,3
368.350649350649,122.662337662338,-21.6275867336939,36,3
365.036144578313,121.180722891566,-26.3187132199941,56,3
363.270833333333,119.989583333333,-35.1529615975139,39,3
357.911111111111,116.266666666667,-35.4924832899869,84,3
354.29,113.99,-25.8340825259675,62,3
352.89,113.65,-23.2637421955313,28,3
348.860215053763,110.741935483871,-34.3615640986198,77,3
346.10101010101,108.565656565657,-47.7907940963806,48,3
342.030612244898,105.102040816327,-30.3439531021046,73,3
339.076923076923,103.057692307692,-30.7705187884018,70,3
337.209302325581,102.104651162791,-34.9366578836679,34,3
332.069444444444,96.9861111111111,-38.4316283491029,92,3
330.597826086957,95.804347826087,-36.7020525454301,40,3
327.346153846154,93.4038461538462,-19.2129842979253,74,3
323.669724770642,90.6330275229358,-31.5069205196934,79,3
322.257142857143,89.7142857142857,-29.2278216958486,32,3
317.6484375,85.84375,-23.5871174052768,109,3
316.459854014599,85.2262773722628,-9.20305438331924,37,3
313.745098039216,84.6601307189542,-7.83114007097888,62,3
NaN,NaN,NaN,153,3
400.80412371134,243.113402061856,86.0027584646739,NaN,4
400.84693877551,243.081632653061,85.6872295667137,1,4
400.814432989691,243.082474226804,86.0670906162114,3,4
400.833333333333,243.052083333333,86.1865417900531,1,4
400.836734693878,243.010204081633,86.1317170897487,2,4
400.808080808081,243.060606060606,86.3963442645364,5,4
400.821052631579,242.978947368421,85.9087771217642,4,4
400.802083333333,243.010416666667,85.7863747751599,1,4
400.849462365591,242.731182795699,86.2505813193663,3,4
400.762886597938,242.989690721649,85.952638997172,4,4
400.804347826087,242.630434782609,85.6589413163094,5,4
400.784946236559,242.677419354839,85.4707542448306,1,4
400.69387755102,242.622448979592,86.6119818535626,5,4
400.649484536082,242.618556701031,86.4185218460262,3,4
400.60396039604,242.841584158416,85.608033103743,6,4
400.554455445545,242.910891089109,84.9873888440554,2,4
400.544554455446,242.574257425743,86.8888697713013,4,4
400.57,242.99,84.8303648760162,5,4
400.544554455446,243,84.4898561927525,5,4
400.50495049505,242.693069306931,85.5000974055965,4,4
400.490196078431,242.764705882353,85.3925323053065,3,4
400.514851485149,242.673267326733,85.5652486994401,3,4
400.53,242.94,84.1970939808351,3,4
400.49504950495,242.891089108911,84.6404633623822,1,4
400.480392156863,242.813725490196,85.0475451230108,1,4
400.445544554455,242.732673267327,84.3870454895881,5,4
400.42,242.86,83.4252325956841,3,4
400.330097087379,242.864077669903,84.3263447868763,5,4
400.349514563107,242.883495145631,83.5245509330152,4,4
400.35,242.85,83.4884194544398,5,4
400.330097087379,242.873786407767,83.831441923665,3,4
400.313725490196,242.823529411765,83.5818541199361,5,4
400.353535353535,242.535353535354,84.3965170617718,5,4
400.31,242.63,83.8749542691901,3,4
400.29702970297,242.554455445545,84.2736927539392,1,4
400.294117647059,242.676470588235,84.5280044838084,5,4
400.274509803922,242.745098039216,83.3924492803065,6,4
400.254901960784,242.813725490196,83.0311030706954,2,4
400.221153846154,242.798076923077,83.1958305625829,2,4
400.252427184466,242.73786407767,84.0292306129154,5,4
400.287128712871,242.564356435644,84.3078745256477,2,4
400.21568627451,242.803921568627,84.1549712675539,5,4
400.25,242.86,83.895075845689,2,4
400.277227722772,242.623762376238,84.2375246404055,3,4
400.291262135922,242.922330097087,82.885317015173,4,4
400.141592920354,243.159292035398,83.3535560101826,16,4
400.367346938775,241.734693877551,88.9536707366153,33,4
400.902912621359,241.300970873786,-54.1723951571549,37,4
401.18018018018,241.261261261261,-37.2088181168445,20,4
402.070796460177,240.778761061947,-13.5249524387349,44,4
401.568421052632,240.084210526316,1.76748858804018,42,4
401.129411764706,239.529411764706,48.094152562774,24,4
400.481012658228,237.26582278481,-50.665792951826,50,4
400.054945054945,236.505494505495,-43.8719774455268,24,4
398.148514851485,235.09900990099,-27.0114420704782,56,4
395.515151515152,233.717171717172,-30.2276365915991,58,4
394.56043956044,232.747252747253,-36.8792166970226,32,4
392.137931034483,230.540229885057,-48.0074437823569,58,4
390.415730337079,228.640449438202,-49.0812773346761,40,4
386.873563218391,225.241379310345,-22.4180112639427,70,4
383.482352941176,223.211764705882,-20.496067183055,56,4
382.166666666667,222.72619047619,-22.1995384589037,19,4
376.276315789474,218.736842105263,-21.0228938425467,92,4
375.076086956522,217.836956521739,-18.7687819856429,34,4
371.012048192771,216.204819277108,-9.64204338829283,67,4
366.244444444444,214.944444444444,-16.0738417941792,57,4
364.176470588235,214.388235294118,-16.4821626361143,27,4
358.752941176471,212.105882352941,-13.9525718422295,74,4
357.174418604651,211.581395348837,-6.1141800852992,31,4
351.407407407407,210.555555555556,-2.48991484243629,69,4
347.318181818182,210,-11.0050581745304,51,4
344.725,209.6125,-9.85776546222247,34,4
339.441860465116,208.53488372093,-0.328654885111935,62,4
337.590909090909,208.204545454545,1.43860434770756,32,4
332.430107526882,208.118279569892,-3.04361571490482,67,4
328.645833333333,208,-9.37112860328168,63,4
325.692307692308,207.450549450549,-5.89266638753804,37,4
319.46511627907,207.360465116279,6.84633827675858,79,4
317.989473684211,207.263157894737,6.24860914041157,25,4
313.380952380952,207.07619047619,-8.55966852132585,76,4
308.514851485149,206.70297029703,-6.58266681287177,72,4
305.318181818182,206.238636363636,9.93837180791472,47,4
301.221052631579,206.473684210526,9.56800893260046,65,4
299.111111111111,206.676767676768,7.20144317708421,36,4
294.224489795918,206.908163265306,-1.89735995741463,75,4
288.8125,206.770833333333,17.0336246622267,80,4
286.872340425532,207.117021276596,20.1688660085745,38,4
281.961538461538,208.394230769231,17.1085270979515,72,4
280.038461538462,208.942307692308,13.8212428936221,40,4
274.780952380952,210.057142857143,14.6236234677558,81,4
270.242990654206,211.280373831776,31.2230377158607,82,4
267.888888888889,212.027777777778,28.3197190174231,41,4
263.767676767677,213.757575757576,18.2812038163905,73,4
261.821428571429,214.4375,16.4870464031172,39,4
256.326923076923,215.855769230769,23.2432866566074,84,4
252.366071428571,217.392857142857,34.574112853959,76,4
250.428571428571,218.169642857143,26.8931414468163,36,4
244.556701030928,220.783505154639,15.3513477254172,95,4
243.345454545455,221.072727272727,18.1150450761148,29,4
238.831775700935,222.644859813084,35.2407460525545,81,4
234.761467889908,224.623853211009,30.6333780811111,70,4
232.844660194175,225.388349514563,19.8497833867253,36,4
228.455445544554,226.940594059406,15.3857189542509,76,4
226.177570093458,227.785046728972,23.7304224510539,40,4
222.373831775701,229.317757009346,40.0029029820705,76,4
218.527272727273,231.309090909091,28.8069647371754,73,4
216.294117647059,232.666666666667,20.5304932837545,42,4
213,233.819047619048,27.9436866345032,63,4
210.566037735849,235.396226415094,47.4909954161137,47,4
207.066037735849,238.075471698113,48.3890256264696,72,4
204.089285714286,240.276785714286,35.3680239150064,68,4
201.452631578947,242.084210526316,30.2543219679779,47,4
198.31067961165,244.543689320388,43.3823738055704,62,4
197.207207207207,245.36036036036,48.7124423672796,42,4
194.16814159292,247.964601769911,38.1734584788253,64,4
190.454545454545,250.490909090909,26.7305548040639,77,4
188.098039215686,251.794117647059,30.9655267269465,40,4
184.935185185185,254.037037037037,42.1562995264248,66,4
183.550458715596,255.091743119266,45.077076224212,33,4
180.544715447154,257.008130081301,32.1196332482943,66,4
175.85046728972,259.897196261682,37.8864152967647,84,4
174.4,260.7,39.8720689464073,35,4
171.256637168142,262.893805309734,41.2068091467771,63,4
169.972727272727,263.709090909091,38.5340375176541,29,4
166.321739130435,266.165217391304,28.7326072485481,73,4
162.846153846154,268.634615384615,48.9416447879559,71,4
161.795918367347,269.418367346939,49.479512069966,24,4
159.063157894737,271.936842105263,43.6191766109265,63,4
157.696078431373,273.392156862745,39.3833118634904,37,4
153.604938271605,276.703703703704,42.9481861761536,73,4
151.306818181818,278.931818181818,55.6001095054319,59,4
150.146341463415,279.975609756098,50.9980818960243,22,4
146.811594202899,283.449275362319,29.4338665369956,65,4
145.302631578947,284.75,29.5994659364377,31,4
142.25641025641,287.358974358974,53.3361156368138,56,4
141.19512195122,289.890243902439,68.3587683853565,46,4
141.2375,291.0625,71.1763391336104,22,4
140.986111111111,293.75,74.0935876365196,42,4
