460.261744966443,255.577181208054,-36.3132018206791,NaN,1
460.171232876712,255.452054794521,-36.1477948693573,9,1
460.326530612245,255.52380952381,-36.0068805254041,5,1
460.303448275862,255.489655172414,-35.7691552362837,6,1
460.054794520548,255.219178082192,-36.3517258120224,7,1
460.070422535211,255.105633802817,-34.3540505352287,16,1
460.301369863014,255.657534246575,-41.6358914718984,44,1
461.670157068063,257.670157068063,-51.5314447516512,75,1
461.713615023474,257.342723004695,-51.0745627293007,68,1
458.545918367347,253.852040816327,-52.3360445871759,119,1
456.777251184834,252.255924170616,-37.3951810528506,75,1
454.204651162791,250.879069767442,-28.7978078666218,116,1
451.487562189055,249.36815920398,-34.4461717327046,84,1
449.093023255814,248.111627906977,-38.4577835876573,156,1
441.061452513966,241.653631284916,-21.318205769187,176,1
437.684931506849,240.321917808219,-6.30420972536028,73,1
432.673202614379,239.098039215686,-19.3490684947139,105,1
430.387096774194,238.18064516129,-29.7638417608325,60,1
425.014184397163,235.078014184397,-36.6778804186963,112,1
421.1125,232.3,-27.6216604685616,91,1
419.592105263158,231.243421052632,-25.7062897004934,50,1
415.950354609929,229.127659574468,-29.0355281150373,79,1
414.34693877551,227.748299319728,-37.1498754187447,44,1
411.771428571429,225.428571428571,-44.3687479441543,67,1
409.528985507246,222.884057971014,-48.6738267069984,64,1
408.525547445255,221.722627737226,-48.1877385013481,31,1
406.802816901408,219.408450704225,-40.9207987758398,61,1
406.013605442177,218.625850340136,-37.6314094787778,27,1
405.013698630137,217.424657534247,-33.9366823336766,49,1
403.947368421053,216.368421052632,-35.3188653672807,38,1
403.364285714286,215.878571428571,-36.0832364923744,18,1
401.647482014389,214.258992805755,-42.2507794362471,43,1
400.963503649635,213.613138686131,-48.4029348481352,20,1
399.702290076336,212.267175572519,-52.4351773270493,32,1
398.853846153846,211.176923076923,-49.9694911828487,25,1
398.511450381679,210.725190839695,-48.5127489738199,11,1
397.533834586466,209.87969924812,-45.962439627555,26,1
397.348484848485,209.583333333333,-45.1494420900543,13,1
396.569343065693,208.846715328467,-42.4499426845087,25,1
395.735714285714,208.078571428571,-41.4183955166728,25,1
395.176470588235,207.632352941176,-39.3486519867433,16,1
393.798507462687,206.126865671642,-39.6999213560219,38,1
392.938461538462,205.415384615385,-39.2632973151963,18,1
392.02962962963,204.6,-41.6134723197143,27,1
390.5,203.269230769231,-46.3238303953956,35,1
390.044776119403,202.746268656716,-47.4697694773398,14,1
388.969465648855,201.908396946565,-48.2141816750126,25,1
388.514705882353,201.338235294118,-49.5953877186034,21,1
387.577464788732,200.323943661972,-49.8556471165062,28,1
386.507042253521,199.12676056338,-49.8702669718534,34,1
386.157534246575,198.801369863014,-49.6281394221953,10,1
385.235714285714,197.578571428571,-48.8981322846493,32,1
384.86231884058,197.173913043478,-48.4355961004274,14,1
384.393103448276,196.620689655172,-49.7899093225388,17,1
383.179104477612,195.119402985075,-52.6549911450189,35,1
383.067164179104,194.970149253731,-53.6793960214379,6,1
382.258992805755,193.805755395683,-57.5600680011332,25,1
381.912408759124,193.445255474453,-59.7267330299928,10,1
381.485074626866,192.410447761194,-63.8227586368744,25,1
380.861538461538,191.2,-71.3700892710067,24,1
380.748091603053,191.076335877863,-71.1276224470076,11,1
380.345864661654,189.90977443609,-74.9312728434084,28,1
380.263157894737,189.571428571429,-75.0493161038943,8,1
379.992366412214,188.824427480916,-76.8137194765598,18,1
379.911111111111,188.007407407407,-79.4426515288874,14,1
379.823076923077,187.623076923077,-80.1363931312012,7,1
379.699300699301,186.671328671329,-82.8534893892258,21,1
379.605839416058,186.175182481752,-83.5073828185018,10,1
379.604316546763,185.273381294964,-87.8887707362511,20,1
379.532846715328,184.613138686131,88.2150581022724,24,1
379.514285714286,184.257142857143,86.7814270459138,15,1
379.380281690141,183.619718309859,84.4721241498474,18,1
379.387323943662,183.091549295775,81.9252783419699,16,1
379.524475524476,182.062937062937,78.3858975878509,21,1
379.70802919708,181.29197080292,75.8741853807721,28,1
379.776978417266,180.776978417266,75.7244308956592,8,1
379.964285714286,180.05,74.8266683182333,11,1
379.888888888889,179.777777777778,74.9392712737345,10,1
380.006756756757,179.243243243243,73.6055238244227,12,1
380.151724137931,178.296551724138,73.8457273637086,17,1
380.290780141844,178.191489361702,73.0861043081635,10,1
380.493243243243,177.385135135135,73.1700938034317,15,1
380.727272727273,176.944055944056,73.3521808882535,9,1
380.929577464789,176.098591549296,72.6145010002163,13,1
381.062937062937,175.832167832168,72.5750189694371,5,1
381.142857142857,175.224489795918,72.3068447977305,14,1
381.319727891156,174.931972789116,71.3476141678321,12,1
381.458904109589,174.616438356164,71.6788029949824,9,1
381.668918918919,173.851351351351,71.8187147882531,12,1
381.844594594595,173.337837837838,73.7305703940929,18,1
381.965753424658,172.91095890411,73.9632837640742,10,1
382.201388888889,172.493055555556,74.6856236059675,10,1
382.432624113475,171.950354609929,76.1818373272661,9,1
382.695652173913,171.231884057971,77.9485172726863,19,1
383.177777777778,170.177777777778,79.1795788702054,21,1
383.166666666667,170.188405797101,77.8180416215921,11,1
383.357664233577,169.36496350365,78.0893659559594,19,1
383.43795620438,168.992700729927,77.6489090228686,6,1
383.619402985075,168.126865671642,78.0874423906164,33,1
383.5,167.068493150685,88.0155934196944,42,1
383.423611111111,166.131944444444,-83.7704981128317,38,1
383.078125,162.4609375,-77.7677620146534,72,1
383.042857142857,161.221428571429,-84.0120527516629,30,1
382.911764705882,157.632352941176,82.9807880135475,80,1
382.731884057971,154.413043478261,82.8104196138245,64,1
383.029850746269,153.044776119403,-89.4568424766635,38,1
383.114503816794,149.229007633588,-76.9023867792427,77,1
383.076335877863,147.496183206107,-76.6816133265343,36,1
383.044117647059,145.551470588235,-80.4109989379761,43,1
382.721428571429,143.514285714286,-89.3701221922682,54,1
382.734375,141.3671875,87.9453225881377,36,1
382.617886178862,139.325203252033,-84.0075559587833,39,1
382.435483870968,138.612903225806,-83.1520750038352,19,1
382.077519379845,136.767441860465,-78.1451311213892,43,1
381.8671875,134.5625,-69.7817826276947,43,1
381.8,133.784615384615,-71.5056334168577,22,1
381.556451612903,132.862903225806,-72.1807736116211,32,1
381.132231404959,131.322314049587,-73.9269103656008,29,1
380.809917355372,129.578512396694,-76.7386314169513,34,1
380.593495934959,128.325203252033,-79.3559847241916,30,1
380.294117647059,127.386554621849,-80.475415415839,22,1
379.961832061069,126.290076335878,-79.4581697835556,30,1
379.757575757576,125.477272727273,-79.5777055925839,15,1
379.418032786885,123.573770491803,-77.2079582569881,36,1
379.298387096774,122.604838709677,-76.8576618468081,18,1
379.296,121.72,-77.9452845580505,17,1
379.259842519685,120.188976377953,-82.4359248168479,32,1
379.362204724409,119.811023622047,-82.9277865341454,16,1
379.238805970149,117.940298507463,86.9104085070586,39,1
379.274809160305,116.63358778626,82.8339474464245,37,1
379.325581395349,115.271317829457,77.8106646189524,22,1
379.492307692308,113.7,75.5611436540949,41,1
379.936,112.272,72.8986381752419,23,1
380.162790697674,110.682170542636,74.2960672028248,34,1
380.905797101449,108.007246376812,77.2626033915031,45,1
381.156028368794,106.879432624113,77.2355590938839,27,1
NaN,NaN,NaN,141,1
NaN,NaN,NaN,0,1
NaN,NaN,NaN,0,1
NaN,NaN,NaN,0,1
NaN,NaN,NaN,0,1
NaN,NaN,NaN,0,1
NaN,NaN,NaN,0,1
NaN,NaN,NaN,0,1
NaN,NaN,NaN,0,1
NaN,NaN,NaN,0,1
NaN,NaN,NaN,0,1
NaN,NaN,NaN,0,1
NaN,NaN,NaN,0,1
NaN,NaN,NaN,0,1
447.550561797753,252.64606741573,-19.0827224057295,NaN,2
447.522471910112,252.702247191011,-18.9076224876515,8,2
447.333333333333,252.661111111111,-18.2572697926732,4,2
447.404494382022,252.685393258427,-18.9245864817631,6,2
447.285714285714,252.598901098901,-19.5681406544153,10,2
447.404624277457,252.676300578035,-18.748690246351,11,2
447.474860335196,252.759776536313,-18.5896120762903,8,2
447.335294117647,252.717647058824,-18.8874164028557,11,2
447.342857142857,252.674285714286,-18.1818762808693,9,2
447.35593220339,252.677966101695,-18.5040983188595,2,2
447.485714285714,252.782857142857,-18.5821478333871,10,2
447.242937853107,252.762711864407,-18.6673813268352,8,2
447.351648351648,252.741758241758,-18.1614592297924,7,2
447.342541436464,252.723756906077,-18.3777013494644,5,2
447.279329608939,252.698324022346,-18.2539463981476,6,2
447.168539325843,252.662921348315,-18.2940385927184,3,2
447.403409090909,252.659090909091,-17.5734839105359,12,2
447.267045454545,252.789772727273,-19.2484843169149,12,2
447.201149425287,252.66091954023,-18.3240429076539,6,2
447.534482758621,252.810344827586,-18.9038829065652,8,2
447.35838150289,252.705202312139,-18.6015342439819,5,2
447.519774011299,252.785310734463,-17.9510658748514,6,2
447.218390804598,252.701149425287,-18.4182300111545,11,2
447.398843930636,252.728323699422,-18.5085306746761,9,2
447.388571428571,252.64,-18.1657128457957,14,2
447.375,252.744318181818,-18.7766147389805,11,2
447.595375722543,252.826589595376,-18.7977494141765,11,2
448.204968944099,253.055900621118,-14.1388844572039,48,2
448.203703703704,253.425925925926,-5.73039790489146,43,2
448.361111111111,253.451388888889,29.4273785401863,78,2
448.403846153846,253.423076923077,37.6061153454332,42,2
450.950819672131,251.174863387978,29.6352648263978,119,2
455.120218579235,249.382513661202,15.9063559653392,108,2
457.488636363636,248.829545454545,12.8134475827349,75,2
463.688741721854,247.754966887417,12.8340026938927,121,2
466.283870967742,246.896774193548,23.0301746432558,70,2
471.563636363636,245.490909090909,11.2461983528233,112,2
475.208556149733,244.866310160428,-9.19563468466754,104,2
478.260606060606,245.642424242424,-8.32762946036848,84,2
484.778481012658,246.208860759494,-3.92167483964213,117,2
486.608187134503,246.333333333333,-2.1575132465484,51,2
491.317073170732,246.841463414634,-1.22725401804195,99,2
495.993548387097,247.470967741935,-11.6256919690541,93,2
498.283950617284,247.888888888889,-11.5919312175663,43,2
502.571428571429,248.727272727273,-2.48422287477644,80,2
503.77380952381,248.839285714286,0.877494670161754,32,2
507.386904761905,249.065476190476,10.9876831579216,82,2
511.552795031056,248.403726708075,6.46015032596136,83,2
512.958823529412,248.305882352941,2.23510456874288,39,2
515.918604651163,248.052325581395,-5.12126108626005,64,2
517.710059171598,248.165680473373,-5.42486328345338,41,2
520.993827160494,248.191358024691,4.68482740442824,65,2
523.53164556962,247.848101265823,21.4017416695842,52,2
524.493827160494,247.425925925926,23.8358369629803,36,2
527.213333333333,246.326666666667,29.1624819811155,58,2
528.563291139241,245.487341772152,29.9213585918493,36,2
531.217391304348,243.95652173913,18.9514469026615,63,2
533.269005847953,242.631578947368,13.4830912005893,60,2
534.202380952381,242.083333333333,13.3916224407998,27,2
537.232258064516,241.051612903226,25.4082095388903,63,2
538.04375,240.31875,31.1122949580778,29,2
540.593103448276,238.662068965517,42.2446939633859,61,2
541.960784313726,236.928104575163,41.3934560401423,50,2
542.547945205479,236.547945205479,37.1346266739025,21,2
544.54,234.606666666667,30.575063156148,62,2
545.075471698113,234.150943396226,28.7306097016912,19,2
546.853503184713,232.700636942675,25.2664527342284,54,2
548.389937106918,231.77358490566,28.2735836905543,42,2
549.240506329114,231.310126582278,29.9121423067412,21,2
551.4,229.826666666667,36.813163782482,64,2
552.08,229.273333333333,39.5187141189446,32,2
554.170068027211,227.829931972789,41.5483524887287,57,2
555.924657534247,226.58904109589,38.177976184089,47,2
556.993421052632,225.671052631579,35.3125733793675,34,2
558.459119496855,224.836477987421,30.3753049272282,39,2
559.617834394904,223.834394904459,28.326967778125,38,2
561.733766233766,222.577922077922,25.8861566191303,51,2
563.668789808917,221.273885350318,31.9013239037957,45,2
565.039735099338,220.397350993377,36.7130355667878,32,2
567.177304964539,218.929078014184,41.0113757394299,54,2
568.445255474453,218.036496350365,44.2079926114002,26,2
570.25,216.742857142857,40.5788223855542,41,2
572.111111111111,215.166666666667,33.9277873413068,48,2
572.972027972028,214.65034965035,31.8478063670084,19,2
575.726618705036,212.669064748201,25.9981698711171,58,2
576.304347826087,212.289855072464,28.2906632219418,23,2
578.020547945206,211.184931506849,33.0847210621017,42,2
580.149659863946,209.69387755102,40.238325401214,57,2
581.323741007194,208.705035971223,41.9990547949143,32,2
583.586466165414,207,41.6075702063906,56,2
584.284671532847,206.36496350365,40.8096390695786,20,2
585.414473684211,205.309210526316,35.4504514082775,39,2
587.04,204.186666666667,30.8264719695262,44,2
587.928104575163,203.339869281046,29.0606377592669,25,2
589.675324675325,202.25974025974,29.1210350315574,49,2
590.272727272727,201.902597402597,29.8375316130434,28,2
591.662420382166,200.866242038217,33.2720344793033,41,2
593.601398601399,199.762237762238,39.2362451247719,46,2
594.208633093525,199.309352517986,38.9876088995278,20,2
595.467532467532,198.396103896104,41.793159908528,33,2
596.387755102041,197.578231292517,42.6695840687911,25,2
597.741496598639,196.401360544218,43.3893614106372,40,2
598.973509933775,195.35761589404,42.7644635155381,32,2
599.396103896104,195.045454545455,43.152831117334,23,2
600.546666666667,194.02,41.0115324895955,28,2
600.943037974684,193.645569620253,41.2595445477862,22,2
602.506493506493,192.357142857143,40.434328504739,36,2
603.49375,191.39375,39.4873038558459,30,2
604.23125,190.74375,40.133989716052,22,2
605.160256410256,190.032051282051,39.1017733954424,26,2
605.948387096774,189.329032258065,39.8766067280863,23,2
606.74358974359,188.487179487179,39.5210496034996,25,2
607.61875,187.75625,38.589570440083,26,2
608.044871794872,187.410256410256,40.1550644409871,20,2
609.183544303797,186.417721518987,40.711588212503,30,2
609.56462585034,186.006802721088,39.8995701076121,21,2
610.434210526316,185.368421052632,39.9156690805961,27,2
611.268456375839,184.563758389262,40.1786014181988,23,2
611.766666666667,184.24,40.1668329156872,15,2
612.027586206897,183.896551724138,40.1047016008431,15,2
612.442176870748,183.469387755102,41.201662518247,10,2
613.378378378378,182.844594594595,40.7274800168685,23,2
613.876623376623,182.24025974026,41.1101314639516,24,2
614.4,181.88,41.4508506932827,14,2
615.187096774193,181.012903225806,42.6814581890948,23,2
615.3625,180.9125,42.7222938045607,13,2
615.904458598726,180.509554140127,42.191560010545,17,2
616.658227848101,179.791139240506,42.8799534998531,21,2
616.779874213836,179.735849056604,42.5521456763992,7,2
617.3875,179.15,43.0965638899846,17,2
617.679245283019,178.962264150943,42.7765899651293,13,2
618.367741935484,178.612903225806,42.1291776490145,20,2
618.703703703704,178.203703703704,43.0081401436096,13,2
619.074534161491,177.975155279503,42.3885755429346,15,2
619.544871794872,177.423076923077,43.0848293705379,23,2
619.949367088608,177.151898734177,42.690622183235,10,2
620.447368421053,176.657894736842,43.0220594220545,16,2
621.179487179487,176.012820512821,44.1468663596763,22,2
621.381578947368,175.75,45.1162530786884,16,2
NaN,NaN,NaN,152,2
427.960526315789,243.098684210526,-49.2061263116186,NaN,3
428.355828220859,243.907975460123,-52.6454966775892,19,3
428.694915254237,245.231638418079,-59.0619132467491,16,3
428.841176470588,244.882352941176,-55.802074817725,21,3
429.090395480226,245.022598870056,-54.2606409191645,23,3
429.429378531073,245.146892655367,-53.5637616874606,36,3
428.823863636364,244.994318181818,-61.2706709063289,85,3
428.59217877095,244.480446927374,-65.4283013442447,63,3
427.785087719298,243.561403508772,-68.7497510172002,117,3
424.894444444444,236.394444444444,-57.5960005605445,154,3
422.85593220339,232.703389830508,-35.3100865662827,78,3
420.190082644628,230.04132231405,-51.1012292448387,77,3
418.664122137405,227.954198473282,-67.9071488554279,52,3
416.359154929577,224.908450704225,-61.9147679472527,75,3
414.333333333333,222.194968553459,-50.8330259434032,75,3
413.179310344828,220.668965517241,-47.9021164770981,46,3
410.588652482269,217.510638297872,-49.5703193170739,72,3
409.554794520548,216.22602739726,-54.5275480062921,33,3
407.474074074074,213.288888888889,-63.1606395817806,63,3
406.151515151515,211.340909090909,-58.0508872107965,45,3
405.503546099291,210.482269503546,-51.8088376488771,25,3
404.440298507463,208.701492537313,-36.5191529855981,47,3
403.925675675676,207.952702702703,-36.0290477028542,26,3
402.609271523179,206.715231788079,-36.5349720427668,45,3
400.992907801418,205.099290780142,-42.6423538599187,50,3
400.075187969925,204.375939849624,-48.7097811053243,26,3
398.322314049587,202.02479338843,-66.0230348956807,52,3
397.529914529915,200.529914529915,-72.1007997071703,30,3
397.130769230769,199.723076923077,-68.1496985584224,25,3
396.300751879699,198.330827067669,-62.6448118358866,37,3
396.1171875,197.9921875,-60.8982869270803,15,3
395.365671641791,196.641791044776,-57.1267910704421,42,3
394.864285714286,195.635714285714,-56.6974811884898,26,3
393.798507462687,193.537313432836,-58.0321719697836,50,3
392.776119402985,191.791044776119,-62.586753059574,44,3
392.12,190.824,-69.2809495078472,27,3
391.696721311475,189.385245901639,-71.7811907677328,35,3
391.25,188.403225806452,-75.0765052202786,20,3
390.563492063492,186.515873015873,-80.0528701339568,36,3
390.040322580645,184.790322580645,-82.1059814231863,32,3
389.821138211382,183.967479674797,-81.709789607764,19,3
389.537190082645,182.669421487603,-80.3192282692983,26,3
389.404761904762,181.571428571429,-79.9027245680362,19,3
388.849206349206,179.880952380952,-77.7707902864828,38,3
388.787878787879,178.333333333333,-74.1046920638633,32,3
388.630769230769,177.4,-73.571171062004,20,3
388.285714285714,175.902255639098,-74.2697892269414,35,3
388.231343283582,175.208955223881,-74.6912265077384,13,3
388.153846153846,174.030769230769,-77.8445625782261,24,3
387.863636363636,172.909090909091,-80.5279562321569,26,3
387.811023622047,172.165354330709,-81.591670660111,17,3
387.33064516129,170.129032258065,-86.5431522233654,31,3
387.244094488189,169.661417322835,-86.6010767805213,13,3
387.190476190476,168.071428571429,-84.1393396242768,29,3
386.952755905512,166.952755905512,-82.4038447031868,25,3
386.886363636364,166.265151515152,-80.92898622339,13,3
386.689393939394,164.515151515152,-80.0085463516095,30,3
386.703125,163.6796875,-79.8057674708493,20,3
386.63358778626,162.587786259542,-81.79373853897,21,3
386.598484848485,160.856060606061,-87.0614687036716,27,3
386.783582089552,160.276119402985,-88.9862485383134,24,3
386.732283464567,158.850393700787,84.8352090375367,31,3
386.736434108527,157.899224806202,81.2967769652433,18,3
386.894308943089,156.113821138211,79.0507422644217,32,3
387.188976377953,154.377952755906,78.3477704904778,28,3
387.196850393701,153.952755905512,79.4481400719096,14,3
387.522727272727,152.159090909091,81.975752455484,31,3
387.565891472868,151.503875968992,82.7786459953189,15,3
387.920634920635,149.674603174603,84.8860968763239,29,3
388.368,148.464,82.8293982577494,31,3
388.525925925926,147.755555555556,81.1988421877215,20,3
388.884057971014,146.311594202899,78.3275197551993,27,3
389.138686131387,145.693430656934,75.9027433705349,15,3
389.555555555556,144.585185185185,71.6129675883283,32,3
390.278195488722,142.571428571429,66.4568025676411,38,3
390.448529411765,142.125,65.6010876947677,17,3
391.139534883721,140.744186046512,62.6842946299108,31,3
391.353846153846,140.138461538462,63.5143814652784,19,3
392.385826771654,138.181102362205,64.6605194828626,37,3
392.833333333333,137.18253968254,65.968780104213,23,3
392.992125984252,136.897637795276,65.4414972659923,13,3
393.791044776119,135.514925373134,66.7816766545609,31,3
394.265625,134.5546875,68.0495943012727,18,3
394.744360902256,133.706766917293,67.4918747915452,19,3
395.365671641791,132.828358208955,66.2368870668768,23,3
395.679104477612,132.111940298507,64.5553199850912,16,3
396.197080291971,131.284671532847,62.8839906264776,19,3
396.540740740741,130.651851851852,62.2283743862971,14,3
397.123188405797,129.63768115942,59.735672853661,19,3
397.676258992806,128.856115107914,59.0553672158718,21,3
398.06338028169,128.204225352113,57.8637105266185,15,3
398.591240875912,127.43795620438,57.637022247607,21,3
398.740740740741,127.177777777778,57.1695530059375,8,3
399.306569343066,126.408759124088,56.2107435686664,20,3
400.135714285714,125.285714285714,57.0744996948218,25,3
400.227941176471,125.095588235294,56.4707760707722,8,3
401.155555555556,123.77037037037,57.5008606412482,25,3
401.485294117647,123.426470588235,58.1928598229776,11,3
401.893939393939,122.931818181818,57.7167577533831,14,3
402.518518518519,121.992592592593,58.4719800990147,19,3
402.63768115942,121.702898550725,58.4652950115192,11,3
403.213235294118,121.132352941176,57.8368151574482,18,3
403.708955223881,120.425373134328,58.2861728330138,14,3
404.115107913669,119.906474820144,58.0817118606831,15,3
404.628571428571,119.314285714286,57.8108884348157,15,3
404.676056338028,119.274647887324,57.7407024388656,4,3
405.300699300699,118.174825174825,58.2079878844451,21,3
405.737588652482,117.737588652482,58.0656133506246,12,3
406.251851851852,116.962962962963,57.331220000731,14,3
406.782608695652,116.159420289855,57.1844988730223,19,3
406.881481481482,116.081481481481,57.6565477579432,7,3
407.31654676259,115.553956834532,57.027130476875,14,3
407.632352941176,115.235294117647,56.3231236482814,9,3
408.072463768116,114.746376811594,56.4421651613601,12,3
408.384057971014,114.304347826087,55.7742490717467,10,3
408.624113475177,113.936170212766,56.310095919832,9,3
408.957446808511,113.595744680851,56.4182910472186,12,3
409.084507042254,113.549295774648,55.7399367439349,5,3
409.446808510638,113.113475177305,56.1132596901158,11,3
410.007142857143,112.471428571429,55.2320487132028,19,3
410.047619047619,112.47619047619,55.2928675702646,7,3
410.458333333333,111.930555555556,54.8366084614227,15,3
410.567375886525,111.921985815603,55.8236007550864,11,3
411.119718309859,111.253521126761,53.7887098629441,21,3
411.278571428571,111.1,53.9879701250211,6,3
411.375886524823,111.163120567376,53.4354965046824,11,3
411.805555555556,110.652777777778,53.6440214812263,17,3
411.979020979021,110.41958041958,53.5640099945872,9,3
412.26618705036,110.071942446043,53.5975211288456,14,3
412.634482758621,109.772413793103,52.7442327026582,12,3
412.812080536913,109.597315436242,53.0105730133494,6,3
412.931034482759,109.455172413793,52.4564070098417,8,3
412.979310344828,109.462068965517,52.7104569234345,8,3
NaN,NaN,NaN,145,3
NaN,NaN,NaN,0,3
NaN,NaN,NaN,0,3
NaN,NaN,NaN,0,3
NaN,NaN,NaN,0,3
NaN,NaN,NaN,0,3
NaN,NaN,NaN,0,3
NaN,NaN,NaN,0,3
NaN,NaN,NaN,0,3
NaN,NaN,NaN,0,3
NaN,NaN,NaN,0,3
NaN,NaN,NaN,0,3
NaN,NaN,NaN,0,3
NaN,NaN,NaN,0,3
NaN,NaN,NaN,0,3
NaN,NaN,NaN,0,3
NaN,NaN,NaN,0,3
NaN,NaN,NaN,0,3
NaN,NaN,NaN,0,3
NaN,NaN,NaN,0,3
NaN,NaN,NaN,0,3
NaN,NaN,NaN,0,3
NaN,NaN,NaN,0,3
NaN,NaN,NaN,0,3
NaN,NaN,NaN,0,3
NaN,NaN,NaN,0,3
NaN,NaN,NaN,0,3
NaN,NaN,NaN,0,3
NaN,NaN,NaN,0,3
NaN,NaN,NaN,0,3
NaN,NaN,NaN,0,3
NaN,NaN,NaN,0,3
NaN,NaN,NaN,0,3
NaN,NaN,NaN,0,3
NaN,NaN,NaN,0,3
NaN,NaN,NaN,0,3
NaN,NaN,NaN,0,3
NaN,NaN,NaN,0,3
NaN,NaN,NaN,0,3
NaN,NaN,NaN,0,3
NaN,NaN,NaN,0,3
NaN,NaN,NaN,0,3
NaN,NaN,NaN,0,3
NaN,NaN,NaN,0,3
NaN,NaN,NaN,0,3
NaN,NaN,NaN,0,3
NaN,NaN,NaN,0,3
NaN,NaN,NaN,0,3
NaN,NaN,NaN,0,3
NaN,NaN,NaN,0,3
NaN,NaN,NaN,0,3
NaN,NaN,NaN,0,3
NaN,NaN,NaN,0,3
NaN,NaN,NaN,0,3
NaN,NaN,NaN,0,3
NaN,NaN,NaN,0,3
NaN,NaN,NaN,0,3
NaN,NaN,NaN,0,3
NaN,NaN,NaN,0,3
NaN,NaN,NaN,0,3
NaN,NaN,NaN,0,3
NaN,NaN,NaN,0,3
NaN,NaN,NaN,0,3
NaN,NaN,NaN,0,3
NaN,NaN,NaN,0,3
NaN,NaN,NaN,0,3
NaN,NaN,NaN,0,3
NaN,NaN,NaN,0,3
NaN,NaN,NaN,0,3
NaN,NaN,NaN,0,3
NaN,NaN,NaN,0,3
NaN,NaN,NaN,0,3
NaN,NaN,NaN,0,3
NaN,NaN,NaN,0,3
NaN,NaN,NaN,0,3
NaN,NaN,NaN,0,3
NaN,NaN,NaN,0,3
NaN,NaN,NaN,0,3
NaN,NaN,NaN,0,3
NaN,NaN,NaN,0,3
NaN,NaN,NaN,0,3
NaN,NaN,NaN,0,3
NaN,NaN,NaN,0,3
NaN,NaN,NaN,0,3
NaN,NaN,NaN,0,3
NaN,NaN,NaN,0,3
NaN,NaN,NaN,0,3
NaN,NaN,NaN,0,3
NaN,NaN,NaN,0,3
NaN,NaN,NaN,0,3
NaN,NaN,NaN,0,3
NaN,NaN,NaN,0,3
NaN,NaN,NaN,0,3
NaN,NaN,NaN,0,3
NaN,NaN,NaN,0,3
NaN,NaN,NaN,0,3
NaN,NaN,NaN,0,3
NaN,NaN,NaN,0,3
NaN,NaN,NaN,0,3
NaN,NaN,NaN,0,3
NaN,NaN,NaN,0,3
NaN,NaN,NaN,0,3
NaN,NaN,NaN,0,3
NaN,NaN,NaN,0,3
NaN,NaN,NaN,0,3
NaN,NaN,NaN,0,3
