363.0078125,238.515625,-28.9757079133515,NaN,1
363.134328358209,238.537313432836,-28.8263843451261,12,1
364.137931034483,239.386206896552,-32.9881267899783,21,1
364.735099337748,239.503311258278,-31.1381492203578,26,1
364.791366906475,239.525179856115,-29.8915533675937,26,1
364.466666666667,239.56,-31.1087341224715,31,1
362.482014388489,238.863309352518,-19.4952246657503,63,1
363.484662576687,239.852760736196,-35.3367655915425,34,1
360.536231884058,238.297101449275,-11.7355925851195,79,1
357.460992907801,237.524822695035,-20.3603291221538,73,1
355.328859060403,237.073825503356,-17.6238258067847,46,1
351.264705882353,236.007352941176,-0.829437093928886,91,1
349.716312056738,235.86524822695,1.2293289711967,41,1
346.187050359712,235.863309352518,-11.6721266680149,92,1
341.760869565217,235.304347826087,-9.58678143590225,91,1
339.728571428571,234.778571428571,0.32811387393722,44,1
336.055172413793,234.641379310345,2.19877239290943,69,1
334.469798657718,234.724832214765,-4.01187383308031,38,1
330.288732394366,234.633802816901,-6.55922259019161,83,1
326.708333333333,234.083333333333,4.33400341747554,72,1
325.308219178082,234.061643835616,3.0919389417225,34,1
320.907692307692,234.084615384615,-7.71336317010726,84,1
319.297101449275,233.891304347826,-9.41888213783662,38,1
315.929078014184,233.354609929078,-1.66405349179136,75,1
312.821428571429,233.185714285714,-1.0520772824281,77,1
311.022058823529,233.102941176471,-4.37553235177844,36,1
307.576923076923,232.823076923077,-8.56926570388768,78,1
305.876923076923,232.746153846154,-9.47314496017502,38,1
303.067669172932,231.947368421053,-3.118097867995,67,1
299.842105263158,231.887218045113,-12.1188480246124,60,1
298.328244274809,231.717557251908,-14.2460295189902,34,1
296.134328358209,231.39552238806,-16.4450618101451,55,1
294.721804511278,231.075187969925,-15.9448756298384,35,1
292.414814814815,230.081481481481,-8.13483891708197,58,1
290.71724137931,229.634482758621,-5.46759710371816,46,1
289.413043478261,229.695652173913,-13.1070227034873,39,1
286.881481481482,229.362962962963,-20.3738101267266,49,1
285.788321167883,229.160583941606,-16.6373606803221,24,1
283.765151515152,228.083333333333,-3.29814992898379,53,1
282.051470588235,227.308823529412,-4.27229675878267,42,1
281.067164179104,227.373134328358,-10.1405463991463,26,1
278.566929133858,227.196850393701,-20.3652026333106,55,1
277.301587301587,226.84126984127,-22.2095334089849,27,1
275.56204379562,226.182481751825,-14.9941981267483,53,1
273.236641221374,225.519083969466,-7.33812220842063,64,1
271.7265625,225.1484375,-5.95665420128148,33,1
269.828125,224.8984375,-10.1560756997789,50,1
268.776,224.752,-15.0203596754557,35,1
266.122950819672,224.180327868852,-22.2870125705382,65,1
264.063492063492,223.619047619048,-13.9411376282373,58,1
262.832,223.296,-11.1804287908272,31,1
260.328,222.592,-10.193638362913,60,1
259.443609022556,222.421052631579,-12.5163373122031,34,1
256.915384615385,221.984615384615,-18.7834020034179,65,1
254.131386861314,221.248175182482,-20.9114431417962,73,1
253.098591549296,220.802816901408,-16.4757403343902,31,1
250.340579710145,219.717391304348,-9.28227055317148,70,1
249.291666666667,219.4375,-7.81692776596143,34,1
246.343065693431,219.109489051095,-14.6696319364884,71,1
243.836879432624,218.886524822695,-21.5992237772005,64,1
242.367647058824,218.25,-18.9852016615505,41,1
240.179856115108,217.712230215827,-9.41902314592837,53,1
239.205673758865,217.45390070922,-6.39817093783197,34,1
236.954887218045,216.729323308271,0.960867062188205,62,1
234.602941176471,216.852941176471,-4.40520553120458,61,1
233.7,216.657142857143,-5.12750363488451,28,1
230.761538461538,216.192307692308,-13.6764602007042,66,1
229.676691729323,216.172932330827,-13.024900302334,31,1
227.573529411765,215.757352941176,-4.89852291456911,53,1
225.362962962963,215.237037037037,1.10016237723483,57,1
224.26618705036,215.302158273381,-1.0796583753606,30,1
222.263157894737,215.03007518797,-3.05578616004578,54,1
221.461538461538,215.020979020979,-7.88450966962383,38,1
218.77037037037,214.82962962963,-11.8801672804247,58,1
216.575539568345,214.172661870504,-4.10308486497764,48,1
215.571428571429,214.1,-2.70846573430711,29,1
213.265734265734,213.832167832168,-1.65526749301632,55,1
212.418918918919,213.905405405405,-2.49391001682189,21,1
210.3,214.007142857143,-8.03614942489979,56,1
207.978102189781,213.883211678832,-12.3134969749473,51,1
206.726618705036,213.41726618705,-10.0922469506049,34,1
204.214285714286,212.921428571429,-4.28434525469123,53,1
203.26,212.646666666667,-0.435237523646117,36,1
200.924657534247,212.253424657534,2.18140278725784,60,1
199.084415584416,212.448051948052,-0.616500228424658,60,1
197.228187919463,212.503355704698,-8.36841985440499,37,1
194.756756756757,212.418918918919,-10.3759883991109,55,1
193.959459459459,212.175675675676,-7.87979905821359,28,1
192.192546583851,211.782608695652,-6.48429373067526,43,1
190.25641025641,211.378205128205,2.67764433903407,59,1
189.039473684211,211.440789473684,3.39987535281438,30,1
187.462025316456,211.620253164557,3.49748157397159,48,1
186.660606060606,211.654545454545,2.1040195731706,23,1
184.59872611465,212.031847133758,-3.73950442746524,56,1
182.902597402597,211.902597402597,-2.97801157638737,49,1
182.183544303797,211.848101265823,1.5829769500418,28,1
180.695652173913,211.807453416149,6.17173347707428,35,1
179.573248407643,211.592356687898,10.0779826077175,30,1
177.424460431655,211.812949640288,6.76000724379402,54,1
175.6,212.330769230769,3.13329876576423,41,1
174.940298507463,212.641791044776,0.918512456890361,20,1
172.76,212.632,1.88236267272142,49,1
171.909090909091,212.669421487603,1.79857536390275,24,1
169.389830508475,212.618644067797,5.72387426140083,41,1
166.918918918919,212.693693693694,6.85875269047938,53,1
166.58407079646,212.58407079646,6.63632848443853,26,1
165.01724137931,212.818965517241,5.38997406671691,29,1
163.780701754386,212.859649122807,3.89852781370937,22,1
162.203389830508,213.101694915254,-0.254603002523926,30,1
162.034188034188,213.307692307692,1.1584096076319,27,1
162.252032520325,213.292682926829,1.08206926876969,10,1
160.947826086957,213.121739130435,7.02806726647184,34,1
160.965517241379,213.01724137931,9.79720179281833,13,1
160.991452991453,213.017094017094,8.62520280049973,17,1
161.404958677686,213,8.05220754520568,24,1
161.459677419355,212.814516129032,8.88140269589988,17,1
161.114754098361,212.704918032787,9.32023509186645,16,1
160.942148760331,212.661157024793,9.66606258285248,5,1
161.175,212.683333333333,13.2063445678668,19,1
161.472,212.576,17.2211276264478,23,1
161.809523809524,212.349206349206,16.2443814628398,11,1
NaN,NaN,NaN,126,1
393.32,233.456,13.2876057709465,NaN,2
393.470588235294,233.302521008403,10.9898938968108,6,2
393.454545454545,233.413223140496,12.2025915999583,6,2
393.41935483871,233.362903225806,11.3711288791533,7,2
393.614754098361,233.434426229508,12.1288874406109,8,2
393.572580645161,233.411290322581,11.0859675528108,6,2
393.325581395349,233.410852713178,9.71707691185753,13,2
393.5078125,233.296875,12.2805600038432,11,2
393.364341085271,233.395348837209,10.0659654190667,9,2
393.512,233.28,13.7306887185308,14,2
393.584,233.352,13.5855660564994,4,2
393.385826771654,233.645669291339,10.2314208232463,12,2
393.31746031746,233.388888888889,10.7122502960522,9,2
393.491935483871,233.459677419355,11.8289391704294,4,2
393.5546875,233.3125,11.0024273926047,8,2
393.269230769231,233.315384615385,10.6413403787331,6,2
393.435114503817,233.374045801527,11.0749191438062,5,2
393.417322834646,233.425196850394,13.5505665630431,10,2
393.294573643411,233.480620155039,10.8738652604936,14,2
393.223076923077,233.276923076923,10.2609990740662,9,2
393.404580152672,233.404580152672,13.0112165836411,9,2
393.338582677165,233.377952755906,10.5318396651595,10,2
393.06015037594,233.330827067669,10.6464239136444,14,2
393.292307692308,233.4,11.0443327854989,9,2
393.248,233.504,10.1647640837945,11,2
393.379032258065,233.411290322581,11.1199978328976,5,2
393.448818897638,233.496062992126,10.7189696610709,5,2
393.511811023622,233.51968503937,12.8717384415932,10,2
393.341085271318,233.511627906977,11.7049751678894,8,2
393.636363636364,233.421487603306,12.9610508980295,10,2
393.314516129032,233.475806451613,10.9916621669418,9,2
393.354838709677,233.483870967742,10.5321333340246,4,2
393.491803278689,233.33606557377,11.9130223434845,12,2
393.214285714286,233.619047619048,11.3237675774632,10,2
393.224,233.376,11.6127816172118,11,2
392.187969924812,233.796992481203,10.8378991335818,18,2
391.868613138686,233.664233576642,10.3990121747908,20,2
391.897810218978,233.693430656934,8.90607867638823,22,2
392.368421052632,233.661654135338,8.75033458866788,18,2
392.818181818182,233.575757575758,11.4989250745727,45,2
393.338842975207,233.867768595041,67.4344317991993,55,2
393.828828828829,233.603603603604,68.536987903752,32,2
394.762711864407,231.847457627119,67.3528234766563,53,2
395.093023255814,230.666666666667,61.9945780961093,37,2
396.421428571429,228.421428571429,64.9075263429853,63,2
398.365217391304,224.086956521739,85.3168751380697,83,2
398.745614035088,222.622807017544,82.6505291513161,31,2
399.577586206897,219.896551724138,75.1403897254798,68,2
399.858208955224,217.880597014925,71.4902091795903,56,2
400.733333333333,213.825,73.0921487953828,80,2
402.287037037037,210.5,83.1709581592578,66,2
402.635593220339,209.059322033898,75.1286718065415,30,2
403.5,206.466101694915,63.4361212901169,56,2
403.7578125,205.4765625,64.180006439617,38,2
404.769841269841,202.873015873016,69.005824122813,56,2
406.669642857143,199.258928571429,69.8391702135867,64,2
406.948717948718,198.623931623932,67.7527540151673,25,2
407.860655737705,196.270491803279,62.3225733202357,51,2
408.298387096774,195.362903225806,65.0466706219761,26,2
409.677685950413,192.851239669421,73.3794263497042,55,2
411.04347826087,190.591304347826,70.8107198391119,46,2
411.273504273504,189.700854700855,66.606452265072,22,2
412.198412698413,187.753968253968,56.6318895386636,53,2
412.911290322581,186.540322580645,59.4381842289218,28,2
414.183333333333,184.183333333333,63.4458043355927,52,2
415.815789473684,181.991228070175,59.5290397617669,52,2
416.350877192982,181.026315789474,57.0404829184655,24,2
417.734513274336,179.150442477876,53.0353181987519,49,2
418.288,177.728,65.6142162317777,34,2
419.631578947368,175.052631578947,76.3170202210334,55,2
420.763157894737,172.464912280702,65.8637816250608,52,2
421.117647058824,171.647058823529,62.2294079230685,25,2
422.050847457627,169.796610169492,57.6609969989821,55,2
422.760330578512,168.471074380165,58.5869952096203,35,2
423.80487804878,166.333333333333,64.135523088678,52,2
425.541666666667,163.875,63.8251092035712,55,2
425.882352941176,163.27731092437,59.9844333426539,21,2
427.137931034483,161.362068965517,52.4243904825306,57,2
427.488721804511,160.533834586466,58.5884362200383,39,2
429.316666666667,157.708333333333,67.7498088332829,67,2
431.082568807339,154.706422018349,66.6399042634728,61,2
431.6875,153.803571428571,59.3726413502353,31,2
432.720338983051,152.110169491525,53.2361118958397,54,2
433.154471544715,151.032520325203,52.5194942586534,33,2
435.179487179487,148.692307692308,60.3525142508179,60,2
437.09649122807,146.201754385965,65.9835333676346,57,2
438.054054054054,145.036036036036,60.3802162151247,27,2
439.350427350427,143.42735042735,54.7026640121265,44,2
439.991869918699,142.39837398374,53.6332225625879,24,2
441.598360655738,139.877049180328,55.2037746464372,57,2
442.927419354839,137.701612903226,64.0621258013692,54,2
443.95,136.133333333333,61.523811362353,44,2
445.775862068966,133.844827586207,61.0099413684309,54,2
446.208333333333,133.458333333333,58.210496383327,22,2
447.323076923077,131.684615384615,51.5546009518553,44,2
448.926829268293,129.252032520325,54.1619847596501,51,2
449.656,128.336,59.344588365899,32,2
451.582608695652,125.739130434783,64.6528796982493,64,2
452.473214285714,124.464285714286,64.0806666805951,31,2
453.237704918033,123.55737704918,59.9097671512995,38,2
454.451612903226,121.572580645161,54.735977351206,48,2
455.615384615385,120.025641025641,57.902953468444,35,2
456.904,118.432,64.9290381088196,48,2
457.508064516129,117.354838709677,64.2134859076155,37,2
459.324324324324,114.45045045045,62.7092584023629,59,2
460.388429752066,112.851239669421,56.3007448990675,44,2
460.991452991453,111.786324786325,53.3231458935313,26,2
462.315789473684,109.578947368421,58.435089932937,47,2
462.877192982456,108.429824561404,65.3175426998806,28,2
464.715517241379,106.094827586207,70.0840464109357,58,2
465.915966386555,103.974789915966,57.2784956591353,51,2
466.293650793651,103.373015873016,54.3369643256561,19,2
467.232394366197,100.218309859155,66.2188940305617,60,2
466.206349206349,97.5343915343915,-66.6137322424552,69,2
466.710526315789,95.6315789473684,-41.9881101585262,101,2
468.748792270531,93.3623188405797,-17.1083566103091,99,2
468.986111111111,93.3148148148148,-8.2958843141586,29,2
470.37558685446,92.962441314554,1.54722338561093,67,2
469.821739130435,92.7826086956522,-0.751313385166148,49,2
473.714975845411,93.1449275362319,17.1065509777249,95,2
473.510460251046,93,8.75930173658993,58,2
474.08547008547,92.7991452991453,6.44272265764312,55,2
476.874371859297,92.1859296482412,10.2358436553049,79,2
477.316326530612,92.1275510204082,14.3022129544449,37,2
479.242268041237,91.860824742268,8.18707612457552,64,2
480.519230769231,91.7884615384615,1.73149864481213,50,2
NaN,NaN,NaN,208,2
386.893805309734,221.87610619469,-57.244983178839,NaN,3
386.991071428571,221.982142857143,-58.5086662479906,7,3
386.963302752294,221.926605504587,-58.4417054047521,3,3
387.035398230089,221.884955752212,-58.065349371141,6,3
387.185185185185,222.083333333333,-59.0176935082675,7,3
387.190909090909,222.090909090909,-59.2427608434871,8,3
387.63025210084,222.756302521008,-60.5006573440979,15,3
387.747967479675,222.910569105691,-61.6796395977237,10,3
387.96062992126,222.267716535433,-59.2635559317623,40,3
387.605263157895,220.885964912281,-84.4095100210268,57,3
387.657894736842,220.09649122807,84.5734896512621,34,3
388.009090909091,217.818181818182,79.9148839531687,48,3
388.042016806723,216.613445378151,-88.5135588426014,29,3
388.276923076923,215.269230769231,-80.2251843076584,69,3
387.860869565217,210.078260869565,-85.6216125198649,77,3
387.462962962963,208.472222222222,-88.1066100134233,35,3
387.095238095238,205.32380952381,-77.1863450986626,57,3
386.625,203.765625,-72.5261015741288,37,3
385.221238938053,199.522123893805,-70.1737909573963,79,3
383.966101694915,196.042372881356,-79.0687594064639,65,3
383.512605042017,194.764705882353,-76.226218242438,25,3
382.179487179487,191.726495726496,-64.4728286923645,60,3
381.581395348837,190.077519379845,-61.262174846785,38,3
380.285714285714,187.134920634921,-60.9198390489068,59,3
379.032520325203,184.894308943089,-65.1604545889312,57,3
378.1875,183.714285714286,-66.0737442240453,27,3
376.690265486726,180.893805309735,-58.4762026000771,53,3
376.141732283465,180,-57.0465526472914,28,3
375.1796875,177.9765625,-57.3275364392364,43,3
373.7421875,176,-65.5486750429674,46,3
373.008474576271,174.669491525424,-67.2825679364241,32,3
371.576271186441,172.28813559322,-68.5626421446852,48,3
371.146551724138,171.51724137931,-63.5471460300788,18,3
370.272727272727,169.818181818182,-56.1918441392957,43,3
369.344262295082,167.827868852459,-55.9720965491287,57,3
368.573913043478,166.478260869565,-68.1321733951873,25,3
367.51376146789,164.192660550459,-76.2382594161145,46,3
367.090909090909,163.236363636364,-78.3536140023679,23,3
366.107142857143,160.910714285714,-68.7652891024682,46,3
365.621848739496,159.310924369748,-60.9888152441722,51,3
365.296610169492,158.466101694915,-60.2476181036603,27,3
364.365217391304,156.121739130435,-66.6330707161206,53,3
364.075,155.341666666667,-71.6560622968605,23,3
362.882352941176,152.798319327731,-76.8759312449389,55,3
361.81512605042,150.201680672269,-74.0587271962318,56,3
361.693693693694,149.162162162162,-62.2310749743342,28,3
360.928571428571,146.776785714286,-64.6826107000846,57,3
360.801587301587,146.214285714286,-67.3040329712943,28,3
359.900826446281,143.842975206612,-78.1242845519019,63,3
359.109090909091,140.836363636364,-82.7814507465903,61,3
358.880733944954,139.963302752294,-81.995155699506,25,3
358.401869158879,137.570093457944,-74.1687418478611,42,3
358,136.076271186441,-71.3172055233406,31,3
357.735042735043,133.880341880342,-71.0311918346579,47,3
357.304,131.928,-81.2058711079993,56,3
357.117117117117,130.495495495496,-82.3917952160721,32,3
356.367924528302,127.632075471698,-87.4770582916246,57,3
356.12037037037,125.907407407407,-84.1189829784602,32,3
355.605263157895,124.122807017544,-73.4534550397405,42,3
355.184210526316,121.605263157895,-70.7601118180879,56,3
355.017543859649,120.640350877193,-74.479083904936,22,3
354.686956521739,118.539130434783,-78.8852477585742,47,3
354.26724137931,117.01724137931,-81.622409451298,31,3
353.62037037037,113.907407407407,-83.1568117825264,52,3
353.204918032787,112.459016393443,-78.7092314621828,40,3
353.035398230089,111.628318584071,-72.4942017417366,17,3
352.696428571429,108.705357142857,-76.5167424289204,51,3
352.594827586207,107.637931034483,-79.0005955966262,20,3
NaN,NaN,NaN,116,3
NaN,NaN,NaN,0,3
NaN,NaN,NaN,0,3
NaN,NaN,NaN,0,3
NaN,NaN,NaN,0,3
NaN,NaN,NaN,0,3
NaN,NaN,NaN,0,3
NaN,NaN,NaN,0,3
NaN,NaN,NaN,0,3
NaN,NaN,NaN,0,3
NaN,NaN,NaN,0,3
NaN,NaN,NaN,0,3
NaN,NaN,NaN,0,3
NaN,NaN,NaN,0,3
NaN,NaN,NaN,0,3
NaN,NaN,NaN,0,3
NaN,NaN,NaN,0,3
NaN,NaN,NaN,0,3
NaN,NaN,NaN,0,3
NaN,NaN,NaN,0,3
NaN,NaN,NaN,0,3
NaN,NaN,NaN,0,3
NaN,NaN,NaN,0,3
382.834645669291,246.842519685039,-33.0357030873033,NaN,4
382.984,246.888,-32.7479134491046,6,4
382.25,246.356060606061,-31.1678915521957,13,4
383.379310344828,247.094827586207,-34.5247367381465,16,4
382.461538461538,246.546153846154,-34.8960781945608,20,4
382.205882352941,246.382352941176,-35.4721154120574,16,4
383.706422018349,247.954128440367,-45.3776506097677,51,4
383.713043478261,248.495652173913,-83.2098746894097,60,4
384.03738317757,250.028037383178,-85.084373981305,30,4
384.711711711712,252.567567567568,-75.9723837340521,48,4
385.227642276423,254.138211382114,-71.3535003691717,34,4
385.763157894737,257.614035087719,-72.8557275308529,61,4
386.172131147541,259.877049180328,-81.8110603610497,56,4
386.733944954128,262.119266055046,-83.1556335853123,35,4
387.480769230769,266.163461538462,-71.6208938375259,67,4
387.837837837838,268,-74.3109529458198,37,4
388.126050420168,271.117647058824,-86.1695209537538,54,4
388.780701754386,275.035087719298,87.5513158007674,65,4
388.88785046729,275.859813084112,-87.8117571870188,23,4
389.018691588785,279.728971962617,-80.4461621219458,62,4
389.118181818182,281.672727272727,-82.4079366140304,31,4
389.430894308943,283.975609756098,-86.1188385633834,45,4
390.184210526316,287.631578947368,-86.1196976883313,61,4
390.076923076923,288.721153846154,-75.7976916658882,28,4
390.319672131148,291.352459016393,-75.2794252126974,56,4
390.260162601626,292.260162601626,-74.9232018206239,29,4
390.647540983607,295.024590163934,-82.5377010274997,49,4
391.01724137931,297.956896551724,-85.6401611014663,50,4
391.036036036036,299.252252252252,-81.2086080014278,23,4
391.016949152542,301.194915254237,-76.6707777675518,41,4
391.078947368421,302.394736842105,-76.9622481293714,26,4
391.104347826087,304.226086956522,-83.2929064246487,39,4
391.45045045045,307.252252252252,85.7869901015186,52,4
391.514018691589,308.663551401869,88.8510137529915,24,4
391.722222222222,310.287037037037,-81.0550162580032,39,4
391.716814159292,311.070796460177,-78.2359303082798,25,4
392.038095238095,313.542857142857,-79.1913047583292,46,4
392.168224299065,316.177570093458,-89.3810248556395,44,4
392.280373831776,316.271028037383,88.0779426335907,22,4
392.389830508475,318.830508474576,89.045551459843,55,4
392.386554621849,319.932773109244,-88.070169674502,33,4
392.335877862595,321.519083969466,-78.7587641881091,52,4
392.560344827586,324.853448275862,-80.8825235478956,63,4
392.651785714286,325.714285714286,-85.0125227183132,32,4
392.731092436975,327.201680672269,87.9478911881703,55,4
392.65625,328.984375,84.9135972292936,41,4
392.515873015873,331.730158730159,87.9380319192936,70,4
392.090909090909,334.446280991736,-84.0026895987537,63,4
391.936936936937,336.792792792793,-84.9603021441449,46,4
391.973684210526,338.947368421053,89.059687277152,53,4
392,339.434426229508,82.6498471930508,36,4
391.260162601626,341.691056910569,81.5695662520456,67,4
391.28813559322,344.542372881356,78.3627280984239,71,4
390.881818181818,345.609090909091,84.0052586825483,26,4
390.291262135922,349.106796116505,-89.8065238941628,67,4
390.134020618557,351.381443298969,87.3156578608332,34,4
389.706422018349,352.770642201835,79.5457038416872,40,4
389.427272727273,355.1,73.758278292389,47,4
389.087378640777,356.300970873786,72.0585711667017,27,4
388.660377358491,358.11320754717,83.3701745379599,41,4
388.623853211009,359.752293577982,89.1746053964908,29,4
388.166666666667,362.989583333333,-85.5581212743759,49,4
387.904761904762,364.933333333333,80.5010401166439,41,4
387.764150943396,365.679245283019,79.1436935717301,25,4
387.313131313131,368.565656565657,70.0992741400975,51,4
387.050505050505,369.79797979798,78.9468861404739,24,4
386.918181818182,371.036363636364,83.5224360948904,29,4
386.5,373.795918367347,89.3398060386984,48,4
386.31914893617,375.13829787234,87.2862360376119,22,4
386.029126213592,376.699029126214,78.0128077364203,35,4
NaN,NaN,NaN,103,4
NaN,NaN,NaN,0,4
NaN,NaN,NaN,0,4
NaN,NaN,NaN,0,4
NaN,NaN,NaN,0,4
NaN,NaN,NaN,0,4
NaN,NaN,NaN,0,4
NaN,NaN,NaN,0,4
NaN,NaN,NaN,0,4
NaN,NaN,NaN,0,4
NaN,NaN,NaN,0,4
NaN,NaN,NaN,0,4
NaN,NaN,NaN,0,4
NaN,NaN,NaN,0,4
