382.920903954802,245.209039548023,44.5699141599874,NaN,1
382.988700564972,245.169491525424,44.7710007955984,4,1
383.033707865169,245.123595505618,44.705403816185,3,1
383.123595505618,245.067415730337,44.8242545510739,4,1
383.245810055866,245.016759776536,44.5294374209998,3,1
382.972067039106,245.245810055866,44.2372633391714,10,1
382.977272727273,245.295454545455,44.4936460336586,7,1
383.224719101124,245.056179775281,44.1816605098746,8,1
383.107344632768,245.118644067797,44.3963447470578,7,1
383.062146892655,245.124293785311,44.6791590024405,4,1
383.142045454545,245.090909090909,44.5959158145846,5,1
383.063218390805,245.189655172414,44.5997029032276,2,1
383.068181818182,245.176136363636,44.1892611236916,2,1
382.902857142857,245.234285714286,43.8850247777808,7,1
383,245.24,44.222913939446,6,1
382.893854748603,245.357541899441,44.4199893558438,6,1
383.079096045198,245.214689265537,44.5433191067169,6,1
383.173184357542,245.08938547486,44.6506720927472,8,1
383.169491525424,245.146892655367,44.5543823041666,2,1
383.146892655367,245.129943502825,44.129092122686,6,1
383.103448275862,245.235632183908,43.9517180422929,5,1
383.100558659218,245.150837988827,44.0160618580825,7,1
383.239130434783,244.95652173913,44.3731026399947,13,1
383.03743315508,244.930481283422,44.3335265448147,15,1
382.627118644068,245.853107344633,39.3946979874119,56,1
381.674556213018,246.810650887574,25.5531808645417,70,1
380.264900662252,247.41059602649,25.0872700521251,44,1
378.807692307692,247.833333333333,17.9863742378325,57,1
378.23602484472,248.093167701863,-0.736818265811064,33,1
377.590277777778,248.013888888889,-63.4121598860501,87,1
375.068181818182,245.075757575758,-70.0996550697954,94,1
374.642201834862,243.302752293578,-51.0751740877201,49,1
374.076923076923,241.184615384615,-30.0339669350809,74,1
375.631578947368,241.263157894737,-35.2037512202397,29,1
NaN,NaN,NaN,38,1
NaN,NaN,NaN,0,1
NaN,NaN,NaN,0,1
NaN,NaN,NaN,0,1
NaN,NaN,NaN,0,1
NaN,NaN,NaN,0,1
NaN,NaN,NaN,0,1
NaN,NaN,NaN,0,1
NaN,NaN,NaN,0,1
NaN,NaN,NaN,0,1
NaN,NaN,NaN,0,1
NaN,NaN,NaN,0,1
NaN,NaN,NaN,0,1
NaN,NaN,NaN,0,1
NaN,NaN,NaN,0,1
NaN,NaN,NaN,0,1
NaN,NaN,NaN,0,1
NaN,NaN,NaN,0,1
NaN,NaN,NaN,0,1
NaN,NaN,NaN,0,1
NaN,NaN,NaN,0,1
NaN,NaN,NaN,0,1
NaN,NaN,NaN,0,1
NaN,NaN,NaN,0,1
NaN,NaN,NaN,0,1
NaN,NaN,NaN,0,1
NaN,NaN,NaN,0,1
NaN,NaN,NaN,0,1
NaN,NaN,NaN,0,1
NaN,NaN,NaN,0,1
NaN,NaN,NaN,0,1
NaN,NaN,NaN,0,1
NaN,NaN,NaN,0,1
NaN,NaN,NaN,0,1
NaN,NaN,NaN,0,1
NaN,NaN,NaN,0,1
NaN,NaN,NaN,0,1
NaN,NaN,NaN,0,1
NaN,NaN,NaN,0,1
NaN,NaN,NaN,0,1
NaN,NaN,NaN,0,1
NaN,NaN,NaN,0,1
NaN,NaN,NaN,0,1
NaN,NaN,NaN,0,1
NaN,NaN,NaN,0,1
NaN,NaN,NaN,0,1
NaN,NaN,NaN,0,1
NaN,NaN,NaN,0,1
NaN,NaN,NaN,0,1
NaN,NaN,NaN,0,1
NaN,NaN,NaN,0,1
NaN,NaN,NaN,0,1
NaN,NaN,NaN,0,1
NaN,NaN,NaN,0,1
NaN,NaN,NaN,0,1
NaN,NaN,NaN,0,1
NaN,NaN,NaN,0,1
NaN,NaN,NaN,0,1
NaN,NaN,NaN,0,1
NaN,NaN,NaN,0,1
NaN,NaN,NaN,0,1
NaN,NaN,NaN,0,1
NaN,NaN,NaN,0,1
NaN,NaN,NaN,0,1
393.211956521739,246.70652173913,-15.2779023752326,NaN,2
393.28813559322,246.853107344633,-14.8219638348818,9,2
393.331460674157,246.769662921348,-14.9371961902833,11,2
393.180327868852,246.710382513661,-15.0482287562865,7,2
393.185792349727,246.639344262295,-15.1917949071578,6,2
393.396739130435,246.657608695652,-15.0735970314114,5,2
393.403314917127,246.674033149171,-15.0803621677078,5,2
393.444444444444,246.75,-14.8353011079293,5,2
393.314917127072,246.723756906077,-14.8378104811209,9,2
393.092391304348,246.641304347826,-15.2551441736617,9,2
393.142105263158,246.568421052632,-15.1702589630001,6,2
393.284916201117,246.765363128492,-14.972152023223,13,2
393.288043478261,246.657608695652,-14.6121277098487,9,2
393.480662983425,246.662983425414,-15.3298628141412,5,2
393.417582417582,246.675824175824,-15.0025573926852,5,2
393.307262569832,246.659217877095,-15.7793735078267,9,2
393.2,246.677777777778,-15.5487002657456,7,2
393.338888888889,246.666666666667,-15.9393896578215,14,2
393.38202247191,246.657303370787,-15.8340732032651,10,2
393.25,246.65,-15.1332540674156,10,2
393.269230769231,246.681318681319,-15.2639636824833,6,2
393.121546961326,246.718232044199,-15.0708455704124,5,2
392.235602094241,246.523560209424,-13.1973685374949,16,2
391.608910891089,246.415841584158,-12.5870135109469,19,2
391.974226804124,246.273195876289,-14.6721603612413,26,2
394.462765957447,245.968085106383,-22.8577121100774,84,2
389.277777777778,240.611111111111,9.13790533066599,61,2
400.493055555556,249.027777777778,-37.4139250835962,91,2
400.898648648649,248.804054054054,-50.7721060113784,24,2
401.958823529412,249.747058823529,-32.5498737168053,48,2
403.347058823529,251.758823529412,-28.0752588763266,86,2
404.858108108108,252.668918918919,-28.529824929572,40,2
407.011764705882,254.617647058824,-61.1396324987067,84,2
407.588235294118,255.4,-82.2958521532267,44,2
407.455128205128,259.038461538462,74.1614260422969,112,2
406.683823529412,263.25,65.5343056398483,100,2
405.281481481481,265.511111111111,59.1827494363081,39,2
403.962686567164,267.731343283582,28.7533694057184,61,2
403.472222222222,268.5625,3.57091393623437,40,2
399.605633802817,268.753521126761,-26.4528716329624,110,2
395.896551724138,267.385057471264,-19.0360859924994,78,2
394.255952380952,266.5,-17.7168359483711,48,2
391.171779141104,265.650306748466,-23.2128788740129,77,2
389.262195121951,264.548780487805,-43.6486390458074,53,2
386.388888888889,261.222222222222,-76.1217343686235,112,2
384.61875,255.98125,-66.4036076891454,106,2
384.37323943662,254.197183098592,-52.6796899724277,46,2
383.297709923664,251.854961832061,-49.1548034048262,61,2
382.570175438596,250.912280701754,-52.4345686300373,29,2
380.961538461538,249.903846153846,-85.1610840667578,72,2
NaN,NaN,NaN,52,2
NaN,NaN,NaN,0,2
NaN,NaN,NaN,0,2
NaN,NaN,NaN,0,2
NaN,NaN,NaN,0,2
NaN,NaN,NaN,0,2
NaN,NaN,NaN,0,2
NaN,NaN,NaN,0,2
NaN,NaN,NaN,0,2
NaN,NaN,NaN,0,2
NaN,NaN,NaN,0,2
NaN,NaN,NaN,0,2
NaN,NaN,NaN,0,2
NaN,NaN,NaN,0,2
NaN,NaN,NaN,0,2
NaN,NaN,NaN,0,2
NaN,NaN,NaN,0,2
NaN,NaN,NaN,0,2
NaN,NaN,NaN,0,2
NaN,NaN,NaN,0,2
NaN,NaN,NaN,0,2
NaN,NaN,NaN,0,2
NaN,NaN,NaN,0,2
NaN,NaN,NaN,0,2
NaN,NaN,NaN,0,2
NaN,NaN,NaN,0,2
NaN,NaN,NaN,0,2
NaN,NaN,NaN,0,2
NaN,NaN,NaN,0,2
NaN,NaN,NaN,0,2
NaN,NaN,NaN,0,2
NaN,NaN,NaN,0,2
NaN,NaN,NaN,0,2
NaN,NaN,NaN,0,2
NaN,NaN,NaN,0,2
NaN,NaN,NaN,0,2
NaN,NaN,NaN,0,2
NaN,NaN,NaN,0,2
NaN,NaN,NaN,0,2
NaN,NaN,NaN,0,2
NaN,NaN,NaN,0,2
NaN,NaN,NaN,0,2
NaN,NaN,NaN,0,2
NaN,NaN,NaN,0,2
NaN,NaN,NaN,0,2
NaN,NaN,NaN,0,2
NaN,NaN,NaN,0,2
NaN,NaN,NaN,0,2
NaN,NaN,NaN,0,2
NaN,NaN,NaN,0,2
NaN,NaN,NaN,0,2
NaN,NaN,NaN,0,2
NaN,NaN,NaN,0,2
NaN,NaN,NaN,0,2
NaN,NaN,NaN,0,2
NaN,NaN,NaN,0,2
NaN,NaN,NaN,0,2
NaN,NaN,NaN,0,2
NaN,NaN,NaN,0,2
NaN,NaN,NaN,0,2
NaN,NaN,NaN,0,2
NaN,NaN,NaN,0,2
NaN,NaN,NaN,0,2
NaN,NaN,NaN,0,2
NaN,NaN,NaN,0,2
NaN,NaN,NaN,0,2
NaN,NaN,NaN,0,2
NaN,NaN,NaN,0,2
NaN,NaN,NaN,0,2
NaN,NaN,NaN,0,2
NaN,NaN,NaN,0,2
NaN,NaN,NaN,0,2
NaN,NaN,NaN,0,2
NaN,NaN,NaN,0,2
NaN,NaN,NaN,0,2
413.11811023622,239.889763779528,88.419757562223,NaN,3
413.082089552239,240.074626865672,89.2967243248692,7,3
412.977272727273,239.939393939394,89.0396558626388,8,3
412.984615384615,239.769230769231,88.8170460141494,6,3
413.100775193798,240,88.5949853937985,5,3
412.9921875,239.75,88.7783259234311,7,3
413.024,239.832,88.6611205953125,3,3
413.030769230769,239.815384615385,88.7690574904822,5,3
413.015503875969,239.790697674419,88.7010947434011,5,3
412.984615384615,239.746153846154,88.949951481425,3,3
412.954198473282,239.725190839695,89.0641748942623,1,3
413.015384615385,239.861538461538,89.1556129239658,3,3
412.954887218045,239.812030075188,88.9764333859591,5,3
413,239.770992366412,89.0204442935515,2,3
412.954887218045,240.082706766917,89.0820696019848,8,3
412.969696969697,239.780303030303,89.0958141323458,11,3
413.046875,239.859375,88.5148595705626,4,3
413.071428571429,239.904761904762,88.1302237498161,4,3
413.056451612903,239.870967741935,88.4503060588927,2,3
413.038167938931,239.793893129771,89.2961733704341,7,3
413.093023255814,239.651162790698,89.6043786488908,6,3
412.875,240.480263157895,89.5979941092871,29,3
413.353333333333,239.56,-81.7576897122363,70,3
413.883870967742,239.709677419355,-68.3449516985042,41,3
413.825842696629,239.061797752809,-44.1140406763523,79,3
411.14371257485,237.556886227545,-39.1562610891638,79,3
410.816568047337,237.384615384615,-26.0090987314559,38,3
409.344444444444,237.361111111111,9.75472355341522,81,3
409.264248704663,237.637305699482,11.268691926645,35,3
405.883838383838,239.277777777778,20.0868016819399,139,3
401.73,240.73,-13.473080420731,126,3
399.46192893401,240.649746192893,-19.4150228304783,65,3
397.005586592179,241.402234636871,-9.79404440108964,98,3
393.894409937888,241.614906832298,-9.35821313588731,76,3
389.093959731544,241.442953020134,-0.0582268414622337,102,3
383.422535211268,241.739436619718,-10.7167006325879,113,3
380.485074626866,241.932835820896,-20.7516543151151,60,3
377.362416107383,241.892617449664,-11.7350309230053,71,3
375.651898734177,241.544303797468,-5.12898165139699,45,3
371.42,241.326666666667,16.8497749843044,94,3
367.948717948718,241.782051282051,10.1726087725956,74,3
365.421052631579,242.289473684211,0.656911572568861,58,3
360.606060606061,242,-3.79773155613523,87,3
358.323170731707,242.085365853659,-0.611030910566207,59,3
354.337142857143,242.331428571429,12.1246227763998,77,3
348.670967741935,243.361290322581,15.9738197232104,112,3
346.693251533742,243.840490797546,9.70799091466069,38,3
342.168674698795,244.740963855422,1.7917008968902,95,3
339.953216374269,244.941520467836,-0.442897797903918,47,3
335.993975903614,245.253012048193,12.621380029404,95,3
330.76582278481,246.639240506329,25.0823532270366,106,3
328.961290322581,247.4,18.2252489867654,39,3
325.116564417178,248.374233128834,2.69920279067987,88,3
322.975460122699,248.539877300613,-2.811407486644,54,3
318.540880503145,248.446540880503,4.2569825852936,86,3
314.283870967742,248.329032258065,12.5450749432566,82,3
312.135135135135,248.506756756757,7.54278073430303,45,3
308.490566037736,248.433962264151,-6.84640090687724,71,3
306.294117647059,248.450980392157,-15.7038151493916,50,3
301.856164383562,247.664383561644,-12.4554793463771,85,3
298.21935483871,247.038709677419,-1.24344365584873,73,3
295.107142857143,246.685714285714,4.18879992162005,65,3
291.940789473684,246.532894736842,-5.58240615565737,64,3
290.097402597403,246.415584415584,-12.1142531372808,38,3
285.335526315789,245.986842105263,-15.819221145409,86,3
281.920245398773,245.208588957055,-2.03615163714411,75,3
279.298013245033,244.933774834437,7.09365896387365,54,3
275.447368421053,245.164473684211,0.357464241789641,79,3
273.559210526316,245.177631578947,-8.08622326064749,42,3
269.893081761006,244.842767295597,-21.67571961805,87,3
265.047945205479,243.417808219178,-20.391672729948,91,3
263.539393939394,242.963636363636,-12.1470653278189,35,3
259.951515151515,242.109090909091,1.18047849018143,84,3
258.432748538012,242.035087719298,-0.981888135857569,40,3
254.2,241.884848484848,-14.2438029228939,86,3
249.781456953642,241.370860927152,-23.874320980091,86,3
247.857142857143,240.75974025974,-19.3610073036197,39,3
244.61875,239.99375,-8.19953235815811,70,3
243.223529411765,239.852941176471,-2.00200739278787,38,3
239.290909090909,239.945454545455,2.65136744454395,89,3
235.16149068323,240.173913043478,-10.6220587372941,82,3
233.329341317365,240.071856287425,-12.243203017953,38,3
229.552147239264,239.723926380368,-9.58410055664334,82,3
227.586419753086,239.240740740741,-4.28079037316922,43,3
224.366279069767,238.877906976744,7.72510028726264,74,3
219.896774193548,239.374193548387,0.621065858982265,93,3
218.132911392405,239.917721518987,-9.95143454873927,47,3
214.736196319018,239.257668711656,-14.8326537076775,79,3
212.725609756098,239.121951219512,-17.7482175025447,47,3
209.916666666667,238.383333333333,-9.99601431690001,66,3
206.144385026738,237.802139037433,-0.93044697607401,87,3
204.359116022099,237.762430939227,-3.50105396809533,38,3
200.075581395349,237.31976744186,-24.015941953231,97,3
198.658959537572,236.942196531792,-28.4153097735362,39,3
194.584337349398,235.746987951807,-20.7982106539013,89,3
191.779005524862,234.657458563536,-10.9208172594251,63,3
189.662983425414,234.127071823204,-8.64629126729303,50,3
186.11797752809,233.550561797753,-15.8053807144289,77,3
184.679775280899,233.483146067416,-23.1089101957242,48,3
180.7,232.311764705882,-32.4924264822406,90,3
177.8,231.244444444444,-25.2261964962855,66,3
176.175531914894,230.446808510638,-16.3873465284844,48,3
173.551546391753,229.974226804124,-10.0461351258405,64,3
171.210526315789,229.305263157895,-14.0795145986647,58,3
167.846534653465,228.782178217822,-34.1739987183912,90,3
164.787564766839,228.227979274611,-34.1787604192883,85,3
163.096256684492,227.465240641711,-26.8761884917206,46,3
160.177664974619,226.360406091371,-14.9829330934708,74,3
158.87,226.055,-11.1811579665306,35,3
155.594871794872,225.584615384615,-13.3632399209094,79,3
151.901098901099,225.554945054945,-28.7850078176182,97,3
150.14201183432,225.059171597633,-28.0191668872201,53,3
146.319727891156,223.843537414966,-23.5672957015697,84,3
144.802816901408,223.295774647887,-19.616726780607,37,3
141.928057553957,222.287769784173,-14.6309152667164,65,3
138.716666666667,221.241666666667,-24.3170165975945,55,3
137.522522522523,221.153153153153,-37.8980109371435,29,3
136.456140350877,220.078947368421,-50.9561257180477,51,3
136.153225806452,219.298387096774,-54.8409467908409,28,3
135.60162601626,217.569105691057,-66.1796951489638,57,3
135.518248175182,215.963503649635,-69.7315032157597,44,3
135.286821705426,214.751937984496,-71.8063062950386,26,3
134.611570247934,212.289256198347,-78.7605954786027,42,3
134.390243902439,211.19512195122,-84.015628294724,18,3
134.127819548872,208.812030075188,89.9589191791461,48,3
134,205.771653543307,-84.4418376949296,62,3
134.181818181818,203.69696969697,-76.2625956990218,36,3
134.454545454545,201.646464646465,-69.9446418445273,48,3
134.684210526316,200.517543859649,-72.7783290042564,33,3
135.040983606557,199.704918032787,-83.1070152752591,48,3
134.645161290323,198.016129032258,-88.0810991538932,62,3
134.491071428571,196.142857142857,-87.0975656424467,28,3
134.610619469027,194.29203539823,-82.066058009359,35,3
134.771186440678,193.296610169492,-76.0362978603021,23,3
134.834645669291,192.377952755906,-77.0883859720631,43,3
134.734375,191.1875,-83.4707421194022,47,3
NaN,NaN,NaN,128,3
409.022388059701,238.84328358209,57.7952320809479,NaN,4
409.139705882353,238.691176470588,57.822891983268,4,4
409.067669172932,238.842105263158,57.8254085336989,5,4
409.218045112782,238.563909774436,57.1553481707603,4,4
409.210144927536,238.594202898551,57.7599948665861,5,4
408.453416149068,239.72049689441,58.3654159997913,37,4
409.617834394904,238.299363057325,56.3524962717695,72,4
409.918238993711,237.591194968553,68.6704249013273,44,4
410.075471698113,235.603773584906,-89.7019930343711,82,4
409.798742138365,233.893081761006,-85.4273989031859,52,4
408.428571428571,230.891428571429,-62.1263105657518,84,4
406.994736842105,229.8,-34.2204031289719,91,4
405.760869565217,228.929347826087,-24.7556545871412,48,4
402.566666666667,227.2,-29.3172416834535,98,4
401.309941520468,226.719298245614,-37.462260344927,39,4
398.406015037594,224.556390977444,-58.5796246922019,84,4
396.644736842105,222.453947368421,88.62723593511,103,4
395.784615384615,220.861538461538,82.2931812839776,52,4
394.492537313433,217.126865671642,64.8970454920688,104,4
393.807142857143,216.378571428571,58.3761897038928,42,4
393.406896551724,213.572413793103,41.2968898145833,111,4
395.248407643312,209.783439490446,29.1539141816597,108,4
396.75,208.342105263158,24.1972164349713,45,4
398.811594202899,207.18115942029,24.5062230994666,74,4
399.866197183099,206.654929577465,30.2341136037088,34,4
401.659722222222,205.729166666667,33.4520080121347,50,4
405.442857142857,203.321428571429,41.7995916974642,78,4
406.943661971831,201.661971830986,36.2794261899636,54,4
408.932835820896,199.34328358209,19.8650890867421,74,4
410.101265822785,198.405063291139,23.4043251710702,44,4
412.086419753086,196.808641975309,29.6011998260925,62,4
415.877551020408,194.156462585034,50.7491135679607,81,4
417.848484848485,192.606060606061,50.3816564195832,47,4
421.088235294118,189.198529411765,44.7742665378416,78,4
422.408450704225,188.084507042254,36.7332957880865,38,4
425.204081632653,185.795918367347,24.7585293704082,89,4
428.310344827586,183.593103448276,27.1903769324733,80,4
429.69465648855,182.984732824427,32.9629456140787,42,4
432.676258992806,180.294964028777,39.9005688787533,86,4
434.62015503876,178.976744186047,43.0982978885285,38,4
436.845161290323,177.38064516129,33.6771423525942,68,4
440.561643835616,174.849315068493,27.4061097583541,87,4
442.198529411765,173.639705882353,28.7328891405792,44,4
444.244444444444,172.2,45.6148608636343,67,4
445.962406015038,170.203007518797,53.0872606994687,56,4
449.271317829457,166.821705426357,50.1334279464691,78,4
451.472972972973,165.168918918919,33.8443064032902,59,4
452.935714285714,164.05,23.6491077482126,40,4
456.089552238806,162.365671641791,23.0538056005129,72,4
457.727891156463,160.863945578231,36.1576515016223,47,4
459.868965517241,158.786206896552,48.8727013993344,64,4
462.688405797101,155.869565217391,53.222742375774,83,4
464.459259259259,153.82962962963,40.7585382028876,45,4
466.344827586207,152.075862068966,27.0439463562866,60,4
467.622641509434,151.081761006289,27.7259037847703,40,4
471.493333333333,148.646666666667,35.5921831762894,87,4
473.516339869281,146.699346405229,53.0734408889563,69,4
474.887323943662,145.035211267606,54.5319892742082,41,4
477.540145985401,141.686131386861,53.9691876462653,77,4
478.825174825175,140.055944055944,50.8329602426699,42,4
481.153333333333,137.653333333333,35.8966782321917,61,4
483.907284768212,135.324503311258,35.0700283535191,67,4
485.020833333333,134.333333333333,37.2649001025027,35,4
487.512195121951,132.081300813008,50.5601030877206,67,4
488.952,130.016,58.2973150479874,54,4
492.03937007874,126.370078740157,52.1583220458559,74,4
493.897959183673,124.414965986395,35.4236640612218,66,4
495.532374100719,122.928057553957,28.1395225497384,34,4
497.935251798561,121.244604316547,29.3155083179337,58,4
499.307189542484,120.21568627451,39.1000502960646,36,4
502.402877697842,117.741007194245,45.2297136078907,76,4
505.777777777778,115.207407407407,35.8453725525787,70,4
506.641379310345,114.758620689655,29.414978755762,26,4
509.364285714286,113.264285714286,13.2502181813981,71,4
510.513698630137,112.849315068493,12.6430898748545,30,4
514.608391608392,111.643356643357,15.3640795047742,75,4
517.503144654088,110.566037735849,29.843681684123,62,4
519.219178082192,109.77397260274,34.8598267866059,41,4
522.954887218045,107.96992481203,26.2787935365495,75,4
524.191489361702,107.205673758865,22.5683221295684,34,4
526.87417218543,106.119205298013,10.055377105548,64,4
531.007092198582,104.992907801418,9.40862994825221,80,4
532.251748251748,104.622377622378,14.502807856536,24,4
535.620689655172,103.427586206897,30.0013395678395,64,4
536.569536423841,102.774834437086,35.3032283990443,30,4
539.714285714286,100.685714285714,39.9461862733549,71,4
543.118055555556,98.25,24.610536030209,72,4
544.541353383459,97.2706766917293,17.9888867989421,33,4
546.507246376812,96.0072463768116,20.6064622527133,49,4
548.333333333333,94.5510204081633,25.9834788560554,47,4
550.181818181818,93.1623376623377,46.383057460716,59,4
552.262411347518,90.5106382978723,63.420513227614,75,4
553.550724637681,88.8188405797101,60.0976330433447,43,4
555.672,85.128,43.4409482094241,77,4
556.323308270677,84.4661654135338,36.6184810997617,28,4
558.013793103448,83.4275862068965,24.5681999870457,56,4
560.87323943662,82.612676056338,11.7317983859987,65,4
562.301470588235,82.7132352941177,11.0449694311294,34,4
564.56338028169,82.6760563380282,7.46916925751266,50,4
565.964539007092,82.7517730496454,6.61266686262467,37,4
569.353383458647,82.8796992481203,-6.80645206795661,68,4
572.682170542636,82.9922480620155,-27.7471432680834,66,4
574.285714285714,83.3492063492064,-26.8777118837988,35,4
576.44696969697,83.6818181818182,-23.1149312930455,44,4
578.147286821705,84.2480620155039,-16.9353151245845,33,4
580.194029850746,84.6641791044776,2.39941148125798,59,4
583.845528455285,84.4471544715447,11.4299215772583,69,4
585.730769230769,83.9153846153846,8.64540286283044,45,4
590.928571428571,82.8035714285714,-7.45451079037133,84,4
592.016260162602,82.6585365853659,-8.05523291419661,25,4
594.448,82.176,-1.68328909487774,50,4
597.358333333333,82.325,7.27227785832273,47,4
598.642276422764,82.7154471544715,12.1270233225414,33,4
600.948905109489,83.1313868613139,16.6385683682569,62,4
601.253521126761,83.3169014084507,15.0820030358086,23,4
603.918367346939,83.1836734693878,7.00096165782622,63,4
607.534482758621,82.3103448275862,0.168031991482497,77,4
609.688679245283,82.3207547169811,0.343283544570922,30,4
612.542056074766,82.6728971962617,5.09110749821051,49,4
613.18018018018,82.954954954955,8.08637102357807,28,4
615.777777777778,83.4102564102564,13.9628296530021,52,4
617.642276422764,83.6991869918699,5.92106191667546,40,4
618.661016949153,83.7033898305085,0.62409924319566,27,4
622.445544554455,83.6930693069307,-17.4863243798915,71,4
624.295918367347,84.1428571428571,-15.5873864565235,37,4
626.145631067961,84.3106796116505,-7.19592995206325,35,4
627.65811965812,84.5982905982906,8.34352472117717,46,4
628.952830188679,84.6509433962264,15.9561859142653,35,4
631.416666666667,84.5462962962963,18.9805333333536,50,4
632.775700934579,84.5514018691589,20.6765287728698,25,4
634.941747572816,83.9805825242718,10.6277486001076,58,4
638.442105263158,83.9684210526316,-3.83786849888631,68,4
NaN,NaN,NaN,95,4
422.676300578035,256.202312138728,-8.5701757125461,NaN,5
422.309392265193,256.17679558011,-8.31651254733899,10,5
422.342541436464,256.182320441989,-8.44543712369122,4,5
422.427777777778,256.188888888889,-8.54862338599303,1,5
422.767045454545,256.238636363636,-8.54594005733619,4,5
422.649425287356,256.212643678161,-8.59398422070089,4,5
422.468926553672,256.141242937853,-8.66742679586305,7,5
422.448863636364,256.125,-8.36604328554558,3,5
422.359550561798,256.179775280899,-8.65706564763314,6,5
422.477528089888,256.162921348315,-8.56597603199219,2,5
422.725714285714,256.188571428571,-8.87815834984261,5,5
422.429378531073,256.112994350282,-8.85658935221054,8,5
421.983425414365,256.127071823204,-8.32811894624584,14,5
421.791208791209,255.950549450549,-10.1482451225603,23,5
424.10303030303,255.890909090909,-17.3418966344967,69,5
425.861111111111,256.381944444444,-16.5123678054305,45,5
428.225352112676,257.253521126761,-22.1829179858476,64,5
428.673758865248,257.411347517731,-29.6930875027145,21,5
428.560810810811,257.472972972973,-64.420327779067,41,5
428.4,258.309677419355,-22.4921889512876,39,5
428.793939393939,258.733333333333,-13.8689478743358,34,5
429.906593406593,259.186813186813,-15.2304065958007,57,5
430.326424870466,259.430051813471,-16.8072105655492,27,5
433.244186046512,260.255813953488,-27.588354164968,71,5
435.738372093023,261.098837209302,-41.1595198058985,76,5
437.383720930233,262.133720930233,-43.6975635115627,40,5
440.05325443787,264.159763313609,-43.4817124362517,69,5
441.089285714286,265.041666666667,-37.4804757472213,41,5
442.928,267.536,-11.6528319547753,83,5
444.798387096774,268.556451612903,5.25275557389318,63,5
447.023622047244,268.566929133858,9.24893227262696,45,5
450.048780487805,268.109756097561,-2.99803874996943,75,5
450.983146067416,268.050561797753,-8.13239601269424,32,5
453.255208333333,268.557291666667,-2.06858628712582,80,5
457.24025974026,268.74025974026,17.4088801937793,94,5
458.736111111111,268.5,30.756087507716,40,5
461.2890625,267.6953125,89.4326181454237,88,5
461.873134328358,267.067164179104,-85.7400253367714,42,5
462.920289855072,264.442028985507,-74.4820393948143,76,5
462.837662337662,262.272727272727,-78.2092829227638,48,5
462.434782608696,261.376811594203,-81.7929319969352,30,5
461.830769230769,258.092307692308,-88.6123475079158,82,5
461.213740458015,255.351145038168,-86.2360660953916,51,5
460.589147286822,250.472868217054,-57.0380134054076,84,5
459.815602836879,247.695035460993,-53.9341805241624,64,5
459.007407407407,246.451851851852,-55.7076916412995,34,5
457.147286821705,243.093023255814,-73.4065954965234,76,5
456.431818181818,240.439393939394,-79.1219959272913,53,5
454.823076923077,237.938461538462,-68.0936865691456,58,5
453.514925373134,236.44776119403,-33.3637248371813,44,5
452.984962406015,235.962406015038,-19.6958167264245,25,5
451.431818181818,235.143939393939,-8.50282175099481,43,5
450.826771653543,234.92125984252,-6.56111186097895,15,5
448,234.36170212766,-2.20988335929737,41,5
446.098591549296,234.464788732394,-2.24685465673593,27,5
445.760869565217,234.217391304348,-3.36906365972834,25,5
NaN,NaN,NaN,46,5
NaN,NaN,NaN,0,5
NaN,NaN,NaN,0,5
NaN,NaN,NaN,0,5
NaN,NaN,NaN,0,5
NaN,NaN,NaN,0,5
NaN,NaN,NaN,0,5
NaN,NaN,NaN,0,5
NaN,NaN,NaN,0,5
NaN,NaN,NaN,0,5
NaN,NaN,NaN,0,5
NaN,NaN,NaN,0,5
NaN,NaN,NaN,0,5
NaN,NaN,NaN,0,5
NaN,NaN,NaN,0,5
NaN,NaN,NaN,0,5
NaN,NaN,NaN,0,5
NaN,NaN,NaN,0,5
NaN,NaN,NaN,0,5
NaN,NaN,NaN,0,5
NaN,NaN,NaN,0,5
NaN,NaN,NaN,0,5
NaN,NaN,NaN,0,5
NaN,NaN,NaN,0,5
NaN,NaN,NaN,0,5
NaN,NaN,NaN,0,5
NaN,NaN,NaN,0,5
NaN,NaN,NaN,0,5
NaN,NaN,NaN,0,5
NaN,NaN,NaN,0,5
NaN,NaN,NaN,0,5
NaN,NaN,NaN,0,5
NaN,NaN,NaN,0,5
NaN,NaN,NaN,0,5
NaN,NaN,NaN,0,5
NaN,NaN,NaN,0,5
NaN,NaN,NaN,0,5
NaN,NaN,NaN,0,5
NaN,NaN,NaN,0,5
NaN,NaN,NaN,0,5
NaN,NaN,NaN,0,5
NaN,NaN,NaN,0,5
NaN,NaN,NaN,0,5
NaN,NaN,NaN,0,5
NaN,NaN,NaN,0,5
NaN,NaN,NaN,0,5
NaN,NaN,NaN,0,5
NaN,NaN,NaN,0,5
NaN,NaN,NaN,0,5
NaN,NaN,NaN,0,5
NaN,NaN,NaN,0,5
NaN,NaN,NaN,0,5
NaN,NaN,NaN,0,5
NaN,NaN,NaN,0,5
NaN,NaN,NaN,0,5
NaN,NaN,NaN,0,5
NaN,NaN,NaN,0,5
NaN,NaN,NaN,0,5
NaN,NaN,NaN,0,5
NaN,NaN,NaN,0,5
NaN,NaN,NaN,0,5
NaN,NaN,NaN,0,5
NaN,NaN,NaN,0,5
NaN,NaN,NaN,0,5
NaN,NaN,NaN,0,5
NaN,NaN,NaN,0,5
NaN,NaN,NaN,0,5
NaN,NaN,NaN,0,5
NaN,NaN,NaN,0,5
NaN,NaN,NaN,0,5
NaN,NaN,NaN,0,5
NaN,NaN,NaN,0,5
NaN,NaN,NaN,0,5
NaN,NaN,NaN,0,5
NaN,NaN,NaN,0,5
NaN,NaN,NaN,0,5
NaN,NaN,NaN,0,5
NaN,NaN,NaN,0,5
NaN,NaN,NaN,0,5
NaN,NaN,NaN,0,5
NaN,NaN,NaN,0,5
NaN,NaN,NaN,0,5
NaN,NaN,NaN,0,5
NaN,NaN,NaN,0,5
NaN,NaN,NaN,0,5
NaN,NaN,NaN,0,5
NaN,NaN,NaN,0,5
NaN,NaN,NaN,0,5
NaN,NaN,NaN,0,5
NaN,NaN,NaN,0,5
NaN,NaN,NaN,0,5
NaN,NaN,NaN,0,5
NaN,NaN,NaN,0,5
NaN,NaN,NaN,0,5
NaN,NaN,NaN,0,5
NaN,NaN,NaN,0,5
NaN,NaN,NaN,0,5
NaN,NaN,NaN,0,5
NaN,NaN,NaN,0,5
NaN,NaN,NaN,0,5
NaN,NaN,NaN,0,5
NaN,NaN,NaN,0,5
NaN,NaN,NaN,0,5
NaN,NaN,NaN,0,5
NaN,NaN,NaN,0,5
NaN,NaN,NaN,0,5
NaN,NaN,NaN,0,5
NaN,NaN,NaN,0,5
NaN,NaN,NaN,0,5
NaN,NaN,NaN,0,5
NaN,NaN,NaN,0,5
NaN,NaN,NaN,0,5
NaN,NaN,NaN,0,5
NaN,NaN,NaN,0,5
NaN,NaN,NaN,0,5
NaN,NaN,NaN,0,5
NaN,NaN,NaN,0,5
NaN,NaN,NaN,0,5
NaN,NaN,NaN,0,5
NaN,NaN,NaN,0,5
NaN,NaN,NaN,0,5
NaN,NaN,NaN,0,5
NaN,NaN,NaN,0,5
NaN,NaN,NaN,0,5
NaN,NaN,NaN,0,5
NaN,NaN,NaN,0,5
NaN,NaN,NaN,0,5
NaN,NaN,NaN,0,5
NaN,NaN,NaN,0,5
NaN,NaN,NaN,0,5
NaN,NaN,NaN,0,5
NaN,NaN,NaN,0,5
NaN,NaN,NaN,0,5
NaN,NaN,NaN,0,5
NaN,NaN,NaN,0,5
NaN,NaN,NaN,0,5
379.595419847328,242.625954198473,-77.6162648642576,NaN,6
379.525925925926,242.244444444444,-76.8516939089424,8,6
379.613138686131,242.583941605839,-76.9002544947187,14,6
379.623076923077,242.430769230769,-77.9564376262753,15,6
379.573529411765,242.139705882353,-78.2746337727336,6,6
379.676691729323,242.609022556391,-77.5463905428679,11,6
379.590909090909,242.606060606061,-77.5201423426376,9,6
379.689393939394,242.5,-77.3879157471087,8,6
379.661764705882,242.419117647059,-77.583732607275,6,6
379.62962962963,242.281481481481,-78.0342026099012,3,6
379.664122137405,242.435114503817,-78.2252922961458,6,6
379.691176470588,242.367647058824,-78.0290746716706,7,6
379.755555555556,242.348148148148,-77.8614931409874,9,6
379.681481481481,242.42962962963,-78.6080774161435,6,6
379.671641791045,242.402985074627,-78.1700655944906,3,6
379.742424242424,242.492424242424,-78.2707997326901,6,6
379.73381294964,242.035971223022,-78.4700767042332,9,6
379.807142857143,242.178571428571,-79.0729024562356,11,6
380.42962962963,243.140740740741,-85.9862912579383,49,6
380.804195804196,242.825174825175,87.8725212744187,26,6
380.736842105263,242.559210526316,76.8145002770876,67,6
380.805882352941,242.605882352941,68.9514105137072,26,6
380.052325581395,242.174418604651,-16.679505835835,42,6
379.956790123457,242.901234567901,11.069304029882,32,6
379.761904761905,242.869047619048,-37.1434078794511,36,6
379.870967741935,243.494623655914,-37.5971004393535,64,6
380.181818181818,243.727272727273,-35.1358453039113,37,6
382.044444444444,245,-38.702704447815,77,6
384.627218934911,246.325443786982,-60.1000122382493,79,6
385.385542168675,247.024096385542,-61.11592372736,37,6
387.611111111111,249.895061728395,-65.1323915626495,74,6
388.423312883436,251.257668711656,-63.5808188612544,39,6
390.013698630137,252.691780821918,-55.800624190131,63,6
392.279220779221,253.402597402597,-67.2533812570287,80,6
393.8,253.724137931034,-77.4028183325658,51,6
395.635135135135,255.952702702703,-79.4916664281777,87,6
396.586666666667,257.526666666667,-82.782315961501,46,6
397.948717948718,261.192307692308,-81.7133242472803,74,6
399.705128205128,264.455128205128,-76.0923530004848,74,6
400.210144927536,266.246376811594,-62.4912100210094,40,6
402.11811023622,268.826771653543,-17.250023996979,75,6
402.647058823529,269.448529411765,-10.7508616994512,37,6
405.432624113475,271.340425531915,3.17362370247301,93,6
408.132867132867,271.986013986014,-2.61875211081554,54,6
409.920863309353,272.151079136691,-8.58630848043034,42,6
414.690476190476,272.825396825397,-23.6867902991755,87,6
416.874015748031,273.393700787402,-25.9049348911259,37,6
418.48,273.553333333333,-16.7020845829675,47,6
422.950704225352,274.549295774648,-8.99354654635968,104,6
425.035460992908,274.758865248227,-13.8571585467314,47,6
428.194444444444,275.972222222222,-21.0873038512391,83,6
429.710344827586,276.255172413793,-27.4039123443632,47,6
433.852941176471,277.580882352941,-28.1817804007325,79,6
436.610738255034,278.315436241611,-11.2897331180949,59,6
438.778571428571,278.628571428571,0.988925400265638,53,6
442.631944444444,279.090277777778,1.37769485857826,70,6
444.571428571429,278.918367346939,-2.64235433563905,47,6
448.117283950617,278.993827160494,-20.2811506446154,83,6
452.435897435897,280.096153846154,-31.9880092852474,94,6
454.770833333333,281.131944444444,-20.9429185834952,56,6
458.217391304348,282.195652173913,-4.02099069867935,66,6
459.691275167785,281.872483221477,6.02112114238071,35,6
463.241610738255,281.543624161074,16.9852006709376,78,6
467.510204081633,280.496598639456,13.6224862786546,80,6
469.78431372549,279.738562091503,2.21202986612277,50,6
474.335664335664,279.468531468531,-6.77980547728199,86,6
475.666666666667,279.326923076923,-4.52546168965702,31,6
479.251748251748,279.090909090909,9.72711652418052,71,6
482.428571428571,278.519480519481,24.7927385118964,77,6
484.62987012987,277.727272727273,27.8089781892958,46,6
488.344155844156,276.428571428571,22.0231874759769,76,6
490.21875,275.4625,15.6704689997847,42,6
493.438202247191,274.438202247191,4.46579928700951,72,6
496.964071856287,273.766467065868,6.04793991044788,75,6
498.526666666667,273.713333333333,11.2113007715193,39,6
502.908496732026,272.21568627451,34.0444620079315,91,6
504.467105263158,271.565789473684,39.3084252221001,43,6
507.807947019868,269.629139072848,37.2291080457574,71,6
510.834437086093,267.596026490066,25.2319748878629,70,6
512.807947019868,266.258278145695,18.5517940241479,42,6
514.781456953642,265.311258278146,22.1196123803568,50,6
516.232258064516,264.238709677419,25.9114843016834,40,6
518.798611111111,262.784722222222,45.0637115354494,59,6
520.907142857143,260.45,62.3873353767117,80,6
522.246153846154,258.953846153846,59.8200795497724,46,6
524.246268656716,256.701492537313,49.2442325104231,50,6
525.141891891892,255.277027027027,44.9961556224528,38,6
526.745222929936,253.496815286624,36.5106697124264,83,6
528.526315789474,251.078947368421,36.4624639723428,59,6
529.315436241611,250.657718120805,40.2515814129545,29,6
531.968,248.144,54.0370446757893,78,6
533.706349206349,245.706349206349,67.4748190519759,55,6
535.963235294118,243.110294117647,59.2432836442929,68,6
537.662251655629,241.417218543046,42.4583221970553,57,6
538.611510791367,240.201438848921,32.4401110339198,44,6
541.288888888889,238.162962962963,25.3827612593071,68,6
542.839160839161,236.685314685315,31.2468454839715,48,6
545.54347826087,234.572463768116,47.2193878983712,65,6
547.313432835821,232.365671641791,61.8396825748799,76,6
548.75572519084,230.274809160305,65.2767855529815,43,6
550.708955223881,227.522388059701,55.880874827835,65,6
551.481481481482,226.459259259259,48.5492314235489,31,6
553.053333333333,224.773333333333,40.5676272686962,75,6
555.271523178808,221.953642384106,37.3806002070184,73,6
556.633802816901,220.535211267606,42.4030763801578,37,6
558.343065693431,218.605839416058,54.8208971543927,69,6
559.415492957746,216.880281690141,61.7207420161984,45,6
561.735714285714,213.792857142857,66.2089436599034,80,6
563.636363636364,210.853146853147,44.8225101061657,69,6
564.442176870748,210.020408163265,42.7927174548957,42,6
566.694444444444,207.354166666667,32.4313171301595,77,6
567.901960784314,206.169934640523,35.5850632538248,39,6
570.301369863014,203.554794520548,53.5237927869901,71,6
571.965986394558,201.299319727891,67.160927194515,75,6
573.326241134752,199.297872340426,69.3009855583577,46,6
575.5,195.787878787879,60.1053796730122,75,6
576.158273381295,194.791366906475,55.4717396955124,25,6
577.467105263158,193.059210526316,48.718335423594,65,6
579.406666666667,190.1,44.9737199370219,68,6
580.8,188.478571428571,51.4405684980372,38,6
582.10071942446,186,64.9977477864436,61,6
582.807142857143,184.478571428571,69.2052584647985,41,6
584.634328358209,181.067164179104,73.9568961473912,74,6
586.049295774648,178.415492957746,60.2225112191506,62,6
586.375,177.708333333333,53.1395207837961,30,6
588.122302158273,174.618705035971,43.588473752375,81,6
588.606896551724,173.455172413793,46.1680711968195,42,6
590.688405797101,170.188405797101,59.9645530818473,67,6
591.729166666667,168.104166666667,70.419808443755,56,6
592.325581395349,167.178294573643,71.7383927292007,35,6
594.272727272727,162.545454545455,71.5916852881803,79,6
594.894366197183,161.37323943662,64.7092799251937,28,6
595.696202531646,159.569620253165,60.8381054385242,62,6
596.966216216216,156.155405405405,53.2536657064258,78,6
597.840579710145,154.434782608696,56.5042791968277,40,6
598.609022556391,152.736842105263,69.771862977389,51,6
599.093525179856,151,77.1936379513603,46,6
600.297709923664,147.106870229008,88.2136894836193,86,6
601.135714285714,144.278571428571,79.9503513023797,57,6
601.559440559441,142.986013986014,69.5530160060972,43,6
602.118881118881,141.020979020979,55.4005302493918,82,6
602.706666666667,139.166666666667,52.0767800551538,49,6
604.242857142857,135.885714285714,56.2102022371084,76,6
605.34693877551,133.469387755102,73.1436233509,65,6
606.381294964029,131.877697841727,78.2044891837363,48,6
607.844444444444,128.333333333333,81.0828292532589,74,6
608.262068965517,127.227586206897,79.2125853919302,32,6
608.993670886076,125.556962025316,67.6427632862168,69,6
609.858974358974,122.891025641026,58.8680641384472,74,6
610.869565217391,120.579710144928,56.9157397373446,42,6
611.694444444444,118.8125,64.7823408544282,46,6
612.08,117.273333333333,73.8623075958854,40,6
613.371428571429,114.707142857143,83.7973467162478,70,6
614.261538461538,111.476923076923,85.5995158892612,56,6
614.765957446809,110.652482269504,77.0968818698911,31,6
615.353333333333,108.886666666667,57.691855798503,59,6
615.5,108.402597402597,53.4617801573127,36,6
616.892857142857,105.916666666667,47.5470361075381,78,6
618.7875,102.9125,55.9695338965053,68,6
619.75641025641,101.814102564103,65.8808057438573,38,6
621.021126760563,99.5422535211268,87.1343226478894,66,6
621.301369863014,97.4931506849315,-85.4400905050652,48,6
621.723076923077,93.9153846153846,-80.206113155588,68,6
621.633333333333,90.825,86.905304277506,60,6
621.661290322581,90.1935483870968,80.7041198723845,34,6
622.034188034188,87.6837606837607,66.7919040570736,63,6
621.838461538462,88.3,64.3214991067931,29,6
622.687022900763,87.7251908396947,58.3033652032262,53,6
623.098591549296,88.1267605633803,56.1597172578907,49,6
623.845070422535,87.612676056338,57.0538904812688,24,6
624.167832167832,87.7412587412587,54.3527044431836,35,6
624.816901408451,87.330985915493,54.0891687250787,17,6
626.051851851852,86.362962962963,52.019862601849,37,6
627.166666666667,85.6742424242424,45.2139888737438,39,6
627.98347107438,84.8842975206612,36.4155493681162,39,6
630.037735849057,84.188679245283,25.1697325013637,69,6
