368.537878787879,245.530303030303,-25.4587333372543,NaN,1
368.4453125,245.421875,-25.6123107804796,8,1
368.48,245.616,-23.3774410451539,7,1
369.015267175573,246.015267175573,-26.573442803389,14,1
370.158620689655,247.137931034483,-31.2843690091922,30,1
370.046666666667,246.88,-31.3116900874657,31,1
369.986394557823,246.69387755102,-30.3043738799189,29,1
367.590909090909,244.245454545455,-37.2004590765211,84,1
369.896739130435,247.978260869565,-56.5742149896323,71,1
369.029411764706,247.035294117647,-69.4102475521506,82,1
368.038461538462,245.505494505495,-76.120740811538,90,1
366.320610687023,239.564885496183,-71.798878685228,95,1
364.544554455446,235.693069306931,-28.5953503394503,98,1
363.159663865546,234.193277310924,-32.6724504572194,48,1
361.56204379562,233.554744525547,-39.6434845187582,76,1
357.476923076923,230.692307692308,-46.3230004275958,85,1
355.909722222222,229.75,-39.9419642575621,48,1
352.951807228916,228.367469879518,-19.045944421578,110,1
351.96511627907,228.703488372093,-13.0480684318833,62,1
350.446428571429,228.535714285714,-0.172530817566495,78,1
347.591160220994,228.701657458564,-4.51273022902749,79,1
346.2,228.622857142857,-2.17147054068222,48,1
343.461077844311,228.652694610778,-0.502140310933764,70,1
341.994535519126,228.661202185792,8.03393200417845,48,1
340.232044198895,228.779005524862,22.6051013651869,74,1
337.993421052632,230.230263157895,19.0204761265759,77,1
337.458064516129,230.167741935484,18.0913676917498,29,1
335.827814569536,230.860927152318,13.54710138519,54,1
334.961038961039,231.155844155844,13.0370605582021,31,1
332.833333333333,231.426666666667,4.13788849075246,70,1
330.461538461538,231.794871794872,3.63743956752395,66,1
329.111111111111,232,4.37751507633124,45,1
326.432432432432,232.709459459459,11.1144168729735,85,1
325.25,233.118421052632,12.4826347946805,48,1
323.771929824561,233.74269005848,16.1587902372612,77,1
320.75641025641,235.032051282051,10.9735152755173,101,1
319.081481481481,235.340740740741,1.40618712896364,59,1
315.976923076923,235.792307692308,9.12310529628178,69,1
315.05035971223,235.741007194245,8.31479723373087,31,1
313.25625,236.20625,15.5304356219469,65,1
311.013698630137,237.815068493151,21.0102012081519,82,1
310.251655629139,238.23178807947,23.0363747598707,31,1
308.221476510067,239.369127516779,20.5549630211651,62,1
307.179487179487,239.628205128205,16.7108287360151,31,1
304.903846153846,240.980769230769,14.023966603394,68,1
302.633986928105,242.052287581699,16.6780635367093,69,1
301.662251655629,242.582781456954,19.22612440361,34,1
299.805755395683,243.395683453237,23.2330676595581,52,1
298.881118881119,244.286713286713,29.7885214019477,34,1
297.229299363057,245.197452229299,36.5332746022251,42,1
296.173076923077,245.884615384615,30.0477734952571,43,1
294.861635220126,246.679245283019,29.948453927919,39,1
293.012987012987,247.207792207792,23.9073623049649,63,1
292.089743589744,248,21.8610819360245,42,1
290.248366013072,249.647058823529,31.7078284315858,65,1
288.856115107914,251.251798561151,40.5349440709087,54,1
288.038961038961,251.818181818182,44.8581247304286,29,1
286.792899408284,253.094674556213,44.0478108094711,53,1
285.748603351955,254.201117318436,45.8284346148534,44,1
284.594736842105,254.868421052632,41.4047038603319,61,1
282.430167597765,256.262569832402,36.32113331055,73,1
281.8125,256.9875,32.0942656192002,41,1
280.326797385621,258.287581699346,30.5939375951124,53,1
279.333333333333,259.398550724638,34.937766632831,31,1
278.225,260.26875,45.1299991475059,40,1
277.10843373494,261.331325301205,44.5378703476938,40,1
276.059171597633,262.076923076923,40.5898295561678,37,1
274.604519774011,263.553672316384,39.7425482021666,52,1
274.31746031746,263.820105820106,39.9017041533312,28,1
272.579545454545,265.420454545455,40.0363523224977,61,1
270.097402597403,267.441558441558,49.8246860052382,66,1
269.724358974359,268.032051282051,52.4271841424564,30,1
268,269.650684931507,57.5853194783001,48,1
267.490196078431,270.490196078431,55.9905230101236,25,1
266.232704402516,271.96855345912,51.8084805602592,46,1
265.078787878788,273.333333333333,48.2863100895121,50,1
264.55,273.65,44.5041865931515,25,1
262.578313253012,275.861445783133,46.4063994771895,66,1
262.086705202312,276.254335260116,46.3451630926356,29,1
260.230263157895,278.578947368421,54.6793173032362,61,1
259.28025477707,279.910828025478,55.9660980474736,43,1
258.572289156626,280.566265060241,54.2430432352376,25,1
257.674556213018,281.556213017751,49.9825578395513,35,1
256.958823529412,282.358823529412,47.3865658817311,27,1
255.885057471264,283.425287356322,47.026595861445,48,1
253.652694610778,285.419161676647,51.5283264877493,67,1
253.077922077922,286.441558441558,51.9664143875677,35,1
251.590909090909,288.37012987013,60.5016945156197,56,1
250.803797468354,289.259493670886,61.8097075261798,26,1
249.808383233533,290.449101796407,59.1731768430733,45,1
248.573099415205,292.163742690058,53.9479827430522,50,1
248.017341040462,292.722543352601,51.4368341950191,30,1
246.705555555556,294.205555555556,48.4198581340356,57,1
246.184357541899,294.916201117318,48.2653339806217,29,1
244.246835443038,297.189873417722,54.3771859587804,69,1
242.78431372549,299.078431372549,61.8338321800694,47,1
242.098159509202,299.858895705521,59.7873679325865,30,1
241.154761904762,300.845238095238,57.2984809333393,41,1
240.5,301.718390804598,56.5747352183147,30,1
239.559322033898,302.960451977401,51.7631885559917,39,1
238.442105263158,304.178947368421,49.4194430817354,47,1
237.821989528796,304.837696335079,49.2571620535306,27,1
236.152941176471,306.682352941176,53.6237941571106,61,1
235.411764705882,307.835294117647,55.4949503828162,42,1
234.157575757576,309.393939393939,60.4978285414006,49,1
232.938271604938,311.086419753086,57.3631486384941,51,1
232.736196319018,311.398773006135,55.6530258912804,27,1
231.676136363636,313.051136363636,51.2296775278266,49,1
231.245614035088,313.602339181287,49.7849950633022,27,1
230.289617486339,314.901639344262,49.7027328875832,42,1
229.551351351351,316.378378378378,53.255836644873,52,1
228.763736263736,317.340659340659,56.6816217325271,31,1
227.329411764706,319.364705882353,64.3658912144999,52,1
226.735294117647,320.058823529412,65.6858038998656,26,1
225.958823529412,321.723529411765,60.8243826052834,48,1
225.152046783626,322.93567251462,58.2716911424734,37,1
224.570621468927,323.706214689266,55.7417296642158,26,1
223.581920903955,325.067796610169,56.2933276110828,46,1
223.028409090909,325.698863636364,55.6573767664124,25,1
221.626506024096,327.572289156626,64.696433985516,46,1
220.708074534161,328.944099378882,68.4195336860441,39,1
220.210191082803,330.057324840764,66.9971200123103,32,1
219.509554140127,331.191082802548,64.0009920588225,34,1
219.04347826087,332.16149068323,64.0780642698013,26,1
218.173652694611,333.646706586826,61.1474635116041,40,1
217.374269005848,334.754385964912,60.1697655778506,32,1
216.636904761905,335.779761904762,60.2554801886311,33,1
215.714285714286,337.416666666667,65.1782801534537,50,1
215.560975609756,338.164634146341,65.9426947948235,26,1
214.32298136646,340.372670807453,73.3517548820123,55,1
213.593548387097,342.251612903226,74.4104047424868,44,1
213.375,342.947368421053,73.2618734856218,21,1
212.772151898734,344.430379746835,68.3422655983393,42,1
212.570552147239,344.895705521472,66.931382331155,21,1
211.845679012346,346.58024691358,65.8416598630295,37,1
211.21875,348.325,68.0770283189304,42,1
210.7,349.3125,68.8577161809535,28,1
209.926380368098,350.846625766871,73.0528978284336,39,1
209.53164556962,351.696202531646,73.3889530403626,25,1
208.666666666667,353.766666666667,74.6522080202113,48,1
207.79754601227,355.030674846626,71.0736167266245,43,1
207.438271604938,355.833333333333,68.8155543348011,23,1
206.763005780347,357.121387283237,66.7009871945815,39,1
206.454022988506,357.954022988506,65.0832932004699,27,1
205.858823529412,359.429411764706,65.6056546564743,38,1
204.801204819277,361.343373493976,70.1781568917558,48,1
204.437908496732,362.339869281046,72.381175626006,21,1
203.677419354839,364.341935483871,73.8845718921438,42,1
203.393548387097,365.096774193548,73.2914767861773,22,1
202.794871794872,366.50641025641,72.4076230632856,35,1
202.28125,367.61875,71.9722353271914,30,1
NaN,NaN,NaN,160,1
418.333333333333,242.480620155039,-18.3991253671423,NaN,2
418.438461538462,242.615384615385,-16.6531825690355,19,2
418.307086614173,242.748031496063,-17.7897921653613,11,2
418.425,242.758333333333,-17.1555386600593,9,2
418.357142857143,242.507936507937,-18.7838602016781,10,2
418.458333333333,242.85,-16.2129320921719,10,2
418.380165289256,242.702479338843,-16.3974123083662,7,2
418.363636363636,242.785123966942,-16.3246369318617,8,2
418.032,242.592,-16.6680071222509,12,2
418.286885245902,242.811475409836,-14.4275732842665,17,2
418.308943089431,242.715447154472,-16.9560049394095,11,2
418.629032258065,242.717741935484,-14.9821153189702,15,2
418.5390625,242.5,-16.0922894924115,14,2
418.39552238806,242.402985074627,-17.4141309653269,16,2
418.403225806452,242.475806451613,-16.0790041680217,22,2
418.074626865672,242.335820895522,-18.6818237623498,16,2
418.20325203252,242.650406504065,-16.6092324700507,17,2
418.062992125984,242.645669291339,-17.1736115892374,14,2
418.078125,242.65625,-20.0193546144938,17,2
418.239669421488,242.909090909091,-16.654299646018,15,2
418.239669421488,242.97520661157,-16.8395344240973,4,2
418.264957264957,243,-16.9765134607308,6,2
418.316239316239,242.91452991453,-17.1994539474438,4,2
418.090163934426,243,-16.6302911577446,9,2
418.025,242.833333333333,-16.065813461464,6,2
418.113821138211,242.991869918699,-16.3731484849288,7,2
417.946564885496,242.572519083969,-17.1472129364347,14,2
417.975806451613,242.58064516129,-17.130294671921,7,2
418.056451612903,242.556451612903,-17.9406766777118,10,2
417.865671641791,242.522388059701,-18.3594420586825,12,2
417.884615384615,242.692307692308,-17.6306736011089,12,2
418.064,242.768,-18.4288106158444,13,2
417.6796875,242.515625,-16.3602269334976,15,2
418.008064516129,242.814516129032,-16.8638539919503,14,2
417.855072463768,242.405797101449,-19.0665903124735,16,2
418.052631578947,242.593984962406,-18.7681668380954,11,2
418.206106870229,242.671755725191,-18.8609019541528,14,2
417.94776119403,242.373134328358,-16.2717288109021,15,2
418.084615384615,242.307692307692,-15.4950459290085,8,2
418.445255474453,242.270072992701,-16.1441121879116,13,2
418.536764705882,242.183823529412,-15.9303080032068,7,2
418.44696969697,242.424242424242,-17.2128384309218,18,2
418.481203007519,242.413533834586,-16.3903056902522,9,2
418.57037037037,242.474074074074,-17.387541591971,10,2
418.376923076923,242.469230769231,-17.068141078636,7,2
418.330769230769,242.523076923077,-16.5305085867163,16,2
418.109243697479,242.924369747899,-17.6938939214512,21,2
417.72131147541,242.852459016393,-17.8393625927673,11,2
418.099173553719,243.132231404959,-16.3727086897833,13,2
417.737288135593,242.703389830508,-15.4314170986759,13,2
418.059322033898,242.881355932203,-17.5499297665311,8,2
417.806722689076,242.941176470588,-16.9500321125638,15,2
417.910569105691,242.747967479675,-17.9123612945882,18,2
417.629032258065,242.604838709677,-18.3238521711248,13,2
417.790697674419,242.364341085271,-15.5810814880324,23,2
417.9375,242.203125,-17.0909961503201,11,2
416.170212765957,241.971631205674,-20.6524724589251,45,2
416.719696969697,242.416666666667,-22.3306480705984,23,2
417.796610169492,242.915254237288,-44.5516731031079,52,2
418.2,243.25,-65.816365539381,42,2
418.508620689655,243.353448275862,-73.0847552844491,30,2
418.90625,244.296875,-75.0853802130735,38,2
419.333333333333,245.284552845528,-76.9962151772938,21,2
419.780487804878,246.715447154472,-77.2303326237153,28,2
420.10447761194,247.932835820896,-75.007808199396,29,2
420.179104477612,248.865671641791,-71.114396571928,22,2
420.299212598425,249.566929133858,-65.5770158417817,21,2
420.507936507937,250.150793650794,-62.0724982731947,17,2
420.753731343284,250.813432835821,-56.6278139806563,28,2
421.484126984127,252.579365079365,-50.2906649114994,44,2
422.007633587786,253.351145038168,-50.0512263239246,21,2
422.483870967742,254.129032258065,-46.3663457819996,25,2
422.756097560976,254.756097560976,-47.8377871997139,19,2
423.546875,255.515625,-47.142596572049,33,2
424.064,256.296,-47.2201759533772,21,2
424.361538461538,256.723076923077,-48.9070177249217,13,2
425.111111111111,257.349206349206,-50.5402586074071,20,2
425.551181102362,257.866141732283,-53.015122610253,13,2
426.301587301587,258.674603174603,-53.0766333164169,23,2
427.2109375,259.46875,-53.8634902362343,30,2
427.449612403101,259.751937984496,-53.2180360353487,5,2
428.12030075188,260.187969924812,-52.7094000355634,22,2
428.354609929078,260.489361702128,-52.8035532955669,18,2
429.114285714286,261.2,-49.9519498538545,31,2
429.178571428571,261.357142857143,-48.4842083362084,22,2
429.524475524476,261.727272727273,-47.6307357362201,17,2
430.304964539007,262.751773049645,-47.4020372136851,32,2
430.492647058824,263.066176470588,-47.7918183782239,13,2
431.407142857143,263.928571428571,-49.0506137713697,30,2
432.182481751825,264.518248175182,-49.7650630321654,27,2
432.562962962963,265.185185185185,-50.2026145426237,20,2
433.4921875,266.078125,-51.9834686850357,25,2
433.852713178295,266.186046511628,-51.732974830578,13,2
434.575539568345,266.618705035971,-49.4666370964478,26,2
435.170068027211,267.183673469388,-47.8438649210675,24,2
435.403973509934,267.397350993377,-46.9864664127195,20,2
436.119205298013,267.76821192053,-44.6509300950333,26,2
436.570469798658,268.174496644295,-44.1964099857388,20,2
437.395973154362,268.959731543624,-46.0089637686134,30,2
438.443661971831,270,-46.4796483144367,31,2
438.823529411765,270.433823529412,-45.1780175677073,12,2
439.580152671756,271.450381679389,-44.6408503703506,29,2
440.071428571429,272.055555555556,-43.5453368786907,19,2
441.162601626016,272.666666666667,-48.2883955646273,23,2
441.798387096774,273.120967741935,-46.5188533832799,21,2
442.136,273.32,-44.3549549645517,15,2
442.834586466165,274.03007518797,-43.3814254161179,24,2
442.934306569343,273.934306569343,-43.0473658843939,14,2
443.692307692308,274.307692307692,-40.6150661627644,28,2
444.853333333333,274.773333333333,-39.5952217585077,33,2
445.167832167832,275.062937062937,-37.8254632391445,15,2
446.316176470588,276.117647058824,-42.1096314922669,33,2
446.830882352941,276.198529411765,-41.7492719616428,18,2
447.55303030303,277.083333333333,-39.8598539649602,30,2
448.153846153846,277.553846153846,-40.2072091586892,20,2
448.579365079365,278.119047619048,-42.9654093931068,20,2
449.031007751938,278.317829457364,-41.9380930744259,17,2
449.51968503937,278.866141732283,-42.0565723523612,20,2
450.75,279.212121212121,-47.4357491138634,29,2
451.243902439024,280.219512195122,-43.0089585331348,27,2
451.776923076923,280.453846153846,-44.3139466403458,19,2
452.445255474453,280.627737226277,-41.5487473891643,25,2
452.766423357664,281.014598540146,-40.4911307808879,18,2
453.374100719424,281.352517985611,-39.0519469074579,26,2
454.191780821918,281.849315068493,-40.590385974376,29,2
454.280821917808,282.08904109589,-40.0096933999349,16,2
455.230215827338,282.820143884892,-39.1589040228921,33,2
455.430656934307,282.985401459854,-38.3293285677561,16,2
456.273381294964,283.68345323741,-40.9859066094734,26,2
456.918518518519,284.185185185185,-43.502255799049,22,2
457.340909090909,284.613636363636,-43.1876474176701,15,2
458.357142857143,285.761904761905,-46.6617307600375,30,2
458.7734375,285.96875,-45.7961928886757,12,2
459.418032786885,286.680327868852,-44.5851175407941,22,2
460.047619047619,287.02380952381,-40.1285699831922,26,2
460.496124031008,287.124031007752,-39.075556319029,17,2
461.135714285714,287.464285714286,-38.951650270832,25,2
461.367346938775,287.448979591837,-38.7198972356016,13,2
461.877551020408,287.897959183673,-38.1859718857684,28,2
463.215277777778,288.826388888889,-37.13953829818,39,2
463.397058823529,289.213235294118,-36.3338183579865,16,2
464.15,289.757142857143,-41.3358861022828,26,2
464.517985611511,289.94964028777,-40.455572931997,21,2
465.230769230769,290.531468531469,-42.9744967172503,26,2
465.753731343284,291.201492537313,-41.70114926431,25,2
466.566176470588,291.742647058824,-45.3049725396877,24,2
467.376923076923,292.523076923077,-45.0779356919171,26,2
467.815384615385,292.869230769231,-44.3856711681233,18,2
468.271428571429,293.142857142857,-43.6743588301111,14,2
468.914285714286,293.607142857143,-42.8236781349161,24,2
469.034722222222,293.881944444444,-42.8820904148734,12,2
469.657142857143,294.271428571429,-40.9942776961531,20,2
469.96644295302,294.41610738255,-40.7140486864458,19,2
470.804195804196,295.146853146853,-39.0202804434366,28,2
471.517985611511,295.776978417266,-37.4681545415415,28,2
471.706293706294,296,-40.2559130896893,14,2
472.69696969697,296.856060606061,-42.3135008882218,31,2
473.174242424242,297.234848484848,-42.5617981525249,20,2
473.766423357664,297.868613138686,-42.2064282221876,21,2
474.550387596899,298.62015503876,-45.0073537834672,22,2
474.807692307692,298.792307692308,-44.9867341363296,7,2
475.537878787879,299.272727272727,-43.0621952050495,28,2
475.795454545455,299.545454545455,-41.8463121107211,10,2
476.411764705882,300.176470588235,-42.1804363089144,22,2
476.625,300.208333333333,-42.4320479361154,14,2
477.036496350365,300.576642335766,-40.9232912816928,19,2
477.455882352941,301.110294117647,-37.8376187543232,25,2
477.753521126761,301.352112676056,-38.2222687339042,18,2
478.393939393939,302.204545454545,-38.8330566678298,26,2
479.330882352941,302.529411764706,-40.8033988247015,26,2
479.653846153846,302.8,-41.7160333037352,14,2
480.170542635659,303.604651162791,-41.5866723402016,27,2
480.503759398496,303.654135338346,-43.4828783376107,16,2
481.032258064516,304.314516129032,-42.3387224838075,21,2
481.782945736434,305.015503875969,-45.1898872316203,25,2
481.984,305.112,-45.2586578140989,10,2
482.549618320611,305.603053435115,-46.0383443972101,22,2
482.82962962963,305.933333333333,-45.8277065536155,16,2
483.352941176471,306.323529411765,-45.008040760351,17,2
NaN,NaN,NaN,136,2
384.348484848485,262.659090909091,68.9470471277613,NaN,3
384.310606060606,262.69696969697,69.3361868958662,4,3
384.423076923077,262.653846153846,69.240473364069,4,3
384.376923076923,262.753846153846,69.0795974398077,4,3
384.389312977099,262.656488549618,69.6644486252963,3,3
384.36641221374,262.832061068702,68.8027480532497,6,3
384.407692307692,262.669230769231,69.2944820111472,5,3
384.380952380952,262.912698412698,68.6119053601319,4,3
384.343511450382,262.893129770992,68.6925489753508,5,3
384.387596899225,262.922480620155,68.7570957198618,2,3
384.392307692308,262.876923076923,68.5951351856359,3,3
384.464566929134,262.889763779528,69.2683352967262,5,3
384.456692913386,262.968503937008,68.3182550739109,4,3
384.4140625,262.9921875,68.0692004939756,5,3
384.390625,262.9921875,68.0822592757032,4,3
384.393939393939,262.94696969697,68.6042110521978,4,3
384.451127819549,262.827067669173,68.3120971348346,3,3
384.545454545455,262.772727272727,68.2491080904693,5,3
384.753731343284,262.522388059701,67.8519435923634,12,3
384.934782608696,262.217391304348,69.0144307132121,10,3
385.09022556391,262.609022556391,73.8689836372991,39,3
385.113636363636,263.136363636364,82.1183425009665,29,3
385.288888888889,263.837037037037,-61.5305969667572,53,3
386.727941176471,266.308823529412,-53.3979947140799,71,3
387.341085271318,267.186046511628,-55.8232521182962,29,3
388.782608695652,269.963768115942,-68.1976757796153,65,3
389.294964028777,271.208633093525,-73.0271341665682,37,3
390.609756097561,274.780487804878,-79.4614198374126,62,3
391.149606299213,277.40157480315,-71.4405628891628,50,3
391.34328358209,278.440298507463,-70.1006714623765,25,3
391.737226277372,280.43795620438,-72.3147868999688,41,3
391.904109589041,281.376712328767,-75.5893464411289,25,3
392.197183098592,283.852112676056,-83.7391242498232,48,3
392.591240875912,286.905109489051,81.7940861455709,57,3
392.554744525547,288.058394160584,81.9024210758627,22,3
392.424242424242,290.310606060606,84.1539046186992,41,3
392.368421052632,291.187969924812,86.7864483308096,19,3
392.139534883721,293.395348837209,89.5966299477358,44,3
391.766917293233,295.789473684211,86.3122299598053,40,3
391.697674418605,297.124031007752,80.0214232559899,28,3
391.192857142857,299.042857142857,74.9559403675034,41,3
391.007194244604,299.978417266187,69.6434821103186,27,3
390.394557823129,301.802721088435,67.8854690489351,50,3
389.587412587413,304.020979020979,72.7673713305179,44,3
389.215827338129,304.971223021583,72.8652884851868,24,3
388.348148148148,307.222222222222,73.8837515479987,50,3
388.036764705882,308.492647058824,74.3860133310202,25,3
387.080291970803,310.350364963504,71.310419698464,41,3
386.363636363636,311.783216783217,67.7829292968508,38,3
386.072847682119,312.476821192053,66.287428934081,22,3
385.248322147651,314.308724832215,60.6722166735892,46,3
384.664383561644,315.41095890411,60.0214641602258,27,3
383.965277777778,317.166666666667,62.0626288255833,42,3
383.357142857143,318.636363636364,65.1865136364996,48,3
382.664335664336,319.958041958042,70.9690275748215,33,3
382.068965517241,321.234482758621,71.6718596824141,36,3
381.398550724638,322.594202898551,74.4200988702955,29,3
380.564285714286,324.564285714286,72.2914607727879,40,3
379.958333333333,325.930555555556,70.7853229807323,30,3
379.586206896552,326.606896551724,68.6891649866777,21,3
378.826666666667,328.233333333333,66.6972445198438,37,3
378.430463576159,329.059602649007,65.1534251684644,17,3
377.72027972028,330.41958041958,62.4126347790813,34,3
376.833333333333,332.253623188406,65.7066612173679,35,3
376.518248175182,332.868613138686,65.469804827087,17,3
375.551724137931,334.641379310345,68.0872686473163,38,3
375.166666666667,335.572463768116,67.7734009155063,21,3
374.348148148148,336.962962962963,67.2356496539106,33,3
373.718309859155,337.992957746479,66.0340437972033,25,3
373.312056737589,338.836879432624,63.7202919752521,21,3
372.8125,339.520833333333,61.8916535587065,19,3
372.442953020134,340.208053691275,61.18468581625,21,3
371.651612903226,341.522580645161,59.7851767652163,36,3
371.046979865772,342.852348993289,62.2403232451834,30,3
370.478873239437,344.06338028169,63.2494132523672,29,3
369.881481481482,345.074074074074,64.6831268431421,25,3
369.55223880597,346.350746268657,65.2426034870446,29,3
368.625,347.9765625,69.1104409763268,34,3
367.985401459854,348.956204379562,67.0254542254471,25,3
367.617647058824,349.397058823529,65.1465353538882,15,3
366.776223776224,350.804195804196,62.7863979425198,35,3
366.441379310345,351.351724137931,61.9327630720472,18,3
365.601398601399,352.986013986014,59.0164021038707,38,3
365.064516129032,353.858064516129,60.3617680641042,26,3
364.391608391608,355.097902097902,60.6188257413984,25,3
363.806896551724,356.344827586207,62.3346111216145,35,3
363.451388888889,357.138888888889,63.3972593283079,23,3
362.378787878788,358.893939393939,66.4488851058141,40,3
361.794117647059,360.220588235294,67.0616476013034,28,3
361.441176470588,360.860294117647,67.4816662268387,16,3
360.85,361.571428571429,63.1914495517849,26,3
360.439716312057,362.390070921986,62.3326320105946,19,3
359.873333333333,363.4,59.2746558950705,33,3
359.295302013423,364.523489932886,59.4672589219411,29,3
359.143835616438,364.931506849315,58.6003276385502,13,3
358.376712328767,366.315068493151,60.5044324704222,38,3
358.05,366.964285714286,61.9578766213615,16,3
357.258992805755,368.618705035971,62.2116486142675,37,3
356.548872180451,369.804511278195,63.2731045741205,28,3
356.207142857143,370.428571428571,65.4277620748458,15,3
355.540145985401,371.540145985401,62.9209144592615,27,3
355.220588235294,372.169117647059,64.4756896224745,19,3
354.62676056338,373.154929577465,60.9526764384425,22,3
353.931506849315,374.287671232877,59.5459198861076,30,3
353.698630136986,374.883561643836,59.34022370707,18,3
353.056737588652,376.070921985816,59.3405824815418,27,3
352.791366906475,376.517985611511,57.894196380059,16,3
352.161764705882,377.426470588235,59.9667792224761,21,3
351.394160583942,378.576642335766,60.8481661872541,25,3
351.268656716418,378.962686567164,60.7267095213133,9,3
350.424242424242,380.431818181818,62.6309587259947,34,3
350.1,381.076923076923,63.1377481940337,14,3
349.312,382.088,61.8515986915252,27,3
348.912408759124,382.729927007299,59.896084141724,16,3
348.455223880597,383.313432835821,58.6746203095329,17,3
347.852112676056,384.30985915493,58.7106756325824,24,3
347.418439716312,385.028368794326,59.5189535577057,17,3
346.909090909091,386.207792207792,60.3078253978808,29,3
346.322147651007,387.208053691275,59.3219464246105,29,3
346.111111111111,387.647058823529,60.0187267313532,18,3
345.246753246753,388.649350649351,59.6746191010393,29,3
344.88679245283,389.377358490566,61.2432397815219,19,3
344.037735849057,390.59748427673,65.2843904986898,32,3
343.383233532934,392.203592814371,68.5784316042022,38,3
342.935294117647,392.447058823529,66.4943561613962,17,3
342.619565217391,393.510869565217,68.9865051046499,36,3
342.481481481481,394.248677248677,69.8947834263625,23,3
342.215311004785,394.956937799043,65.1621662156832,36,3
341.473933649289,395.36018957346,56.6128555702485,42,3
340.975247524752,395.831683168317,55.2130330480046,23,3
340.875,395.9375,51.2848580744992,24,3
340.3,396.195,52.9935614546928,24,3
339.868292682927,396.541463414634,45.9475134987523,29,3
339.40099009901,396.69801980198,43.3798731971646,17,3
339.029411764706,396.754901960784,42.3809914805499,16,3
338.454545454545,396.954545454545,40.5109767975173,24,3
338.550724637681,397.164251207729,36.318750134228,23,3
337.882926829268,397.209756097561,35.528532088103,20,3
337.602941176471,397.362745098039,34.9449123389224,15,3
337.323671497585,397.594202898551,35.9131049913074,15,3
336.777777777778,397.75845410628,31.4270412174361,18,3
336.62380952381,397.785714285714,31.2638400631816,15,3
336.244131455399,397.863849765258,26.2311416275735,17,3
335.851162790698,397.879069767442,26.422817892439,22,3
335.613953488372,397.981395348837,27.440898646067,14,3
335.52752293578,397.97247706422,25.8423514194105,11,3
335.25,397.972727272727,23.9149012823048,12,3
335.232456140351,398.048245614035,23.4967054784527,14,3
334.95154185022,398.017621145374,22.4106561423515,11,3
334.845132743363,397.96017699115,22.222800833189,13,3
335,398.016949152542,21.7798556502423,20,3
334.774891774892,397.965367965368,21.8643658519527,11,3
334.533333333333,398.025,19.2181803167169,13,3
334.308016877637,398,20.0564230584887,13,3
334.185185185185,397.991769547325,19.7410146104082,10,3
333.584362139918,398.102880658436,18.7021632103534,16,3
333.637096774194,398.084677419355,17.4759949887997,11,3
333.585062240664,398.033195020747,17.9838004859202,13,3
333.128630705394,398.112033195021,16.6251362151644,16,3
332.962809917355,398.02479338843,15.4097797747749,11,3
332.774193548387,398.149193548387,15.4750312260678,16,3
332.627530364372,398.165991902834,16.2838326576827,9,3
332.514170040486,398.080971659919,16.0501003277323,6,3
332.238095238095,398.123015873016,15.8555328753339,15,3
332.29435483871,398.056451612903,15.0993591825829,16,3
332.145669291339,398.106299212598,14.7075080428865,20,3
331.709677419355,398.25,12.3631470757094,20,3
331.673228346457,398.259842519685,12.7003527487214,12,3
331.501945525292,398.229571984436,13.2278971329033,19,3
331.18875502008,398.220883534137,12.665547355963,14,3
330.968253968254,398.154761904762,13.0573780260183,13,3
330.862204724409,398.153543307087,13.1261148635033,6,3
330.767716535433,398.263779527559,12.4388523430295,14,3
330.801526717557,398.164122137405,11.3739371904126,12,3
330.509727626459,398.190661478599,11.1495438488782,15,3
330.625954198473,398.053435114504,11.679219788858,15,3
330.50936329588,398.142322097378,11.4066344055919,11,3
330.376425855513,398.087452471483,10.5373521286336,18,3
330.250965250965,397.969111969112,10.9372475751649,16,3
329.896551724138,398.022988505747,10.1481192255767,20,3
330.026315789474,397.962406015038,10.675590107705,9,3
330,397.939393939394,10.3985531595374,10,3
329.872180451128,398,9.50110739198725,8,3
329.631970260223,397.96282527881,8.72875133159794,13,3
329.714814814815,397.940740740741,9.13608074591683,9,3
329.498141263941,397.966542750929,9.13517355104584,13,3
329.353159851301,398.066914498141,9.4393425759675,16,3
328.901960784314,398,10.2326470505204,16,3
328.519841269841,398.071428571429,10.5082785678361,19,3
NaN,NaN,NaN,252,3
409.155279503106,249.329192546584,7.34790537057467,NaN,4
409.159509202454,249.386503067485,8.17973786268716,10,4
409.16149068323,249.285714285714,9.06334161866751,6,4
409.141975308642,249.364197530864,8.1646604938189,9,4
409.067484662577,249.411042944785,7.48165787831272,11,4
409.358490566038,249.264150943396,9.62733508056585,12,4
409.354430379747,249.23417721519,9.78582971581517,15,4
409.333333333333,249.157232704403,9.53854781928202,3,4
409.40251572327,249.22641509434,10.1537863902916,6,4
409.048780487805,249.140243902439,9.59195799532699,13,4
409.121951219512,249.262195121951,9.26940730326782,16,4
409.484076433121,249.089171974522,14.884999641125,21,4
409.677631578947,249.243421052632,16.5349888258582,9,4
409.358208955224,249.589552238806,34.1519379405325,54,4
409.127659574468,249.936170212766,82.0521743053143,71,4
409.588235294118,248.713235294118,88.475249706626,37,4
410.034246575342,246.006849315069,72.8938075763252,64,4
410.333333333333,245.14880952381,65.3047571523576,38,4
411.690909090909,242.878787878788,60.3261592369989,109,4
414.529411764706,238.014705882353,75.1564790051845,101,4
415.295454545455,236.810606060606,76.6434710285044,36,4
417.028776978417,232.597122302158,75.8193285456547,89,4
417.945945945946,230.554054054054,70.0757490688586,45,4
419.699346405229,227.281045751634,55.9697132417402,85,4
421.751677852349,223.818791946309,54.7081790919756,78,4
422.657142857143,222.707142857143,56.777945017357,35,4
424.507352941176,219.367647058824,63.2462696268076,76,4
425.65671641791,217.492537313433,68.2187463193636,42,4
426.985185185185,215.333333333333,60.7143816068548,55,4
428.251748251748,213.167832167832,49.8930364142599,52,4
428.768707482993,212.455782312925,48.4074218240773,24,4
430.260273972603,210.493150684931,49.0764405319023,57,4
430.795918367347,209.863945578231,52.4001253594531,25,4
432.69465648855,207.572519083969,60.8352996540993,58,4
434.208955223881,205.440298507463,63.2484223991768,47,4
434.847826086957,204.268115942029,58.4300487857926,30,4
435.642335766423,203.313868613139,50.7704177604514,33,4
436.120567375887,202.425531914894,50.306933593609,24,4
437.304635761589,200.814569536424,44.9910350694607,46,4
438.220689655172,199.137931034483,44.5477823560434,50,4
439.128571428571,198.171428571429,45.8657886480677,33,4
440.641221374046,196.259541984733,55.2961334940526,51,4
441.410852713178,195.317829457364,58.0022919824924,26,4
443.040983606557,193.065573770492,61.1737045838949,57,4
444.16935483871,191.274193548387,57.9461653395321,44,4
444.862903225806,190.403225806452,55.7301675311665,24,4
446.466101694915,187.974576271186,50.8116476125197,52,4
446.898305084746,187.330508474576,49.8800266939181,22,4
447.762962962963,185.874074074074,49.6533836917461,41,4
449.114503816794,183.923664122137,53.1951350113203,44,4
449.9921875,182.890625,56.109359912425,27,4
451.1328125,181.09375,59.7151570568561,42,4
451.766129032258,180.411290322581,61.6563198726723,20,4
453.166666666667,178.396825396825,61.2379321815918,44,4
454.306451612903,176.532258064516,54.5591274687055,44,4
454.853846153846,175.876923076923,53.5929514743189,24,4
456.269230769231,174.023076923077,49.8779016366808,54,4
456.903703703704,173.251851851852,50.7179313891169,27,4
458.286821705426,171.100775193798,52.5426994729275,52,4
459.565891472868,169.139534883721,60.0050448180764,46,4
460.193798449612,168.403100775194,61.4242440206028,22,4
461.476923076923,166.438461538462,64.2161635528479,43,4
462.088888888889,165.77037037037,64.6619185864941,21,4
463.007246376812,164.391304347826,59.4858217236065,37,4
463.903448275862,162.965517241379,54.784701419138,49,4
464.471428571429,162.407142857143,53.5743951255236,29,4
465.786259541985,160.274809160305,51.9931205905424,53,4
466.421052631579,159.248120300752,55.9706075314421,28,4
467.492063492063,157.134920634921,62.8848571617332,41,4
468.458333333333,155.516666666667,68.2773710212107,34,4
468.932773109244,154.621848739496,67.7223414120521,21,4
469.864,152.688,66.6177963805553,40,4
470.279069767442,152.356589147287,64.5358115937227,16,4
471.311594202899,150.869565217391,61.6144990316225,41,4
472.268115942029,149.36231884058,60.3798897663443,42,4
472.777777777778,148.474074074074,58.9180964606911,27,4
473.744186046512,146.666666666667,59.84554777265,44,4
474.186991869919,145.609756097561,62.6624723347013,22,4
475.201612903226,144.120967741935,65.767579710546,35,4
476.088709677419,142.225806451613,68.1365555910153,38,4
476.306451612903,142,66.5224901620204,14,4
477.409090909091,140.333333333333,63.3282662751118,42,4
477.812030075188,139.466165413534,61.3509012400042,19,4
478.625899280576,138.273381294964,59.4222982937484,38,4
479.792857142857,136.342857142857,53.5459524011362,49,4
480.333333333333,135.296296296296,53.9895027919791,29,4
480.984126984127,134.246031746032,54.535816698508,27,4
481.5859375,132.9609375,57.1121455943731,28,4
482.790697674419,131.325581395349,63.1897884232153,35,4
483.592307692308,129.853846153846,65.8282866966378,37,4
484,129.445255474453,64.0339984893521,17,4
484.7,128.8,62.4184162720006,25,4
485.021126760563,128.12676056338,62.5943066919518,18,4
485.946666666667,126.48,60.0393889941992,38,4
486.79020979021,124.636363636364,57.5452702170473,47,4
487.390977443609,123.827067669173,57.6849275835786,22,4
487.936,122.416,60.9302685341845,30,4
488.240310077519,121.906976744186,64.1450174847664,14,4
489.149606299213,120.472440944882,66.8693788338034,38,4
490.008064516129,118.862903225806,68.4041577344455,41,4
490.261538461538,118.746153846154,67.7347406101652,18,4
491.229166666667,117.625,63.8322834587722,36,4
491.286666666667,117.333333333333,62.1855152131439,20,4
492.172413793103,115.986206896552,59.8448628466104,41,4
493.170212765957,113.879432624113,59.9317086713469,48,4
493.507462686567,113.111940298507,60.4810585538661,25,4
494.099236641221,111.381679389313,63.3088761977237,35,4
494.364341085271,110.596899224806,66.2868733703182,20,4
495.4375,108.875,73.3919624535572,43,4
496.023076923077,107.576923076923,70.8017008914744,30,4
496.525547445255,107.07299270073,70.4665903659686,21,4
497.178082191781,105.986301369863,68.5420272098803,33,4
497.284722222222,105.444444444444,67.5465117932894,22,4
497.978260869565,103.86231884058,63.5447223946396,48,4
498.534351145038,102.335877862595,62.5072288105015,37,4
499.244094488189,100.708661417323,62.1225148891767,26,4
500.031496062992,99.1574803149606,66.9105677302767,34,4
500.395161290323,98.3225806451613,68.7572391490069,17,4
500.872180451128,97.203007518797,69.8279897359798,27,4
501.488888888889,96.0666666666667,71.5736654283092,32,4
501.729927007299,95.3284671532847,69.5106587025414,18,4
502.13986013986,94.5104895104895,68.9115986963291,24,4
502.5,93.7671232876712,68.2917701692934,19,4
503.071942446043,92.2517985611511,65.3818816508178,35,4
503.573529411765,90.7867647058823,65.2523248248506,29,4
503.845588235294,90.0147058823529,65.867299705115,20,4
504.125925925926,89.1851851851852,65.83126931262,23,4
504.467153284672,88.4598540145985,67.3798827120819,22,4
504.934306569343,87.3284671532847,71.1677605670464,26,4
505.554744525547,86.8686131386861,68.342015316493,22,4
505.719178082192,87.1164383561644,66.195197370597,17,4
506.198675496689,86.9801324503311,64.2269868576369,19,4
506.47972972973,86.722972972973,62.9523652806701,9,4
506.793333333333,86.8733333333333,60.2189017585378,16,4
507.111111111111,86.6666666666667,56.8089526687654,23,4
507.389261744966,86.4295302013423,54.7646687271,12,4
507.705882352941,86.5424836601307,52.8765364474241,14,4
507.876623376623,86.4155844155844,50.8662893172347,13,4
508.143790849673,86.3006535947712,47.5255811995558,19,4
508.666666666667,86.3,47.226186882326,19,4
508.771241830065,86.4183006535948,46.5195983080703,11,4
509.019108280255,86.5095541401274,45.185945467221,22,4
509.348101265823,86.373417721519,44.7299513914107,11,4
509.802631578947,86.1973684210526,43.7756729389597,18,4
510.167785234899,86.2080536912752,43.3978265994279,13,4
510.609271523179,86,42.0528357615712,12,4
510.710526315789,86.1644736842105,42.6808558944757,11,4
510.644736842105,86.25,41.9393569593931,12,4
510.923566878981,86.2675159235669,41.271793737707,19,4
511.273885350318,86.171974522293,38.2584802286159,20,4
511.484076433121,86.203821656051,38.3169800115405,20,4
511.575,86.36875,38.4125224440889,17,4
511.828025477707,86.3630573248408,37.5721117956273,19,4
512.438709677419,86.0193548387097,37.0259274282292,28,4
512.78431372549,85.921568627451,36.907414256551,10,4
512.941935483871,85.9290322580645,35.1285252431739,14,4
512.969512195122,86.1524390243902,33.8166447826848,21,4
513.611111111111,85.9074074074074,34.538933248893,14,4
514.148148148148,85.7962962962963,33.2929413973655,18,4
514.49696969697,85.8,32.2522072270787,21,4
514.680722891566,85.6987951807229,30.9804088199787,13,4
515.13125,85.55625,29.7544771974514,18,4
515.378048780488,85.5731707317073,29.3496998350717,12,4
516.012195121951,85.6768292682927,27.5383379427963,28,4
517.20253164557,85.4240506329114,27.6233528167768,32,4
517.34375,85.475,28.405935392893,16,4
517.803680981595,85.6564417177914,28.7204959531708,21,4
518.179012345679,85.6358024691358,29.0060115837751,17,4
518.782608695652,85.4472049689441,30.2972950277582,21,4
519.584905660377,85.2264150943396,29.4521406570806,22,4
519.829268292683,85.359756097561,29.1706856852558,13,4
520.272151898734,85.0759493670886,27.1951361222914,16,4
520.660377358491,85.0251572327044,26.1664160076146,13,4
521.05625,85.0125,25.36061053767,17,4
521.656050955414,84.9171974522293,23.8443500379457,19,4
522.246753246753,84.7662337662338,22.5916190411258,21,4
522.816993464052,84.5686274509804,22.96120846951,21,4
523.012987012987,84.5064935064935,20.8508179544035,21,4
523.487654320988,84.8024691358025,20.8671540087643,28,4
524.018404907975,84.7852760736196,21.4550560093966,21,4
523.993902439024,84.8475609756098,21.9097556631025,9,4
525.412903225806,84.5806451612903,25.8673690793212,31,4
525.162337662338,84.7077922077922,23.4061905482768,17,4
525.55,84.8125,22.1368785330943,22,4
526.692307692308,84.6474358974359,23.8983674025092,24,4
526.949044585987,84.6433121019108,22.8720057740007,11,4
527.685534591195,84.5911949685535,21.0967698212966,20,4
528.110429447853,84.4846625766871,19.9173803046093,20,4
529.072368421053,84.2434210526316,18.1896498040651,23,4
529.445945945946,84.0810810810811,17.2604788942595,20,4
529.972222222222,84,16.2730203472776,12,4
530.668874172185,84.2384105960265,17.3239265656368,27,4
531.094594594595,84.1621621621622,17.9842550774461,15,4
531.266666666667,84.2266666666667,17.3212628308679,22,4
531.831168831169,84.2077922077922,16.9242566467553,24,4
532.046052631579,84.2105263157895,17.5270926593142,10,4
NaN,NaN,NaN,152,4
384.463235294118,254.5,45.7786349118218,NaN,5
384.333333333333,254.572463768116,45.1057741775695,8,5
384.453237410072,254.402877697842,44.1962162424839,5,5
384.34328358209,254.559701492537,45.4328834271127,5,5
384.162962962963,254.562962962963,44.8887763281117,7,5
384.059701492537,254.776119402985,45.3305641918207,7,5
384.074626865672,254.716417910448,45.8837487436724,6,5
384.014925373134,254.776119402985,44.2666888593428,6,5
383.927536231884,254.724637681159,44.1379994757905,4,5
384.161764705882,254.698529411765,44.0502327750819,8,5
384.065693430657,254.693430656934,42.6033839731528,7,5
384.043795620438,254.627737226277,42.6554658016631,2,5
383.992753623188,254.594202898551,41.5828865732435,7,5
383.909090909091,254.678321678322,43.3771462451417,7,5
383.879432624113,254.645390070922,42.7647733797751,6,5
383.855072463768,254.63768115942,42.42676084851,5,5
383.773722627737,254.700729927007,42.7007919691672,1,5
383.771428571429,254.735714285714,43.2326591543877,7,5
383.607407407407,254.814814814815,42.7341026037176,5,5
383.78102189781,254.686131386861,42.0057581653671,2,5
383.536764705882,254.779411764706,42.8075137750664,5,5
383.557971014493,254.739130434783,42.8109972327807,2,5
383.627737226277,254.773722627737,41.9738855217294,3,5
383.477611940299,254.731343283582,42.0030847095643,5,5
383.423357664234,254.70802919708,41.7227311275287,5,5
383.401515151515,254.825757575758,41.6584907979347,5,5
383.31884057971,254.768115942029,41.1905690003334,8,5
383.371428571429,254.764285714286,40.0190968160775,6,5
383.280575539568,254.964028776978,41.0354912066409,9,5
383.201438848921,254.94964028777,39.6744181471212,6,5
383.18115942029,254.905797101449,39.5567058375792,7,5
383.066176470588,255.007352941176,40.6243885585441,10,5
382.936170212766,254.921985815603,40.3571330285663,7,5
382.906474820144,254.856115107914,39.8796064669183,6,5
382.888888888889,255,39.5793761446792,8,5
382.92700729927,255.029197080292,39.5897373263389,6,5
382.873134328358,255.014925373134,38.7313210191564,9,5
383.356643356643,254.545454545455,39.5543812854915,13,5
383.714285714286,253.925465838509,41.6304847830125,30,5
383.512345679012,254.012345679012,43.3434579959906,11,5
383.517441860465,253.779069767442,50.5328949070949,38,5
383.494318181818,253.403409090909,58.0458693959475,32,5
383.154761904762,253.553571428571,-85.6246758236775,82,5
383.385416666667,253.614583333333,-71.2043690142648,90,5
383.627118644068,254.937853107345,-63.3138011590157,55,5
385.617647058824,259.073529411765,-55.4112484762904,91,5
386.207407407407,259.748148148148,-60.555170679633,35,5
386.911764705882,261.345588235294,-67.9622149230849,41,5
387.806201550388,263.573643410853,-76.4359910105103,41,5
388.105691056911,264.80487804878,-81.5596339564636,24,5
388.432,266.424,-83.5320002245039,34,5
388.393700787402,267.204724409449,-82.6182098368701,18,5
388.25,268.583333333333,-79.0888321857932,33,5
388.266666666667,270,-77.9305426383918,23,5
388.330985915493,270.767605633803,-79.0048904789684,15,5
388.281481481481,272.022222222222,-80.4098358132214,27,5
388.347517730496,272.943262411348,-81.6578812413341,20,5
388.482517482517,274.426573426573,-86.5343967075741,28,5
388.407142857143,275.664285714286,88.8336374820851,31,5
388.467153284672,276.189781021898,87.0717062492774,17,5
388.224637681159,277.746376811594,83.6678479963395,33,5
388.095588235294,278.573529411765,82.0171910431246,16,5
387.839416058394,280.182481751825,79.16003145124,33,5
387.709923664122,281.740458015267,78.4899621639103,32,5
387.661654135338,282.067669172932,79.7901027184841,12,5
387.376923076923,283.915384615385,81.5113591368588,35,5
387.234375,284.59375,84.120691170182,12,5
386.944881889764,286.629921259843,89.9121806090381,33,5
386.735537190083,287.710743801653,-88.6907382795896,24,5
386.68,288.36,-88.1984579102213,16,5
386.483050847458,289.313559322034,-89.1519872140684,19,5
386.266129032258,289.846774193548,89.2747418339177,14,5
386.04,290.952,87.225287933439,17,5
385.968503937008,292.03937007874,84.4976746080861,20,5
385.90625,292.8046875,81.6585550716185,17,5
385.676923076923,294.184615384615,80.1349651226046,26,5
385.684615384615,294.792307692308,78.7858710692361,16,5
385.484848484848,295.75,80.2575747694449,18,5
385.2421875,297.28125,81.5676115543041,28,5
385.171875,297.953125,83.3156992874409,16,5
384.878048780488,299.048780487805,85.0469249876169,23,5
384.618644067797,299.940677966102,86.5333625504227,17,5
384.430894308943,300.861788617886,84.7850301918785,17,5
384.181102362205,302.023622047244,82.8894167956147,20,5
384,302.692307692308,82.4643012723481,13,5
383.868217054264,303.728682170543,79.9138601088734,21,5
383.548872180451,304.172932330827,78.3800843087481,14,5
383.401515151515,305.234848484848,78.2022194996513,21,5
383.212598425197,306.212598425197,77.3677735514397,25,5
383.176923076923,306.323076923077,78.1765657530265,9,5
382.962121212121,307.674242424242,80.4648176917927,22,5
382.856060606061,308.189393939394,82.1174184854737,10,5
382.364341085271,310.108527131783,85.3364881921156,35,5
382.214285714286,311.190476190476,86.3180374964003,19,5
382.09022556391,311.729323308271,85.6377280389704,11,5
381.893939393939,312.310606060606,85.883871687759,17,5
381.859259259259,312.755555555556,85.1938832459202,13,5
381.473684210526,314.203007518797,82.6496584110898,28,5
381.323308270677,315.451127819549,81.6098737796667,24,5
381.24427480916,316.030534351145,82.6745987664675,14,5
381.061538461538,316.515384615385,81.1746864017483,17,5
380.9609375,317.4296875,82.7582677053329,16,5
380.87786259542,318.24427480916,83.1226152241115,19,5
380.592,319.888,86.9646510887953,28,5
380.516129032258,320.435483870968,87.502792977575,17,5
380.392,321.536,88.2903857400492,21,5
380.2890625,321.671875,88.9457265705623,11,5
379.970149253731,322.835820895522,87.2311488844955,24,5
379.808823529412,323.875,86.990642980013,20,5
379.719696969697,324.371212121212,85.2674007215647,12,5
379.536231884058,325.782608695652,82.717787957443,26,5
379.424460431655,326.064748201439,82.0060278637938,9,5
379.3,326.885714285714,82.2620328863554,21,5
379.160583941606,328.299270072993,83.3017559754384,25,5
379.054263565891,328.550387596899,81.3112892445855,16,5
379.007407407407,329.548148148148,83.3334722160105,22,5
378.837037037037,330.103703703704,84.2941285996678,10,5
378.566929133858,331.795275590551,87.1686796668467,26,5
378.388888888889,332.825396825397,87.5063623350665,19,5
378.295454545455,333.25,86.4485107739,12,5
378.154411764706,334.073529411765,85.2552777850257,20,5
378.014598540146,334.532846715328,84.4974639824307,11,5
377.786764705882,335.448529411765,82.4059800249428,19,5
377.48905109489,336.678832116788,79.4092869908483,29,5
377.481751824818,337.109489051095,78.4542974997277,14,5
377.282608695652,338.014492753623,77.6884583826128,23,5
377.111111111111,338.459259259259,78.6313022706373,15,5
377.058823529412,339.382352941176,80.2157833268652,21,5
376.908396946565,340.786259541985,81.2492785387865,25,5
376.7734375,341.28125,82.6128230206856,17,5
376.488,342.32,85.9876042737237,21,5
376.388888888889,343.007936507937,86.741815068957,11,5
376,343.930769230769,85.1621026552903,18,5
375.716417910448,344.835820895522,84.9710569231141,24,5
375.58273381295,345.302158273381,83.9766268709203,13,5
375.214285714286,346.035714285714,82.9524223748909,21,5
375.007299270073,346.824817518248,81.785328185965,19,5
374.962962962963,347.822222222222,81.4918565622992,18,5
374.693430656934,348.948905109489,80.0689279409471,22,5
374.640287769784,349.302158273381,79.9149395132274,16,5
374.428571428571,350.285714285714,80.423104779401,20,5
374.31654676259,350.669064748201,80.639155931211,10,5
373.96992481203,351.721804511278,81.1602572256982,24,5
373.765625,352.828125,82.3213880041039,21,5
373.613636363636,353.257575757576,82.1348809262007,14,5
373.195488721805,354.360902255639,82.0055329036296,19,5
373.097744360902,354.87969924812,82.2692980400973,10,5
372.868613138686,355.248175182482,80.7639113179528,14,5
372.524475524476,356.146853146853,79.2630304502362,20,5
372.536764705882,356.426470588235,78.4012305556801,11,5
372.078014184397,357.617021276596,76.7244486048217,27,5
372.064285714286,357.921428571429,76.6929416825013,11,5
371.732394366197,358.781690140845,76.4230476989631,24,5
371.597122302158,359.762589928058,75.882280580602,17,5
371.448529411765,360.323529411765,76.0890008059229,13,5
371.288888888889,360.985185185185,76.6306648775249,15,5
371.090909090909,361.590909090909,77.1097089336569,13,5
370.793893129771,362.541984732824,78.1826570509055,21,5
370.434108527132,363.403100775194,79.5422631582009,16,5
370.299212598425,364.07874015748,79.519227111244,12,5
370.1015625,364.6640625,79.0367234354673,13,5
369.789473684211,364.96992481203,78.5605961197277,15,5
369.457364341085,365.937984496124,77.1026218454566,18,5
369.274809160305,366.480916030534,76.9494736298554,14,5
369.129770992366,366.854961832061,75.2187878478185,10,5
368.722627737226,367.583941605839,74.6036114668761,20,5
368.588235294118,367.955882352941,73.9766885172567,9,5
368.398496240602,368.992481203008,74.3822015892523,17,5
368.281481481481,369.377777777778,74.5320957623876,20,5
368.118518518518,369.740740740741,74.2542797337211,8,5
367.678571428571,370.742857142857,75.2761289822361,23,5
367.654135338346,370.992481203008,75.5224022184627,13,5
367.419117647059,371.779411764706,77.0833173149281,17,5
367.0546875,372.75,78.6170645943684,20,5
366.870229007634,373.221374045802,79.3716912411827,11,5
366.37984496124,374.418604651163,80.7712255651629,24,5
366.229007633588,374.656488549618,80.0804707917277,8,5
365.992700729927,375.043795620438,78.639335587621,12,5
365.644444444444,376.177777777778,78.6025155874649,24,5
365.566176470588,376.588235294118,77.1474651820343,11,5
365.227272727273,377.083333333333,76.4509440277746,14,5
365.1640625,377.3984375,76.5963374583106,8,5
364.778625954198,378.488549618321,76.1330964518148,19,5
364.5,379.030303030303,75.7197738113061,13,5
364.430769230769,379.361538461538,75.7013831090472,8,5
364.15625,380.21875,76.3177762265938,18,5
364.0546875,380.5078125,75.7301975052067,8,5
363.62015503876,381.426356589147,76.4986670653586,19,5
363.48,382.224,76.6687352556604,14,5
363.44094488189,382.582677165354,76.1246387827785,10,5
363.068702290076,383.725190839695,79.5770265136521,20,5
362.937984496124,384.279069767442,80.3182283516568,14,5
362.609022556391,384.789473684211,79.2507573668936,22,5
362.369565217391,385.804347826087,80.5084984444846,15,5
362.153284671533,386.014598540146,79.940113312753,9,5
362.056737588652,386.382978723404,80.6454103005556,16,5
361.794871794872,387.108974358974,79.847578999706,25,5
361.448275862069,387.613793103448,80.6714973804357,21,5
361.210884353742,388.244897959184,81.2607240953671,14,5
360.926174496644,388.563758389262,78.0004840241649,14,5
360.714285714286,388.945578231293,76.977200928399,12,5
360.925925925926,389.648148148148,82.5532671260238,21,5
360.474025974026,389.792207792208,78.8791603056991,28,5
360.164705882353,390.988235294118,81.1773564070985,34,5
359.791208791209,392.065934065934,79.4665672922388,40,5
359.426136363636,392.301136363636,78.1025525614823,24,5
359.574585635359,392.701657458564,80.7069139068136,15,5
359.521505376344,393,82.2583465498928,23,5
358.897142857143,393.405714285714,77.418291998612,29,5
358.804733727811,393.218934911243,77.6657428083187,12,5
358.774011299435,393.80790960452,76.4152986202362,18,5
358.505813953488,393.976744186047,76.1679901018975,13,5
358.195402298851,394.155172413793,73.9867431748825,16,5
358.084745762712,394.468926553672,76.4127553896176,19,5
357.964912280702,394.93567251462,77.8203198352172,16,5
357.590909090909,395.420454545455,75.1294269715048,19,5
357.517045454545,395.346590909091,75.0698054883367,18,5
357.483146067416,395.477528089888,73.5336384793061,12,5
357.385057471264,395.51724137931,77.9668029699439,20,5
356.860465116279,395.761627906977,72.8533152744067,20,5
357.046875,396.328125,78.9113433773531,30,5
356.681818181818,396.434343434343,74.0698449169978,18,5
356.890547263682,396.502487562189,79.1658794245659,13,5
356.65,396.475,73.548156443026,11,5
356.421052631579,396.468899521531,51.9447548564177,25,5
356.79802955665,396.581280788177,53.0088982143176,32,5
356.169154228856,396.651741293532,60.7210484317485,24,5
355.699481865285,396.554404145078,67.8541542563175,18,5
356.266331658291,396.698492462312,59.3017215701461,16,5
355.896373056995,396.704663212435,74.361031592759,16,5
355.70618556701,396.644329896907,71.2524354971602,15,5
355.215053763441,396.575268817204,71.9221410962319,16,5
355.620320855615,396.572192513369,72.3933861967522,15,5
355.441624365482,396.380710659898,70.2430490301578,18,5
355.582089552239,396.582089552239,60.1393449986651,24,5
355.309278350515,396.757731958763,58.415222056133,31,5
355.205,396.67,53.949066369155,18,5
354.695652173913,396.385869565217,68.3847954088583,18,5
354.711229946524,396.27807486631,70.2840616676943,17,5
354.554945054945,396.39010989011,73.0854208481805,17,5
354.110497237569,396.165745856354,66.7839907735738,23,5
354.470899470899,396.164021164021,64.239849078627,18,5
354.558974358974,396.112820512821,69.5376699465493,24,5
354.554455445545,396.044554455446,73.351301127509,21,5
354.475,396.055,74.5331447468835,12,5
354.062827225131,396.03664921466,69.0015722987362,25,5
353.931937172775,396.204188481675,71.8387944433962,16,5
354.041237113402,396.015463917526,71.2541588455517,25,5
353.80829015544,395.927461139896,68.4193692242444,19,5
353.573770491803,395.469945355191,67.6528825855935,22,5
353.212643678161,395.67816091954,72.2153117031005,23,5
353.345945945946,395.562162162162,68.1460671394034,23,5
353.465608465608,395.703703703704,70.9433877409756,24,5
352.934426229508,395.333333333333,69.4241638491092,22,5
353.31,395.79,70.3618059732632,33,5
353.512077294686,395.821256038647,61.6305482126678,27,5
353.015384615385,395.666666666667,71.7008349225518,24,5
352.969696969697,395.752525252525,70.2105049303501,39,5
