424.980769230769,250.682692307692,44.9105172095227,NaN,1
425.102803738318,250.570093457944,43.9615929594302,5,1
425.179245283019,250.518867924528,43.663525983367,3,1
425.130841121495,250.495327102804,43.3712007202676,5,1
425.125,250.519230769231,43.9590418120412,5,1
425.028846153846,250.596153846154,43.9289486173776,4,1
425.057142857143,250.619047619048,43.8757173265212,1,1
425.11320754717,250.566037735849,42.8563343214055,5,1
425.134615384615,250.567307692308,43.5787800307033,2,1
425.188679245283,250.481132075472,43.1187156314671,2,1
425.398230088496,250.16814159292,45.1850613130845,7,1
425.369369369369,250.162162162162,45.4188177504867,2,1
425.475,249.85,46.5898188175051,13,1
425.763779527559,249.685039370079,43.4290502080086,13,1
425.8359375,249.8125,36.306991432003,19,1
424.962686567164,249.813432835821,32.2160348031805,42,1
424.5,249.69696969697,31.2752440567774,36,1
424.22641509434,248.704402515723,27.2692342178021,53,1
420.589743589744,248.641025641026,-48.6882869090136,98,1
419.270491803279,248.049180327869,-35.2693297890251,37,1
417.485294117647,247.316176470588,-19.1333843328962,56,1
416.5,246.540540540541,12.7624805385396,46,1
413.73381294964,246.323741007194,30.8759139019152,85,1
410.740157480315,247.125984251969,17.4086653929066,74,1
408.873015873016,247.571428571429,10.7249109057596,43,1
405.873949579832,247.966386554622,-17.5783468253191,75,1
404.421052631579,248.19298245614,-24.3971035842175,39,1
401.991596638655,247.798319327731,-8.29187366227978,65,1
399.8,247.708333333333,9.8996077370666,71,1
398.130434782609,248.086956521739,16.5490023069894,39,1
395.973214285714,248.571428571429,6.32326790218608,47,1
395.088495575221,248.699115044248,1.24171022000129,17,1
392.442307692308,248.730769230769,-8.94258180542457,51,1
390.787037037037,248.305555555556,-6.01066498771337,40,1
389.495238095238,248.019047619048,0.602552324139706,21,1
386.58,248.05,5.95363690674013,51,1
385.336734693878,248.15306122449,2.40684611639355,22,1
383.14,247.99,-13.2235318153501,42,1
381.115384615385,247.567307692308,-19.3767935805644,42,1
379.885416666667,247.020833333333,-16.5690730225144,26,1
378.092592592593,246.759259259259,-11.9558043505575,34,1
376.941176470588,246.725490196078,-2.45715218524596,26,1
374.714285714286,246.464285714286,0.383724686736796,46,1
371.611111111111,246.481481481481,-14.1288273028216,58,1
370.590163934426,246.090163934426,-14.878265680219,32,1
367.834782608696,245.8,-21.9094992954978,55,1
367.275,245.55,-19.2334708807482,29,1
364.886956521739,245.417391304348,-11.5973090777926,55,1
362.504424778761,245.238938053097,-3.89065465188936,54,1
360.900900900901,245.198198198198,-5.28546331253459,34,1
358.036036036036,245.027027027027,-12.3895329491882,70,1
356.409090909091,244.781818181818,-13.5610054250032,39,1
354.837037037037,244.577777777778,-12.0220463964219,57,1
352.349593495935,244.268292682927,-3.85378358341026,58,1
351.00826446281,244.413223140496,1.65833504932739,32,1
347.582608695652,244.565217391304,6.02113475136901,62,1
345.816513761468,244.834862385321,1.61992940896333,30,1
343.327586206897,244.775862068966,-10.9482823462143,53,1
340.884297520661,244.842975206612,-11.800951230882,57,1
339.658536585366,244.650406504065,-4.35387814546556,28,1
336.900826446281,244.669421487603,5.23567597649691,56,1
335.7,244.816666666667,6.57117892365078,31,1
332.741379310345,245.362068965517,-4.21954688839498,56,1
329.967213114754,244.983606557377,-9.24889447864704,64,1
329.091666666667,245.183333333333,-4.77151064412794,30,1
326.72268907563,245.033613445378,-1.42081156606712,59,1
325.444444444444,245.264957264957,4.08251830042986,28,1
322.941176470588,245.579831932773,4.35119270391235,52,1
320.30701754386,245.885964912281,-7.80449822567375,51,1
319.231404958678,245.603305785124,-7.49550768447365,31,1
316.548672566372,245.646017699115,-4.94952786321969,58,1
316,245.516393442623,-3.71264235182646,23,1
313.045454545455,245.754545454545,8.34999002597741,58,1
310.561403508772,245.912280701754,3.20497565935561,48,1
308.982905982906,245.991452991453,-1.68575037055808,35,1
306.542372881356,246.076271186441,-12.3845556739336,55,1
305.352459016393,245.696721311475,-13.3555504913912,34,1
302.85,245.675,-3.61117704416133,54,1
300.393162393162,245.74358974359,6.46313049594478,59,1
299.132231404959,246.107438016529,4.63121697307708,32,1
295.862068965517,246.215517241379,-3.14874888595756,63,1
294.394957983193,246.210084033613,-8.89686389607209,35,1
292.24427480916,246.099236641221,-7.20185210442339,60,1
289.479674796748,246.276422764228,4.45828901675236,62,1
287.678260869565,246.55652173913,9.83619072066858,38,1
285.491379310345,247.025862068966,4.10910935986732,49,1
283.700854700855,247.598290598291,-7.22241498560932,35,1
281.134453781513,247.176470588235,-10.5255928309633,58,1
279.568345323741,247.287769784173,-5.11319802306166,60,1
277.631147540984,247.139344262295,1.37068010501219,41,1
275.322033898305,247.703389830508,6.40019954015932,56,1
273.736842105263,247.973684210526,6.94005825859214,32,1
271.049180327869,248.155737704918,0.478125966404366,62,1
268.783582089552,248.298507462687,-4.77009030720245,64,1
267.782945736434,248.503875968992,-0.764714368680499,39,1
265.452380952381,248.769841269841,4.52278533636973,51,1
264.031746031746,248.81746031746,10.9994795703601,38,1
261.579365079365,249.261904761905,6.11674903080361,52,1
258.508196721311,249.114754098361,-4.90261990441558,64,1
257.961538461538,249.092307692308,-3.35090753960784,22,1
255.492063492063,249.103174603175,3.12656811765131,62,1
254.433333333333,249.241666666667,6.34088244165994,24,1
251.816666666667,249.666666666667,7.26869159450883,56,1
249.055555555556,250.111111111111,0.0287846069991069,58,1
248.146153846154,250.023076923077,-3.40216566701851,32,1
245.676923076923,249.976923076923,-3.11739486080328,66,1
245.152173913043,250.021739130435,-0.11023999301715,24,1
242.192,250.016,12.8335685333514,59,1
239.573770491803,250.745901639344,12.8296919532776,57,1
238.162790697674,250.922480620155,9.57298572012079,27,1
235.782608695652,251.253623188406,0.841433814953937,63,1
234.986013986014,251.216783216783,-1.89554104560715,31,1
233.409395973154,251.489932885906,-1.62926025062983,62,1
229.932835820896,251.634328358209,11.257385695075,73,1
228.406015037594,252.368421052632,9.40325405644866,43,1
225.285714285714,252.924369747899,5.13178509857344,64,1
224.238095238095,253.031746031746,5.73634512512843,29,1
222.586956521739,253.420289855072,4.52768744486326,56,1
220.81884057971,253.521739130435,11.008298480087,46,1
219.007692307692,254.130769230769,14.8685251179552,36,1
215.98275862069,255.215517241379,14.3943127945267,62,1
214.573770491803,255.918032786885,11.961399725363,36,1
212.176,256.168,6.95709902597128,57,1
210.957446808511,256.475177304965,9.42694622658355,52,1
209.559701492537,256.791044776119,8.29346122706662,31,1
206.256,257.712,16.3255519747585,63,1
204.715447154472,258.032520325203,18.4143336569714,32,1
202.28125,258.8984375,5.15809340949395,53,1
199.909090909091,259.159090909091,1.77339080594647,68,1
199.204379562044,259.343065693431,3.14303844661696,27,1
196.848920863309,259.640287769784,8.64438584292573,60,1
195.874074074074,259.822222222222,10.4810042512131,26,1
192.611111111111,260.714285714286,13.1142676352081,63,1
189.814814814815,261.222222222222,9.56679957792328,59,1
188.524822695035,261.588652482269,4.07975093344141,40,1
186.850340136054,261.925170068027,5.29552299901187,54,1
185.979166666667,261.923611111111,5.30236871748535,29,1
183.036231884058,262.355072463768,17.6526243208737,64,1
180.925925925926,263.059259259259,18.1221501780089,57,1
179.118518518519,263.481481481481,12.6621330451349,42,1
177.074829931973,263.87074829932,7.9154597956713,60,1
176.478527607362,263.932515337423,7.65606900075736,38,1
174.349693251534,264.668711656442,8.88081840832727,60,1
171.64238410596,265.185430463576,18.635873584971,66,1
170.405405405405,265.594594594595,17.7549104124351,33,1
167.949685534591,266.220125786164,16.2212874714415,55,1
167.083333333333,266.47619047619,10.6719954706317,31,1
165.056603773585,266.899371069182,4.59730413512553,65,1
163.460526315789,267.171052631579,8.11097194111754,45,1
162.471698113208,267.647798742138,12.3972575934772,31,1
159.443661971831,268.204225352113,16.9148889184154,63,1
157.776923076923,268.423076923077,18.1764818620282,34,1
154.658536585366,268.951219512195,11.9425619248558,57,1
152.975806451613,269.661290322581,7.62034040487132,47,1
151.241379310345,270.206896551724,7.21821540751606,36,1
148.275229357798,270.908256880734,11.8095136866648,55,1
146.46,271.35,16.2172767149945,29,1
143.483870967742,272.043010752688,8.27727899748971,45,1
143.141414141414,272.232323232323,0.945783892953359,24,1
143.247524752475,272.346534653465,-0.370450550795064,18,1
143.378640776699,272.902912621359,4.03514773575038,32,1
143.554545454545,273.145454545455,3.61651749250181,17,1
143.427184466019,273.844660194175,6.79001312900622,37,1
143.041666666667,274.041666666667,2.74023632505233,13,1
142.90625,274.177083333333,0.964291075956529,10,1
143.322916666667,274.3125,0.439626566964429,22,1
143.846153846154,274.567307692308,4.60171194622385,18,1
144.699115044248,274.761061946903,11.3996371754016,37,1
143.441176470588,275.490196078431,21.4564890966549,49,1
142.80412371134,276.020618556701,25.5084200631695,25,1
141.739130434783,276.75,23.8308212778714,25,1
NaN,NaN,NaN,92,1
402.104838709677,249.41935483871,-9.45134825804343,NaN,2
402.136,249.328,-9.25294281600253,5,2
402.129032258065,249.41935483871,-8.509552036239,3,2
402.121951219512,249.390243902439,-9.27588945798433,3,2
402.206349206349,249.373015873016,-8.63502700082252,5,2
402.266129032258,249.427419354839,-9.06548463738712,4,2
402.219512195122,249.390243902439,-8.89918274605244,3,2
402.33064516129,249.41935483871,-9.00033716268147,3,2
402.322033898305,249.440677966102,-8.89770187195961,6,2
402.157024793388,249.330578512397,-9.53276482766824,5,2
402.088709677419,249.395161290323,-8.26627347002546,5,2
402.137096774194,249.459677419355,-7.82505584338175,2,2
402.3046875,249.4296875,-8.30826769333109,4,2
402.056451612903,249.379032258065,-8.41546688338617,4,2
402.296,249.4,-8.28809066439539,7,2
402.15,249.525,-8.46444751041269,7,2
402.190082644628,249.504132231405,-7.99302675621187,3,2
402.141666666667,249.516666666667,-8.25029573530375,1,2
402.081300813008,249.512195121951,-7.84153057751025,3,2
402.141666666667,249.516666666667,-8.25029573530375,3,2
402.141666666667,249.516666666667,-8.25029573530375,0,2
402.153225806452,249.467741935484,-7.65812800189753,4,2
402.066115702479,249.512396694215,-8.10929049726662,5,2
402.176470588235,249.621848739496,-7.04800562246684,4,2
402,249.536585365854,-7.75247370737823,6,2
402.239669421488,249.636363636364,-7.40457131105095,4,2
401.991596638655,249.563025210084,-7.95606962926841,6,2
402.109243697479,249.613445378151,-7.66972550956808,2,2
402.075,249.608333333333,-7.22488700676646,3,2
401.967213114754,249.581967213115,-7.26194005960572,4,2
402.008333333333,249.525,-7.57736240200303,2,2
402.098360655738,249.508196721311,-7.53445341967213,8,2
402.128205128205,249.606837606838,-6.10839465512019,11,2
402.454545454545,251.072727272727,-13.5042352390692,50,2
403.190476190476,250.75,-10.2620567447165,43,2
403.05325443787,250.467455621302,-5.64513768244236,25,2
402.832369942197,250.173410404624,0.993168709945441,34,2
403.379679144385,250.03743315508,6.32060218803301,30,2
403.142857142857,249.908571428571,10.8227649927792,40,2
400.94964028777,250.58273381295,-12.1340339491714,58,2
401.114093959732,250.302013422819,-20.4513866643588,24,2
400.350746268657,249.835820895522,-34.920851260191,45,2
399.074074074074,248.577777777778,-43.190644912662,43,2
396.617021276596,246.787234042553,-40.5706448344164,96,2
390.866071428571,242.821428571429,-13.9995498973783,105,2
388.735849056604,241.943396226415,-17.4219946848372,42,2
386.020202020202,240.69696969697,-31.2952895502803,63,2
384.463157894737,240.178947368421,-54.6553483150645,36,2
382.428571428571,237.714285714286,-66.3676227258883,57,2
380.31067961165,234.932038834951,-57.3712292506639,59,2
379.514851485149,234.356435643564,-46.5282368578878,21,2
378.314814814815,232.898148148148,-39.2958965127388,50,2
377.570175438596,232.184210526316,-39.2450672698959,34,2
375.571428571429,230.466666666667,-55.8500949266711,47,2
374.118279569892,227.903225806452,-69.9057355726799,52,2
373.510638297872,226.925531914894,-63.9597063521883,23,2
372.417475728155,225.077669902913,-54.4393905328325,39,2
371.944444444444,224.472222222222,-47.7307553276036,21,2
370.902654867257,223.017699115044,-45.6307934229798,45,2
369.445544554455,220.752475247525,-57.682394665927,54,2
368.41935483871,219.41935483871,-66.1704842265589,30,2
367.318181818182,216.943181818182,-73.8821212811688,45,2
366.771739130435,215.532608695652,-74.0515386329604,26,2
365.82,213.9,-64.1189205306663,40,2
365.039215686275,211.980392156863,-59.270410620351,48,2
364.27,210.49,-67.6425926461929,28,2
363.450549450549,207.593406593407,89.6456568529346,51,2
363.313131313131,206.464646464646,88.3087037896574,22,2
363.138888888889,204.944444444444,-80.7236316125727,33,2
362.4,203.3,-72.7726055700585,40,2
361.873873873874,202.135135135135,-65.9612057352522,33,2
361.178217821782,199.811881188119,-63.1666151881119,60,2
360.765306122449,198.173469387755,-69.2371272991995,33,2
360.403846153846,196.173076923077,-78.3017354730109,48,2
359.448598130841,193.495327102804,-76.7129792146116,49,2
358.838095238095,192.27619047619,-69.9491620688051,24,2
358.21,190.99,-58.4446469024772,37,2
357.247524752475,189.079207920792,-58.5793524689965,39,2
356.144230769231,186.576923076923,-65.9846611771467,49,2
354.813725490196,184.06862745098,-75.1321362129069,50,2
354.276595744681,182.989361702128,-70.9025587001503,24,2
353.092783505155,180.783505154639,-59.4433028774975,49,2
352.427272727273,179.663636363636,-56.3283282995506,31,2
351.486956521739,177.95652173913,-55.0757691151452,45,2
349.666666666667,175.171428571429,-68.1170410824004,58,2
348.939393939394,173.848484848485,-73.1867539175162,26,2
347.990196078431,171.941176470588,-74.042779525781,47,2
347.462962962963,170.527777777778,-73.2021351704249,28,2
346.371681415929,168.929203539823,-61.7217870238562,45,2
345.101851851852,166.509259259259,-58.0480278840199,51,2
344.244680851064,164.914893617021,-60.3854838360886,32,2
342.88,162.19,-71.573168259338,54,2
342.481132075472,161.358490566038,-73.4055044563603,26,2
341.333333333333,159.138888888889,-66.5299632546539,44,2
340.158878504673,157.504672897196,-57.9372997859313,39,2
339.21875,155.854166666667,-55.2211358375474,29,2
337.645833333333,153.28125,-62.0035512452076,48,2
337.103092783505,152.278350515464,-72.2300213761096,25,2
336.115384615385,150.365384615385,-79.3332190737979,43,2
335.432432432432,148.531531531532,-73.3328678831979,35,2
335,147.952380952381,-68.2454575848718,18,2
333.421686746988,144.204819277108,-61.6304556973501,64,2
333.136363636364,142.931818181818,-64.1683896726021,23,2
332.467391304348,141.20652173913,-73.2474755560609,32,2
331.8,140.057142857143,-73.8521188930696,33,2
331.168316831683,138.732673267327,-70.5764753688411,22,2
330.349514563107,136.922330097087,-63.8067834486872,36,2
329.905660377359,135.962264150943,-62.5372947639569,17,2
328.618556701031,133.092783505155,-63.8170587877839,47,2
327.628865979381,130.886597938144,-74.0541725741964,38,2
327.177083333333,130.083333333333,-69.9750405088185,21,2
326.134020618557,128.237113402062,-66.212097112811,39,2
325.62,127.3,-62.2690096321002,23,2
324.401869158879,125.682242990654,-59.9678939074058,41,2
322.988764044944,122.820224719101,-61.5366708393897,46,2
322.444444444444,121.855555555556,-64.3876535289889,21,2
321.19587628866,119.711340206186,-69.2584664389822,39,2
320.686274509804,118.617647058824,-68.6844372671657,19,2
319.460784313725,116.843137254902,-59.6729734116405,36,2
318.18,115.03,-56.2070367447462,34,2
316.919540229885,113.080459770115,-57.2835719250026,33,2
315.693181818182,111.090909090909,-64.9661610561015,37,2
315.166666666667,109.770833333333,-70.6852473581516,26,2
314.19587628866,107.917525773196,-70.0224692660252,35,2
313.196261682243,106.383177570093,-60.7075885744,44,2
312.456310679612,105.271844660194,-55.3982076366793,22,2
311.03125,103.1875,-55.8676511492072,43,2
310.412371134021,101.556701030928,-61.4426579654588,29,2
NaN,NaN,NaN,97,2
NaN,NaN,NaN,0,2
NaN,NaN,NaN,0,2
NaN,NaN,NaN,0,2
NaN,NaN,NaN,0,2
NaN,NaN,NaN,0,2
NaN,NaN,NaN,0,2
NaN,NaN,NaN,0,2
NaN,NaN,NaN,0,2
NaN,NaN,NaN,0,2
NaN,NaN,NaN,0,2
NaN,NaN,NaN,0,2
NaN,NaN,NaN,0,2
NaN,NaN,NaN,0,2
NaN,NaN,NaN,0,2
NaN,NaN,NaN,0,2
NaN,NaN,NaN,0,2
NaN,NaN,NaN,0,2
NaN,NaN,NaN,0,2
419.809523809524,249.371428571429,-44.2887019726707,NaN,3
419.754716981132,249.349056603774,-44.2433136554662,5,3
419.87619047619,249.447619047619,-45.166798492982,11,3
419.971153846154,249.403846153846,-45.6694170305237,3,3
419.913461538462,249.413461538462,-45.7932200638306,8,3
420.009433962264,249.377358490566,-45.5084783356589,22,3
419.961538461538,249.048076923077,-47.1481388857516,16,3
419.192660550459,248.935779816514,-23.1804824978095,43,3
418.533898305085,248.406779661017,-6.71319958766941,35,3
418.276422764228,248.308943089431,18.0597778561259,23,3
418.631578947368,247.921052631579,27.496107286756,41,3
419.669902912621,247.864077669903,38.9883987103492,33,3
421.774774774775,246.459459459459,32.5889870887178,44,3
423.729508196721,245.303278688525,13.4322540826089,53,3
424.573770491803,244.901639344262,-19.2229808025438,40,3
426.16,245.43,-40.4077091258185,60,3
427.323529411765,246.970588235294,-42.9460929806971,44,3
429.98,248.4,-37.8959399430196,52,3
431.92523364486,249.252336448598,-25.0747691662102,49,3
433.317307692308,250.230769230769,-19.7648656810533,35,3
435.164948453608,250.659793814433,-18.7555477710157,47,3
436.646017699115,251.362831858407,-39.7863236489883,38,3
438.239316239316,252.452991452991,-41.6394345786099,48,3
440.435185185185,254.157407407407,-29.1602442428383,53,3
441.029126213592,254.883495145631,-22.6791487660821,23,3
443.408163265306,255.530612244898,-6.42707131376491,45,3
444.224299065421,255.990654205607,-7.10759805775236,27,3
446.704,255.976,-16.0732794972249,62,3
450.144144144144,257.189189189189,-15.3697553016729,70,3
450.918032786885,257.409836065574,-9.7145009868932,25,3
453.923728813559,257.974576271186,-4.4450459777881,56,3
455.333333333333,257.910569105691,2.63008504823769,25,3
458.196428571429,257.785714285714,17.8467391125043,55,3
461.490740740741,257.037037037037,13.5871538296543,56,3
462.906542056075,256.934579439252,3.81265620234765,29,3
465.703389830508,256.406779661017,-8.68146226234002,61,3
466.852459016393,256.459016393443,-10.9594864888182,30,3
469.733333333333,256.483333333333,-6.86458091150264,56,3
472.875,256.607142857143,10.0719680319299,58,3
474.961904761905,256.371428571429,15.9821536052493,39,3
477.737288135593,255.457627118644,9.98612633514678,55,3
479.452991452991,255.153846153846,4.8648853035034,33,3
482.352941176471,254.739495798319,-7.79501865815591,54,3
485.109243697479,254.521008403361,-3.33011294342589,52,3
486.353448275862,254.5,0.409669507130405,25,3
489.237288135593,253.728813559322,18.064588061319,58,3
490.775862068966,253.310344827586,25.1319055959548,28,3
493.898148148148,251.638888888889,19.9901715610102,62,3
496.263157894737,250.771929824561,8.21609386582241,44,3
497.694915254237,250.398305084746,6.89363132527548,26,3
500.157480314961,249.55905511811,10.8272637331366,47,3
501.368,249.216,13.9302209444919,26,3
504.265486725664,248.132743362832,25.8984665251552,54,3
506.849557522124,246.778761061947,25.8882142605733,50,3
508.491228070175,245.763157894737,19.638977272198,33,3
510.675,244.975,13.8515149567472,48,3
511.81746031746,244.333333333333,13.3631377122889,30,3
514.096,243.6,14.7741905058185,51,3
516.853658536585,242.471544715447,25.3487687122549,60,3
518.225225225225,241.693693693694,28.3357467058844,30,3
520.625,240.107142857143,28.1082196179166,55,3
521.683760683761,239.547008547009,22.0017401407989,31,3
524.142857142857,238.468253968254,15.7192505737013,59,3
526.761904761905,237.888888888889,13.1726398206495,62,3
528.169491525424,237.152542372881,18.5066054691233,36,3
530.401709401709,236.350427350427,23.5433592456758,57,3
531.982142857143,235.589285714286,31.5757088421867,41,3
534.585585585586,234.189189189189,24.2196298227408,59,3
536.705882352941,233.327731092437,5.26142495712863,56,3
538.112,233.128,9.73001912638804,36,3
540.46875,232.6953125,12.2271386401708,57,3
541.357723577236,232.138211382114,16.0857935837872,37,3
543.991304347826,231.104347826087,29.6177535004131,72,3
546.857142857143,229.732142857143,30.6680606772686,63,3
547.853211009174,229.266055045872,26.0746630804036,25,3
550.364406779661,227.720338983051,17.8467351201672,69,3
551.177419354839,227.411290322581,17.6967024695304,34,3
553.068376068376,226.547008547009,22.0023945300574,57,3
555.546218487395,225.386554621849,34.07658082345,64,3
556.780952380952,224.647619047619,36.3548744635312,36,3
559.134615384615,222.836538461538,38.5047376195026,51,3
559.845454545455,222.227272727273,33.1493123997824,26,3
561.512820512821,221.282051282051,22.254195175318,51,3
563.991071428571,220.232142857143,21.8323771854466,59,3
564.792792792793,219.936936936937,22.4781651546719,21,3
567.48623853211,218.495412844037,31.5413827873262,54,3
568.551401869159,217.803738317757,36.1215010244383,36,3
570.922330097087,216.485436893204,33.277904867095,42,3
572.945454545455,215.4,23.0328548489147,39,3
573.881818181818,215.118181818182,21.0288396877186,20,3
576.298245614035,213.894736842105,21.5517083118241,46,3
577.226086956522,213.608695652174,21.4883187921796,19,3
579.263157894737,212.543859649123,31.339739019346,55,3
582.145631067961,210.669902912621,32.4938923733847,59,3
583.472222222222,209.583333333333,24.4321192363723,35,3
585.616071428571,208.919642857143,16.769115497966,42,3
586.614035087719,208.473684210526,17.0124317476588,22,3
588.387931034483,207.724137931034,22.242085185822,44,3
590.80701754386,206.728070175439,33.6995440792946,54,3
591.921568627451,206.117647058824,35.886005070257,24,3
594.018518518518,204.101851851852,38.4926305998892,54,3
595.590909090909,202.981818181818,34.2775680199397,34,3
597.465517241379,202.043103448276,30.0551481597632,40,3
599.535714285714,200.660714285714,28.3616479430622,48,3
600.486725663717,200.238938053097,29.5484985607051,23,3
602.48623853211,198.963302752294,42.6844389864873,50,3
603.61320754717,197.933962264151,46.9499859832192,27,3
606.072164948454,195.40206185567,50.6887334529169,57,3
607.700934579439,193.85046728972,39.9227899071561,38,3
608.228571428571,193.52380952381,35.4415037704872,22,3
609.886956521739,192.147826086957,31.8645291893055,40,3
610.816666666667,191.366666666667,38.661782617669,31,3
612.419642857143,189.642857142857,47.9731265356131,50,3
614.480769230769,187.567307692308,54.3519304603057,52,3
615.594059405941,186.168316831683,49.5010283446928,29,3
617.421052631579,184.184210526316,39.5383045411728,45,3
618.076923076923,183.760683760684,32.3870715274816,25,3
619.581196581197,182.649572649573,35.6455559380892,40,3
621.074380165289,181.479338842975,42.8954003127831,40,3
622.495412844037,180.275229357798,50.6869490610795,40,3
624.274509803922,178.313725490196,52.4604038453711,47,3
625.316831683168,177.267326732673,50.2376384751738,27,3
626.336283185841,176.185840707965,41.4840525184156,46,3
628.169491525424,174.610169491525,36.8174149457685,51,3
628.666666666667,174.35,35.1326880939053,22,3
630.25641025641,172.897435897436,43.6499448724266,47,3
631.27731092437,171.773109243697,51.2147321207007,32,3
633.054054054054,169.954954954955,56.4618939557147,54,3
635.039215686274,167.676470588235,46.9258966208942,55,3
635.851851851852,167.138888888889,46.0072338377277,30,3
637.154545454545,166.127272727273,38.5463481506452,38,3
638.042016806723,165.168067226891,39.4393643292882,27,3
639.675675675676,163.747747747748,44.5107647436569,44,3
641.254716981132,162.188679245283,52.0530888664357,43,3
642.578947368421,160.842105263158,52.4488263988205,27,3
644.494736842105,158.736842105263,44.2804018923747,40,3
645.18,158.05,40.8829864842765,25,3
646.989361702128,156.659574468085,34.3441602145706,42,3
648.239130434783,155.663043478261,37.0896192001202,36,3
648.934065934066,155.032967032967,42.4268556903643,23,3
651.024390243902,152.987804878049,54.5333911416188,45,3
652.086419753086,151.777777777778,60.104985264694,25,3
653.651162790698,149.802325581395,46.6225966466908,37,3
655.05376344086,148.612903225806,37.391659849535,35,3
656.223404255319,147.851063829787,35.9656017571934,25,3
657.584158415842,146.633663366337,41.3186935720362,33,3
657.94,145.98,45.7818645241647,15,3
658.96875,144.0625,64.6104607326508,46,3
659.307692307692,142.120879120879,75.3912982551825,39,3
659.452631578947,141.463157894737,74.6674927849611,22,3
659.504950495049,140.178217821782,72.6780893707432,24,3
659.479591836735,139.438775510204,69.6860791675594,19,3
659.514563106796,138.407766990291,72.2109627153064,27,3
660.021505376344,136.397849462366,81.3675366779878,36,3
660.282608695652,135.369565217391,87.2959458438895,17,3
660.306818181818,133.465909090909,88.5603693870672,30,3
660.289156626506,132.698795180723,85.0223846868599,13,3
660.270588235294,131.035294117647,77.2803517662622,26,3
660.347826086957,129.565217391304,72.1635823873678,27,3
660.35632183908,128.908045977011,75.186748828556,15,3
660.523255813953,126.988372093023,82.3426757403681,33,3
NaN,NaN,NaN,86,3
393.376237623762,233.386138613861,-39.7033962312404,NaN,4
393.29,233.32,-39.5820156032016,3,4
393.277227722772,233.356435643564,-39.7538309114103,1,4
393.21,233.28,-38.7482854361246,3,4
393.287128712871,233.405940594059,-39.4196186774019,3,4
393.19801980198,233.316831683168,-38.9270835365523,2,4
393.316831683168,233.50495049505,-38.2889537999892,4,4
393.504854368932,233.514563106796,-38.8500834623974,8,4
393.77358490566,233.783018867925,-40.4041505704925,7,4
394.243243243243,234.36036036036,-42.7988746203051,13,4
394.62015503876,235.131782945736,-45.5044064826725,26,4
394.768656716418,234.910447761194,-40.5302085367424,19,4
395.058394160584,235.029197080292,-41.5676703291353,17,4
395.111111111111,235.388888888889,-50.778573610164,37,4
395.034965034965,236.034965034965,-63.0057505248208,31,4
394.755244755245,235.496503496503,-66.4137688718703,28,4
393.5625,234.359375,-70.3598409079088,67,4
391.884210526316,230.873684210526,-62.5752189489159,51,4
390.659793814433,229.237113402062,-44.0494370401311,46,4
390.038461538462,228.826923076923,-32.7361476978812,27,4
387.694444444444,228.194444444444,6.60716677305892,58,4
385.184210526316,228.780701754386,4.27941143661199,58,4
383.523364485981,228.803738317757,-2.85856089265438,33,4
380.422018348624,228.495412844037,-27.2626146976484,64,4
379.267857142857,228.276785714286,-35.139661225492,29,4
376.539215686275,227.343137254902,-24.3763245234743,60,4
374.607476635514,226.943925233645,-0.939416764725909,45,4
373.495327102804,226.682242990654,12.6382453360576,30,4
371.654205607477,227.158878504673,17.9333124061034,50,4
370.407407407407,227.175925925926,21.0808649473655,25,4
368.421052631579,228.342105263158,7.51551497658014,52,4
366.214285714286,228.642857142857,-6.9650435813289,56,4
365.357142857143,228.705357142857,-4.37244821477013,22,4
363.384615384615,228.923076923077,3.46165869336574,44,4
363.194690265487,229.185840707965,3.78552948140629,19,4
360.990909090909,229.618181818182,13.2990323222771,55,4
358.398058252427,230.640776699029,19.9951191701444,53,4
357.247524752475,231.108910891089,16.9414586492022,24,4
355.194174757282,231.514563106796,9.2818419123766,46,4
354.429906542056,231.719626168224,8.44356053833772,24,4
352.392857142857,232.258928571429,8.70266452998981,35,4
350.254545454545,232.9,15.1209311240893,38,4
348.819047619048,233.657142857143,22.0823527282296,35,4
346.897959183673,234.795918367347,21.2849900493392,47,4
345.472222222222,235.527777777778,24.3730662996935,28,4
343.526315789474,236.561403508772,23.9740375392414,44,4
341.603448275862,237.870689655172,20.7330141770784,48,4
340.803418803419,238.136752136752,20.7014518333469,25,4
338.642201834862,239,24.6214751609282,52,4
337.504504504504,239.207207207207,27.4643354788472,30,4
335.736363636364,240.054545454545,38.0826029248427,39,4
333.72,241.85,47.0260671672464,50,4
332.91,242.89,47.68185069927,22,4
331.567307692308,243.769230769231,43.0016406632637,28,4
330.720720720721,244.837837837838,43.5830770840721,23,4
329.214285714286,246.071428571429,40.881147373337,41,4
327.866071428571,247.660714285714,42.652158647006,36,4
326.990654205607,248.626168224299,45.5214636582029,25,4
325.529411764706,250.637254901961,56.5527461146993,43,4
325.051546391753,251.896907216495,56.5398250861954,23,4
323.657142857143,253.609523809524,52.5727478907822,36,4
322.339449541284,255.275229357798,43.7160535959169,34,4
321.761061946903,255.690265486726,38.8515473739555,14,4
320.339130434783,256.991304347826,38.3618163512002,40,4
319.590163934426,257.83606557377,42.1254206475688,23,4
317.53982300885,259.787610619469,49.7284115523058,51,4
316.105769230769,262.028846153846,59.2378835046359,49,4
315.711538461538,262.653846153846,58.6921053109515,18,4
314.220183486239,264.559633027523,52.8267016121021,39,4
313.728070175439,265.131578947368,54.0769885261424,19,4
312.274336283186,266.769911504425,52.2339478452543,41,4
310.923076923077,268.239316239316,55.3728903752329,40,4
310.05504587156,269.43119266055,59.6150003323288,28,4
309,271.41,68.601629119967,41,4
308.432989690722,272.474226804124,71.5643223529563,21,4
307.490196078431,274.254901960784,67.6966988031958,31,4
306.327586206897,275.991379310345,62.0559179423987,38,4
305.724770642202,276.935779816514,54.4678445716469,19,4
304.609090909091,278.490909090909,51.0808869633531,41,4
303.646551724138,279.922413793103,56.3654058315749,32,4
302.307692307692,281.675213675214,63.6740839968132,37,4
300.80612244898,284.071428571429,71.8061424939996,51,4
300.237113402062,284.886597938144,68.2376499142146,19,4
299.084905660377,286.38679245283,60.5487766265578,37,4
298.514563106796,287.029126213592,57.0249623911637,17,4
297.298245614035,288.491228070175,51.2472001658902,45,4
296.254098360656,289.729508196721,54.5447916515953,32,4
295.75652173913,290.669565217391,59.0519566083237,27,4
294.72380952381,292.180952380952,64.8768183758455,36,4
293.843137254902,293.803921568627,73.8844420220419,33,4
292.774774774775,295.882882882883,71.7466052899789,41,4
291.919642857143,297.303571428571,64.526407488264,33,4
291.109090909091,298.481818181818,57.6276784553048,26,4
289.963302752294,300.091743119266,57.006321536027,39,4
289.589743589744,300.854700854701,61.8211422648439,24,4
288.409090909091,302.836363636364,68.3457182384573,41,4
287.52,305.07,76.3109703129121,42,4
287.135922330097,305.912621359223,72.6479308305809,17,4
286.327272727273,307.927272727273,67.1067011673331,35,4
285.706422018349,308.94495412844,63.3925826475634,23,4
284.442477876106,310.973451327434,56.41614071784,44,4
283.517857142857,312.196428571429,58.5926138619035,39,4
283.018018018018,313.171171171171,64.4754298084286,25,4
281.979797979798,315.515151515152,81.007249339635,42,4
281.5,316.895833333333,84.0016220875181,25,4
281.067307692308,318.682692307692,79.3110634422697,34,4
280.401785714286,320.6875,69.9679924008546,40,4
279.888888888889,322.009259259259,63.5053275042437,26,4
279.194444444444,323.712962962963,65.015491129135,36,4
278.82905982906,324.401709401709,65.8848731455292,23,4
278.293577981651,326.284403669725,72.9598807099842,38,4
277.813725490196,328.470588235294,80.2551726837158,41,4
277.650485436893,329.271844660194,78.1391382264442,19,4
277.177570093458,331.336448598131,76.8474242523235,38,4
276.889908256881,332.614678899083,71.9025748650905,26,4
276.207207207207,334.414414414414,71.8046543377294,36,4
275.571428571429,336.357142857143,70.6373946525701,39,4
275.464285714286,337.008928571429,73.3380763427786,12,4
274.941176470588,339.303921568627,84.5183091403375,42,4
274.754901960784,340.274509803922,88.3795659089776,26,4
274.247422680412,342.453608247423,85.8411985180059,39,4
273.5,344.446428571429,80.3122144201598,39,4
273.261682242991,345.663551401869,76.0612027462528,23,4
272.745614035088,347.140350877193,73.9133192799417,39,4
272.440677966102,347.889830508475,75.852761755844,18,4
272.060869565217,349.773913043478,81.439229982219,33,4
271.557692307692,352.048076923077,89.4213452755704,49,4
271.242424242424,353.767676767677,-86.2510739525329,25,4
270.95,355.99,89.5686809439436,41,4
270.628571428571,356.742857142857,86.5382994551325,19,4
270.027027027027,358.855855855856,74.8114364755153,38,4
269.336363636364,361.118181818182,74.8510885382579,45,4
269.12380952381,361.904761904762,73.1582544364551,19,4
268.811320754717,363.622641509434,81.5168513593983,39,4
268.592592592593,364.546296296296,86.7900074054756,20,4
268.371134020619,367.247422680412,-86.9407084787711,47,4
268.33,369.59,88.7472713010385,33,4
268.134020618557,370.072164948454,86.647733822904,15,4
267.766990291262,372.184466019417,84.9780275272316,40,4
267.740740740741,373.111111111111,88.3244786707799,17,4
267.648148148148,374.472222222222,-87.9417139621854,28,4
267.912621359223,376.650485436893,-80.1309647547867,47,4
268.053191489362,377.882978723404,-77.5621354268164,21,4
268.609195402299,381.172413793103,-89.406701096352,47,4
268.536082474227,382.20618556701,84.8769547390834,18,4
268.235849056604,383.830188679245,77.743813409193,29,4
268.029126213592,385.757281553398,78.3569156100177,39,4
267.989898989899,386.323232323232,79.5810250499471,14,4
267.90625,388.229166666667,87.7532270477673,33,4
267.93,389.34,-87.1230911088474,24,4
268.010752688172,391.301075268817,-82.5534606606424,35,4
268.115789473684,393.210526315789,-85.1839744686896,28,4
268.063829787234,394.010638297872,-88.1463674942373,17,4
267.934782608696,395.847826086957,84.3214173676889,32,4
267.747368421053,396.789473684211,84.1798884295342,19,4
267.628865979381,397.876288659794,86.4051367814829,26,4
267.613636363636,399.579545454545,-85.1891654527171,33,4
267.744680851064,399.851063829787,-81.9852260391525,16,4
267.5,400.173913043478,-76.9429051816302,22,4
267.505376344086,400.387096774194,-74.5591332223884,13,4
267.397727272727,401.136363636364,-76.2026816209857,21,4
267.117021276596,400.925531914894,-78.1214906164844,18,4
267.073684210526,400.8,-77.4438569166918,11,4
267.085714285714,400.266666666667,-75.0259817284783,22,4
267.078431372549,399.990196078431,-72.641242579023,15,4
267.473684210526,399.957894736842,-68.4522543680312,19,4
267.811111111111,400.1,-62.8807082650824,25,4
267.838709677419,400.021505376344,-62.4025439620632,9,4
268.065934065934,400.274725274725,-65.8867067408912,20,4
