388.412213740458,237.557251908397,-7.40279336872573,NaN,1
388.419847328244,237.534351145038,-7.27841384802228,4,1
388.385826771654,237.425196850394,-7.01322982062455,6,1
388.4453125,237.5703125,-6.88968657446211,7,1
388.625,237.5625,-6.18970607027529,4,1
388.456,237.512,-6.18626365859817,5,1
388.503937007874,237.44094488189,-5.83809019485995,4,1
388.511627906977,237.410852713178,-6.49229398606227,4,1
388.353846153846,237.507692307692,-6.11793000795524,7,1
388.625,237.515625,-7.5099999319759,10,1
388.5078125,237.546875,-6.26871361607374,12,1
388.5234375,237.546875,-6.45508272613884,2,1
388.356589147287,237.426356589147,-7.74199578266592,7,1
388.618320610687,237.465648854962,-7.86738863731497,6,1
388.459677419355,237.387096774194,-7.08753189233817,9,1
388.274809160305,237.587786259542,-7.1325947965161,9,1
388.312,237.568,-6.46630419836977,6,1
388.251908396947,237.519083969466,-7.90646348346384,6,1
388.346153846154,237.638461538462,-6.67198638229848,7,1
388.253846153846,237.553846153846,-7.80779509155187,8,1
388.296875,237.625,-7.11376722491536,2,1
388.251968503937,237.551181102362,-6.25527511254957,7,1
388.566929133858,237.488188976378,-3.85130547776263,20,1
388.333333333333,237.581395348837,-0.596349956202102,16,1
388.432835820896,237.791044776119,28.4668821277522,57,1
387.315436241611,238.409395973154,33.5224788729977,79,1
384.522727272727,240.340909090909,17.4459718524869,63,1
381.666666666667,241.651162790698,16.9193223458687,77,1
379.601503759398,242.578947368421,29.8019177007973,50,1
375.739837398374,245.333333333333,46.8119023819503,94,1
372.177966101695,248.372881355932,23.6579667029051,83,1
369.484210526316,249.515789473684,14.0844613125028,55,1
364.825688073394,251.48623853211,27.1908154526334,84,1
362.708333333333,252.625,41.3205572768479,47,1
358.918699186992,254.886178861789,57.2162016917298,89,1
356.515873015873,256.849206349206,55.0070921495377,57,1
355.043859649123,258.008771929825,54.0609301239507,42,1
352.961538461538,260.153846153846,63.5316312073588,58,1
352.283185840708,260.893805309734,70.3032838418475,27,1
350.937007874016,263.149606299213,68.4183160981266,50,1
349.563909774436,265.323308270677,66.6607506561654,44,1
349.044117647059,266.382352941176,64.3018831108276,27,1
347.705426356589,268.53488372093,62.3756855037218,53,1
347.2,269.676923076923,62.8735533945742,29,1
346.105263157895,272.631578947368,86.9331037830293,52,1
346.045045045045,275.207207207207,-81.7487876510334,47,1
346.091743119266,275.935779816514,-83.0626669107153,20,1
346.280701754386,277.728070175439,-87.955227909706,43,1
346.357723577236,279.146341463415,88.3931395213889,31,1
346.803278688525,281.565573770492,84.5461746672518,51,1
346.901639344262,284.303278688525,-88.6028679242644,48,1
347.050847457627,285.381355932203,-85.7345928290227,26,1
347.333333333333,288,-81.1707399870088,44,1
347.525862068966,289.344827586207,-85.4099086627607,32,1
347.520325203252,291.390243902439,85.5711064715302,47,1
347.805084745763,294.254237288136,78.6038104225801,51,1
347.655172413793,295.405172413793,79.9325242970571,28,1
347.654867256637,297.743362831858,86.3540193863156,47,1
347.559322033898,299.21186440678,87.4804530730066,31,1
347.525862068966,302.25,86.7108286083839,50,1
347.299145299145,304.735042735043,80.2348201101794,43,1
347.296610169492,305.567796610169,77.516449475475,21,1
346.889830508475,307.898305084746,76.5501547875271,46,1
346.713178294574,309.364341085271,79.1313181528595,25,1
346.422764227642,311.861788617886,87.3816497567051,46,1
346.264957264957,314.726495726496,-86.5429530747157,48,1
346.232142857143,315.9375,89.7191617549248,25,1
346.036036036036,317.981981981982,84.4497269956007,39,1
345.8,319.7,83.545021405416,31,1
345.6171875,321.96875,84.7743595402865,42,1
345.605042016807,324.655462184874,-88.4729953846604,49,1
345.678260869565,325.721739130435,-86.1849609991779,22,1
345.809090909091,328.181818181818,-82.2690333712189,43,1
345.940170940171,330.094017094017,-85.4887169040653,31,1
346.114754098361,332.622950819672,87.9690229244018,45,1
346.239669421488,334.950413223141,87.4830486013898,43,1
346.27731092437,335.714285714286,-88.9927353940989,16,1
346.442477876106,338.185840707965,-82.2684878314942,44,1
346.666666666667,339.375,-78.0832627362129,27,1
347.140350877193,342.324561403509,-80.2749091170067,50,1
347.447368421053,344.456140350877,-86.1570134730497,36,1
347.535087719298,345.640350877193,-88.3716790497958,22,1
347.617391304348,347.878260869565,-86.7030936569478,39,1
347.803418803419,349.136752136752,-83.6869656907032,24,1
348.016806722689,351.100840336134,-81.3077157630515,34,1
348.423728813559,353.305084745763,-75.7507340903214,43,1
348.663636363636,354.336363636364,-77.2825106990238,22,1
348.9375,356.178571428571,-83.4617291654898,34,1
349.094017094017,357.726495726496,-86.8350024738783,27,1
349.40350877193,359.80701754386,-86.4237069035557,39,1
349.690265486726,362.097345132743,-80.6014878341314,43,1
349.862385321101,362.467889908257,-78.019594076581,16,1
350.306306306306,364.540540540541,-73.1457326721417,38,1
350.57264957265,365.888888888889,-73.7399795708866,24,1
351.084033613445,368.033613445378,-79.1694542925071,40,1
351.683760683761,370.350427350427,-82.4693703705296,46,1
351.811965811966,371.401709401709,-82.5946746925778,20,1
352.254237288136,373.542372881356,-78.6628434105258,39,1
352.44262295082,374.450819672131,-78.2848629961958,26,1
353.081967213115,376.696721311475,-69.4625691090193,44,1
353.769911504425,379.247787610619,-70.0162846024746,45,1
354.127272727273,380.172727272727,-71.6355053425502,19,1
354.607476635514,382.280373831776,-77.5804945626908,43,1
354.9,383.809090909091,-80.4240635549484,27,1
355.44347826087,385.8,-78.743280168741,43,1
356.093220338983,387.64406779661,-74.3867941040034,37,1
356.353982300885,388.318584070796,-71.0544075098192,17,1
356.861111111111,390.157407407407,-68.2491013024129,35,1
357.280701754386,391.052631578947,-69.6155555175371,22,1
358.029702970297,393.217821782178,-75.8646549006834,39,1
358.489583333333,395.135416666667,-82.5307528516977,29,1
358.795918367347,396.357142857143,-84.1565053427947,22,1
359.06862745098,397.43137254902,-80.496795537162,22,1
359.21359223301,398.252427184466,-81.574317679987,15,1
359.644859813084,399.822429906542,-75.4711161973564,28,1
360.009345794393,400.523364485981,-71.4056668535247,16,1
360.242990654206,400.728971962617,-69.0746361205938,10,1
360.794392523364,401.065420560748,-62.3904621134074,24,1
360.945454545455,401.218181818182,-60.469571467367,9,1
361.45045045045,401.342342342342,-56.8356208115827,15,1
361.823008849558,401.353982300885,-56.0977740258126,12,1
362,401.483050847458,-55.0118890914002,9,1
362.486956521739,401.652173913043,-54.5002946453124,13,1
362.543103448276,401.646551724138,-53.0420176996782,7,1
363.034482758621,402.060344827586,-52.2475101862213,12,1
363.185840707965,402.106194690266,-51.1221712871285,7,1
363.521739130435,402.182608695652,-49.3239572568632,12,1
363.747826086957,402.295652173913,-48.5174888134868,8,1
363.955752212389,402.46017699115,-47.2836084051544,6,1
364.24347826087,402.486956521739,-46.8733706872789,8,1
364.552631578947,402.456140350877,-44.5061436129866,11,1
364.790909090909,402.672727272727,-43.9005394621698,6,1
364.921052631579,402.578947368421,-44.2392774892361,8,1
365.053571428571,402.705357142857,-44.55997082252,4,1
364.921739130435,402.478260869565,-44.0806984266538,5,1
365.379310344828,402.620689655172,-43.3578265996929,11,1
365.598214285714,402.633928571429,-43.5997608521744,8,1
365.94495412844,402.715596330275,-45.3289542153014,9,1
366.118181818182,402.754545454545,-44.6237609343041,7,1
NaN,NaN,NaN,110,1
421.993006993007,247.027972027972,35.4887485716095,NaN,2
421.928571428571,247.085714285714,33.3780287510718,9,2
421.742857142857,247.185714285714,34.3104435260381,8,2
421.808510638298,247.191489361702,33.367449749582,9,2
421.73381294964,247.179856115108,33.710184402712,2,2
421.79020979021,247.13986013986,33.6694260104214,6,2
421.780821917808,247.123287671233,34.7207631396319,11,2
421.958620689655,246.931034482759,34.7908831838809,7,2
421.945205479452,246.91095890411,34.627931770123,5,2
422.041958041958,246.888111888112,34.9813571017877,9,2
421.8,247.092857142857,33.5427638572591,9,2
422.042253521127,246.830985915493,35.180075291452,10,2
421.871428571429,246.992857142857,32.8886228900482,8,2
421.846153846154,246.958041958042,34.6931261376302,7,2
421.888888888889,246.965277777778,34.6022416646996,3,2
421.919708029197,247.014598540146,33.601566448989,7,2
421.936170212766,246.815602836879,34.8517475539816,10,2
421.753521126761,246.901408450704,35.3485292898762,7,2
421.95,246.95,36.7284224656398,14,2
422.593984962406,246.451127819549,34.2606057764041,23,2
422.887323943662,246.267605633803,25.4625307819313,37,2
422.754966887417,246.344370860927,22.1123239898305,27,2
423.035714285714,246.27380952381,-19.017879926935,41,2
424.844827586207,245.948275862069,-9.4184540909518,92,2
426.717647058824,246.247058823529,-1.10511448295751,52,2
430.452702702703,245.810810810811,33.2710984908204,94,2
432.305194805195,245.441558441558,63.8822472306733,56,2
435.428571428571,241.21768707483,60.5257152073974,109,2
438.676258992806,237.194244604317,39.0598605246783,114,2
441.252252252252,235.108108108108,38.697480731997,66,2
444.201923076923,231.490384615385,69.1059433478966,91,2
445.313043478261,228.773913043478,85.2486858131652,55,2
446.7734375,225.1875,66.6322545751257,77,2
448.758620689655,220.681034482759,47.2347790398658,94,2
450,219.085714285714,49.8915667765418,37,2
451.789473684211,215.850877192982,69.2355744240053,67,2
452.784,213.792,77.8841237857395,41,2
453.609022556391,210.894736842105,69.3214881703252,60,2
454.719696969697,208.136363636364,57.9840939286899,63,2
455.36,206.848,60.6965980719333,31,2
456.702479338843,204.413223140496,68.7791725671191,56,2
457.09022556391,203.488721804511,71.2340230688995,26,2
458.123076923077,200.938461538462,76.0351307593719,53,2
459.160305343511,198.519083969466,70.1075788307906,51,2
459.637795275591,197.503937007874,61.0196622438784,24,2
460.487603305785,195.396694214876,54.5487919584398,48,2
460.901515151515,194.393939393939,56.3555926225515,33,2
461.875,192.265625,66.344994406691,50,2
463.2,189.712,73.2981759071562,61,2
463.620689655172,188.655172413793,65.1931696887836,25,2
464.688524590164,186.55737704918,52.9279246675695,52,2
465.496,185.168,49.1584226993173,35,2
466.613138686131,183.240875912409,48.122357673063,60,2
468,180.713114754098,59.952051968284,61,2
468.694915254237,179.737288135593,60.0400265201463,28,2
470.367521367521,177.08547008547,61.0078247588224,59,2
471.12,175.864,57.9483255666089,30,2
472.346153846154,173.723076923077,47.416350022971,61,2
473.832061068702,171.442748091603,42.7978213025858,59,2
474.75572519084,170.198473282443,44.7076447663194,38,2
476.417322834646,168.133858267717,54.0704045440493,60,2
477.468253968254,166.539682539683,62.1238304654463,37,2
479.217391304348,163.765217391304,63.1550562001021,63,2
480.66393442623,161.352459016393,52.8150679887511,57,2
481.15,160.708333333333,48.3825420142014,24,2
482.9296875,157.9140625,43.9511023482242,68,2
483.782608695652,156.579710144928,47.049295819062,34,2
485.753846153846,154.223076923077,54.8758992071751,62,2
487.50406504065,151.439024390244,62.160911338738,65,2
488.450819672131,149.901639344262,54.6234819086118,35,2
489.8,148.391666666667,45.9972349973216,46,2
490.707692307692,147.192307692308,43.6142919446428,36,2
492.543307086614,145.062992125984,37.4740614385464,55,2
494.526315789474,142.842105263158,44.5388755167116,56,2
495.65873015873,141.690476190476,47.6023889310268,31,2
497.28,139.64,56.0998240845258,53,2
498.303278688525,138.327868852459,59.3926489778378,31,2
500,136.180327868852,52.2356543217095,54,2
501.380952380952,134.484126984127,45.3115045369016,44,2
502.348837209302,133.317829457364,41.5105400521873,27,2
503.908396946565,131.595419847328,42.6045791556749,44,2
504.840909090909,130.757575757576,46.2442758536545,27,2
506.320610687023,128.809160305344,57.9585548630137,49,2
507.623076923077,126.607692307692,61.818223433043,51,2
508.48,125.496,58.0887868209478,27,2
509.943548387097,123.427419354839,50.6510965339382,47,2
510.623076923077,122.623076923077,48.6570091140292,26,2
511.741935483871,121.112903225806,42.7451999732472,38,2
513.2109375,119.2578125,44.1836840048788,43,2
513.9453125,118.328125,46.3368861962313,25,2
515.158333333333,117.016666666667,47.0025301097123,38,2
515.96062992126,115.96062992126,51.5551640782614,25,2
517.584745762712,113.932203389831,50.463576467851,47,2
518.674796747967,112.308943089431,43.6367739878375,41,2
519.293103448276,111.905172413793,39.4885670454928,17,2
520.788617886179,110.30081300813,35.1739575532059,45,2
521.488549618321,109.534351145038,38.6195298319783,28,2
523.212121212121,107.75,39.3139446274677,47,2
524.837209302326,106.209302325581,45.471021062673,47,2
525.700787401575,105.307086614173,46.5069918632202,26,2
527.153846153846,103.669230769231,48.1727980116226,45,2
528.104,102.768,44.8425527853191,23,2
529.279069767442,101.682170542636,39.7968767054555,34,2
530.430769230769,100.607692307692,36.7525311349445,37,2
531.0078125,100.234375,34.0093601301275,12,2
532.905511811024,98.5590551181102,32.3394570294993,49,2
533.896825396825,97.8650793650794,33.6858988054968,25,2
535.100775193798,96.6589147286822,40.6377102779839,35,2
536.8359375,94.8515625,47.8830388932993,47,2
537.496296296296,94.0666666666667,48.0232038943071,29,2
538.94776119403,92.865671641791,43.474306348757,37,2
539.774436090226,92.015037593985,41.0158415402017,27,2
541.064285714286,90.7785714285714,35.5427877350927,37,2
542.644444444444,89.762962962963,25.5024312520632,35,2
543.352941176471,89.5294117647059,20.9562105293366,17,2
544.73381294964,88.9208633093525,19.8171833291341,37,2
545.468085106383,88.9007092198582,18.1850035417488,24,2
547.110294117647,88.5220588235294,15.4651371947345,31,2
548.419847328244,88.3587786259542,14.82025789795,29,2
548.926470588235,88.4705882352941,16.1766147223703,17,2
549.814285714286,88.4357142857143,14.2492394820815,18,2
550.628571428571,88.2214285714286,12.3302264838999,20,2
551.929577464789,88.0845070422535,10.9732426857902,28,2
553.267175572519,87.7480916030534,8.61028254199468,29,2
554.192592592593,87.6444444444444,6.91688907890226,18,2
555.165467625899,87.7697841726619,6.73267384854868,26,2
555.876811594203,87.7173913043478,6.15535553535835,15,2
556.485714285714,87.75,7.38003360995801,20,2
558.439393939394,87.6666666666667,10.4814534289115,36,2
559.096296296296,87.5481481481481,11.1316099799575,11,2
559.8,87.6148148148148,12.128017908187,14,2
560.138686131387,87.6058394160584,12.9667387294376,12,2
561.140740740741,87.4962962962963,10.2650306598072,24,2
562.801587301587,87.4206349206349,12.9759078359954,31,2
563.1484375,87.40625,10.8355747509786,10,2
563.803149606299,87.3700787401575,12.5342748636189,13,2
564.147286821705,87.4108527131783,11.3969233231978,10,2
565.161290322581,87.2258064516129,9.75453775994107,21,2
566.096774193548,87.1370967741936,8.71220186640201,16,2
566.98347107438,87.1157024793388,7.58579883000405,17,2
567.453781512605,87,7.10539628174119,12,2
567.788617886179,86.9593495934959,7.00195187336164,8,2
568.31746031746,87.2063492063492,6.67701230922448,13,2
568.95041322314,86.9752066115702,5.29714665136279,17,2
569.508333333333,87.025,5.83728807312946,11,2
570.066115702479,87.0082644628099,6.14560904420966,15,2
NaN,NaN,NaN,121,2
427.193798449612,261.68992248062,66.6815054632686,NaN,3
427.233082706767,261.578947368421,67.2969527448062,6,3
427.380597014925,261.402985074627,66.3082347269904,5,3
427.318518518519,261.42962962963,66.32068505571,3,3
427.335766423358,261.343065693431,66.1414235505001,2,3
427.320610687023,261.519083969466,65.9246531788091,6,3
427.39552238806,261.39552238806,66.1900157020056,5,3
427.476923076923,261.384615384615,65.9099643163123,4,3
427.427480916031,261.473282442748,66.7221432513071,3,3
427.424242424242,261.454545454545,66.7219628393815,3,3
427.265151515152,261.621212121212,66.554333108188,4,3
427.410447761194,261.514925373134,66.4212691595604,4,3
427.325757575758,261.575757575758,66.643247362739,4,3
427.412213740458,261.603053435115,66.6888993990139,5,3
427.377777777778,261.503703703704,66.3891126625058,4,3
427.350746268657,261.410447761194,65.1087788129447,5,3
427.353383458647,261.353383458647,64.7819586534313,3,3
427.360902255639,261.533834586466,65.7061483273395,6,3
427.450381679389,261.511450381679,65.8262258178232,4,3
427.358778625954,261.389312977099,65.0450508171049,6,3
427.435114503817,261.351145038168,65.0344617900844,2,3
427.335820895522,261.365671641791,65.2892376276194,5,3
427.246153846154,261.538461538462,65.143401113691,4,3
427.166666666667,261.55303030303,65.173415896726,6,3
427.355555555556,261.437037037037,65.849503370621,7,3
427.298507462687,261.291044776119,64.984916624057,9,3
427.282442748092,261.473282442748,65.1036122515601,7,3
427.195488721805,261.360902255639,65.0260696110662,6,3
427.279069767442,261.348837209302,64.6576516291285,4,3
427.2421875,261.4296875,64.619359630124,1,3
427.315384615385,261.315384615385,64.3822260032326,2,3
427.311111111111,261.185185185185,63.8659885708271,5,3
427.244444444444,261.17037037037,63.6812688872171,2,3
427.325925925926,261.266666666667,63.7826415071729,4,3
427.18045112782,261.368421052632,63.8245290549783,6,3
427.157894736842,261.443609022556,64.3876916655268,4,3
427.093023255814,261.496124031008,63.5712410895003,6,3
427.113636363636,261.401515151515,64.2808404771042,5,3
427.151515151515,261.393939393939,64.1216406619234,4,3
427.189393939394,261.265151515152,63.6587020464615,6,3
427.15037593985,261.383458646617,63.859686533849,5,3
427.178294573643,261.426356589147,64.2408067892264,6,3
427.215384615385,261.346153846154,64.2832449383175,1,3
427.18320610687,261.320610687023,63.8123444715956,3,3
427.308270676692,261.15037593985,63.5551891066525,8,3
427.312977099237,261.251908396947,62.8488899993343,8,3
427.023076923077,261.630769230769,59.2937732188148,21,3
427,261.432835820896,56.7994299731001,14,3
426.30534351145,262.274809160305,10.4416444438836,75,3
424.536585365854,261.329268292683,-27.0743232628931,75,3
422.394904458599,261.031847133758,-18.2859259924972,59,3
419.4,260.36,4.0298793384681,85,3
417.826666666667,260.24,19.3852448358984,48,3
413.265734265734,261.160839160839,23.0455137848569,93,3
408.491666666667,262.85,11.1492930729745,103,3
405.528301886792,262.971698113208,13.0321853843126,50,3
402.205607476636,263.551401869159,36.0835779134907,73,3
400.405405405405,264.513513513513,55.6120295335695,50,3
398.16814159292,266.610619469027,64.1815309822039,58,3
396.608695652174,267.884057971014,59.1084490134941,49,3
395.855172413793,268.668965517241,55.009261604561,39,3
394.306569343066,270.905109489051,53.5483769652587,62,3
393.347826086957,272.188405797101,54.9213955390451,39,3
391.847457627119,275.084745762712,62.9346869332624,62,3
390.821705426357,276.992248062016,59.9051543706953,43,3
390.088709677419,278.572580645161,51.7294566546659,37,3
388.5625,280.4921875,43.4747488558845,54,3
387.8046875,281.6015625,40.0368651549502,32,3
385.6953125,283.8046875,47.6237034120761,60,3
383.969230769231,285.861538461538,64.8625404005131,56,3
383.124031007752,287.015503875969,65.3705888436007,31,3
381.4765625,289.828125,63.2257293200185,63,3
380.901515151515,290.727272727273,60.8886413614022,26,3
379.6484375,292.75,54.9509493336854,52,3
377.558333333333,295.658333333333,63.6688133034153,66,3
376.890909090909,296.736363636364,65.7614496789108,28,3
375.652173913043,299.730434782609,77.2130282513019,61,3
375.133333333333,300.983333333333,77.796752313441,29,3
374.0625,303.171875,67.6325307159499,50,3
372.664122137405,305.725190839695,58.9856483199012,59,3
371.814159292035,307,53.2812362097892,30,3
370.72268907563,309.672268907563,65.5025369153897,58,3
369.991869918699,311.349593495935,71.0100705397897,38,3
368.879032258065,314.185483870968,77.0058905768839,57,3
367.822033898305,316.805084745763,71.2002883836848,56,3
367.135593220339,318.203389830508,62.8783911824333,34,3
365.850877192982,320.605263157895,56.0485036979879,56,3
365.391666666667,321.683333333333,56.8908453621827,32,3
363.853448275862,324.293103448276,68.5904245106535,60,3
362.752212389381,326.902654867257,72.7636103921899,57,3
362.267857142857,328.071428571429,70.4242903590538,25,3
361.14406779661,330.28813559322,65.5609635493346,50,3
360.6,331.241666666667,61.8212944369279,24,3
359.544715447154,333.414634146341,59.6369309512696,51,3
358.009174311927,336.174311926606,61.4047696513946,56,3
357.839622641509,336.61320754717,65.6636614641437,21,3
356.980582524272,338.699029126214,70.4432392928814,49,3
356.214953271028,340.383177570093,74.9064303101759,34,3
355.272727272727,342.107438016529,70.575511443792,42,3
354.378151260504,344.268907563025,64.0450999602736,46,3
353.808333333333,345.358333333333,62.7989264043782,23,3
352.779661016949,347.516949152542,65.723535392748,50,3
352.338842975207,348.173553719008,66.4854401047135,21,3
351.508620689655,350.318965517241,76.1422340007869,41,3
350.796610169492,352.042372881356,78.1672561932057,36,3
350.495575221239,353.424778761062,79.0771641169721,25,3
349.836538461538,354.913461538462,73.204317583796,33,3
349.469026548673,355.911504424779,72.0308553964245,25,3
348.873949579832,357.336134453782,69.4702678949075,30,3
348.15,359.083333333333,67.8462894285647,39,3
347.873949579832,359.655462184874,67.9284590061636,19,3
346.857142857143,362.016806722689,73.2088078178235,50,3
346.688524590164,362.540983606557,73.6279213211277,23,3
346.025210084034,364.411764705882,76.0762755240491,35,3
345.333333333333,366.061403508772,76.7440295123638,39,3
345.140350877193,366.350877192982,75.936488468268,12,3
344.444444444444,368.08547008547,72.2955357368389,35,3
344.22131147541,368.401639344262,72.2847066691163,15,3
343.436974789916,370.025210084034,71.8239200837879,35,3
342.675,371.391666666667,70.2608179953437,29,3
342.486956521739,372.026086956522,72.2320971334085,11,3
341.899159663866,373.563025210084,78.3768104751392,32,3
341.554621848739,374.563025210084,82.6895281692252,20,3
341.228813559322,376.262711864407,87.2689481129078,33,3
340.853448275862,377.818965517241,89.3999066617226,28,3
340.710526315789,378.631578947368,87.3639651948058,16,3
340.376146788991,379.926605504587,84.0390277493264,29,3
340.149122807018,380.649122807018,82.6891569476164,15,3
339.646017699115,382.097345132743,81.1537789147767,33,3
339.3125,383.848214285714,80.2199325498954,29,3
339.095238095238,384.752380952381,82.245109184551,15,3
338.859813084112,386.065420560748,86.7157329175152,26,3
338.663636363636,386.790909090909,89.9757475071496,15,3
338.536363636364,388.181818181818,-88.176261269753,24,3
338.460784313725,390.117647058824,-87.9810154008265,30,3
338.346534653465,390.811881188119,89.159371752141,11,3
338.114285714286,392.209523809524,85.9336998129645,26,3
338,392.839622641509,82.1543243619395,13,3
337.815533980583,394.26213592233,81.3302635249414,23,3
337.596153846154,395.471153846154,82.342857548497,23,3
337.457943925234,395.953271028037,85.0115644436386,15,3
337.259259259259,397.564814814815,-89.3776203008505,31,3
337.212962962963,398.037037037037,-86.4083308145888,10,3
337.288461538462,399.509615384615,-83.5735962627537,28,3
337.209523809524,399.923809523809,-82.8073499338563,11,3
337.207547169811,400.028301886792,-83.6044348232523,3,3
337.231481481481,400.138888888889,-83.9080835604184,6,3
337.236363636364,400.154545454545,-84.7892225227138,2,3
337.148148148148,400.435185185185,-84.5345603637624,8,3
337.072727272727,400.481818181818,-85.0629241744558,6,3
337.04347826087,400.373913043478,-85.1933499391809,5,3
336.981818181818,400.672727272727,-84.1634945878918,7,3
336.919642857143,400.535714285714,-82.2560710313142,8,3
336.883928571429,400.419642857143,-80.2411215636404,8,3
337.009174311927,400.816513761468,-78.2839836491205,11,3
337.055555555556,400.916666666667,-78.3445233808312,5,3
337.063063063063,400.837837837838,-78.6489427171814,3,3
337.100917431193,400.889908256881,-78.7391612444246,4,3
337.145454545455,400.890909090909,-79.0010495499351,3,3
337.137614678899,401.036697247706,-80.3235909788041,5,3
337.137614678899,401,-80.326633641554,2,3
337.198198198198,401.144144144144,-81.151661080655,4,3
337.242990654206,401.271028037383,-81.3043004089853,6,3
337.271844660194,401.330097087379,-80.9244384530624,6,3
337.26213592233,401.417475728155,-80.8273184514317,2,3
337.245098039216,401.460784313725,-80.5024989504601,1,3
337.323529411765,401.372549019608,-79.9439739268271,6,3
337.238095238095,401.238095238095,-78.8302681509997,5,3
337.216981132075,401.084905660377,-78.0859766971424,7,3
337.330097087379,401.300970873786,-79.0358778497721,5,3
337.333333333333,401.266666666667,-79.051649706721,2,3
337.27027027027,400.792792792793,-77.2926188624433,8,3
337.342592592593,401.046296296296,-79.7870580494845,7,3
337.423423423423,400.90990990991,-78.9725516870035,9,3
337.369369369369,400.774774774775,-81.5517858852674,8,3
337.361111111111,400.953703703704,-81.5651191703714,3,3
NaN,NaN,NaN,108,3
410.811023622047,236.897637795276,73.6170414441994,NaN,4
410.772727272727,236.969696969697,73.2838938398708,7,4
410.883720930233,236.953488372093,73.9416805072249,5,4
410.852713178295,236.922480620155,73.4076523381452,2,4
410.904761904762,236.896825396825,74.7416136372245,5,4
410.928571428571,236.849206349206,74.2245453933591,2,4
410.874015748031,236.944881889764,73.6177746081091,3,4
410.792307692308,236.961538461538,73.5885209494874,3,4
410.93023255814,236.968992248062,73.6066816278611,5,4
410.969230769231,237.030769230769,74.4008459126039,5,4
411.070866141732,236.96062992126,74.6822813058419,5,4
411.093023255814,236.852713178295,75.4494367607312,4,4
411.186991869919,236.959349593496,74.285607913703,8,4
411.305785123967,236.719008264463,75.3633892691319,4,4
411.274193548387,236.822580645161,76.04759039924,5,4
411.338709677419,236.967741935484,75.7079589445238,4,4
411.3203125,236.4609375,80.5628688888096,26,4
411.469387755102,237.802721088435,-80.5523600836413,53,4
411.353741496599,238.312925170068,-45.3241895399524,36,4
411.442176870748,239.231292517007,-3.36751987436609,50,4
411.355072463768,239.731884057971,5.12237060471434,25,4
413.465753424658,239.869863013699,19.6724187903057,56,4
416.876811594203,238.927536231884,45.7278595303858,88,4
418.143884892086,238.064748201439,57.4343179299769,43,4
420.62676056338,235.542253521127,58.6682738658163,81,4
421.736486486487,234.081081081081,48.044732503781,50,4
424.050955414013,231.898089171975,26.6158736208401,91,4
428.07874015748,228.96062992126,46.1763799705636,112,4
429.634920634921,227.595238095238,47.9765918360146,41,4
432.928571428571,224.015873015873,34.7489737076043,96,4
433.7421875,222.7734375,24.6401659742329,44,4
438.220472440945,220.748031496063,8.34815234223872,93,4
440.7,219.646153846154,28.0906612858311,71,4
442.195488721805,218.984962406015,29.3651322456452,37,4
445.441860465116,217.53488372093,11.8698704202391,70,4
446.496240601504,217.210526315789,2.30341462637668,28,4
450.364285714286,216.871428571429,-12.0038658899535,81,4
454.056737588652,216.86524822695,-14.9347136338619,73,4
456.198529411765,217.522058823529,-16.7237908278486,47,4
459.239669421488,218.148760330579,-26.4277516023437,59,4
460.916666666667,219.242424242424,-49.157750910415,45,4
463.649635036496,221.386861313869,-38.8079549332317,73,4
466.895833333333,223.458333333333,-27.9831031751554,77,4
469.074626865672,224.723880597015,-28.2355286719527,48,4
472.712121212121,226.977272727273,-36.2014433154439,84,4
474.386861313869,228.058394160584,-39.2019116941662,39,4
477.628571428571,230.321428571429,-28.1726415785197,81,4
482.08064516129,232.653225806452,-27.8774559450958,92,4
483.791666666667,233.416666666667,-33.615385089672,38,4
487.178861788618,235.50406504065,-38.9139901109629,77,4
489.147058823529,236.698529411765,-41.7719140937806,49,4
492.267605633803,238.746478873239,-33.2098997914194,78,4
496.015037593985,241.165413533835,-44.2463471331387,89,4
497.395683453237,242.187050359712,-46.7477067612722,42,4
500.588652482269,244.872340425532,-41.2759898375641,80,4
502.30612244898,246.074829931973,-38.2927889987494,40,4
506.379562043796,249.065693430657,-34.9393400597971,98,4
509.262411347518,251.439716312057,-46.8769486620535,78,4
510.90625,252.7421875,-47.1208287486805,43,4
513.856060606061,255.537878787879,-38.4122775164994,76,4
515.10067114094,256.785234899329,-38.3425686621581,43,4
518.230215827338,259.625899280576,-37.9807902426187,84,4
520.766917293233,262.022556390977,-50.4003641278929,70,4
521.992063492063,263.015873015873,-47.9772510962803,31,4
524.865671641791,266.164179104478,-44.8582180332229,78,4
525.936170212766,267.156028368794,-43.3801400122027,37,4
528.086330935252,269.489208633094,-47.460975650571,62,4
530.2578125,272.0859375,-57.0378815490057,67,4
531.4,273.4,-59.5815388074507,35,4
532.900826446281,275.247933884298,-50.2381649280258,46,4
533.69696969697,276.393939393939,-50.381981736636,31,4
535.414814814815,278.459259259259,-50.1013793637976,55,4
537.197080291971,281.065693430657,-56.2846129173336,56,4
537.806201550388,282.093023255814,-58.437349949327,26,4
539.422764227642,284.747967479675,-60.562147348019,60,4
540.077519379845,286.007751937984,-59.5938582562096,32,4
541.615384615385,288.153846153846,-52.1354842523538,53,4
543.015625,290.2421875,-55.3150141380717,52,4
543.704,291.64,-60.0062696661693,31,4
544.857142857143,294.007936507937,-70.955211526641,55,4
545.5625,295.5859375,-72.1198098539303,38,4
547.061538461538,297.953846153846,-63.273688203132,56,4
548.037037037037,299.955555555556,-57.4664880266275,49,4
548.52,300.768,-55.1440911490778,28,4
550.408,304.024,-60.3993146548582,74,4
550.843283582089,305.537313432836,-65.8352826547343,37,4
552.280303030303,308.371212121212,-70.443507754393,64,4
553.503496503497,310.489510489511,-65.3112537605406,57,4
554.348148148148,311.97037037037,-57.995021947231,36,4
555.762295081967,314.581967213115,-53.1895908116642,65,4
556.417910447761,315.776119402985,-58.2193575282804,32,4
557.325581395349,318.542635658915,-67.7875693729688,61,4
558.776923076923,321.661538461538,-75.7594371968598,71,4
559.312,322.336,-71.8826175605192,25,4
560.433823529412,325.227941176471,-64.6277048327309,61,4
561.080882352941,326.595588235294,-60.3838671532158,38,4
562.412213740458,329.480916030534,-58.9770384916127,65,4
563.392307692308,332.069230769231,-69.7689545718014,59,4
563.96062992126,333.448818897638,-74.2839838277947,33,4
565.091666666667,336.108333333333,-78.7769015329997,61,4
565.569230769231,337.823076923077,-76.0186745093483,38,4
566.401459854015,339.948905109489,-67.8158499350503,55,4
567.386363636364,342.765151515152,-65.0652802569561,59,4
567.942148760331,344.198347107438,-65.3399306297183,25,4
568.74358974359,346.478632478633,-76.8176127078638,46,4
569.227642276423,348.170731707317,-81.4996668829749,32,4
569.818181818182,350.416666666667,-80.2486730043609,47,4
570.390977443609,352.586466165414,-72.162594446792,45,4
570.715384615385,353.661538461538,-67.7612053177229,25,4
571.496124031008,355.581395348837,-66.3007458241365,43,4
572.131782945736,357.658914728682,-67.9812708639138,42,4
573.015384615385,360.123076923077,-76.0673431608397,51,4
573.763779527559,362.291338582677,-82.5658517835968,45,4
574.069230769231,363.369230769231,-79.9186987519761,23,4
574.855072463768,365.427536231884,-72.7077394830445,46,4
575.299270072993,366.496350364964,-70.1826240959905,27,4
575.992805755396,368.748201438849,-66.8257020992164,50,4
577.070866141732,371.236220472441,-69.688533988527,50,4
577.55462184874,372.243697478992,-75.8368741462741,24,4
578.147540983607,374.434426229508,-82.9243594065313,43,4
578.449612403101,375.77519379845,-83.8283402656952,27,4
578.823529411765,377.029411764706,-83.6828864527181,33,4
579.503649635036,379.313868613139,-78.7467742408798,51,4
579.870229007634,379.648854961832,-75.2977293479216,20,4
580.257575757576,381.659090909091,-70.6393229856917,39,4
580.843283582089,382.917910447761,-69.2028195641545,32,4
581.450819672131,385.467213114754,-74.1211511038924,48,4
582.172131147541,387.467213114754,-80.922821315275,42,4
582.581818181818,388.536363636364,-83.9794656929323,22,4
583.064220183486,390.587155963303,-83.2703138616697,39,4
583.139130434783,391.173913043478,-80.0087184487158,22,4
583.709090909091,393.072727272727,-76.8701588579867,41,4
584.11320754717,394.433962264151,-72.4255238492097,34,4
584.388349514563,395.31067961165,-72.8493320580632,25,4
584.862745098039,397.578431372549,-70.9746294262713,45,4
585.463157894737,399.357894736842,-71.7253345026153,29,4
586.010309278351,400.855670103093,-77.6102189995972,38,4
586.21359223301,400.291262135922,-78.0982288477125,22,4
586.425925925926,400.231481481481,-76.5390112691845,13,4
586.743119266055,400.211009174312,-72.1889609660473,17,4
586.935185185185,400.212962962963,-70.2065945760752,9,4
588.363636363636,402.431818181818,-61.2956108591482,44,4
588.78125,401.739583333333,-61.0512544985817,28,4
588.93,401.3,-60.2004630376576,16,4
589.363636363636,400.979797979798,-64.2070846858312,27,4
589.896907216495,401.154639175258,-65.2021430900283,16,4
590.6,401.41,-69.3512001371619,23,4
590.957446808511,401.648936170213,-68.4258192459575,12,4
591.040816326531,401.551020408163,-68.0535596182807,10,4
591.528846153846,401.923076923077,-67.7582807052137,14,4
591.556603773585,401.660377358491,-67.460492376402,10,4
591.932038834951,401.757281553398,-63.8955937005814,13,4
592.06862745098,401.941176470588,-61.9459790897654,9,4
593.25,403.785714285714,-55.4399980595106,26,4
593.697368421053,403.986842105263,-56.1162557503329,12,4
592.694736842105,402.284210526316,-55.0282678946201,23,4
592.833333333333,402.208333333333,-54.1162218463164,15,4
593.366666666667,402.644444444444,-52.6994898544148,14,4
593.510869565217,402.586956521739,-52.7384848921632,10,4
593.75,402.608695652174,-55.1969712800249,12,4
593.714285714286,402.285714285714,-55.0415800847281,8,4
593.74,401.99,-56.6427240366568,12,4
593.628571428571,401.628571428571,-57.8515138022932,9,4
593.769230769231,401.855769230769,-57.342697032382,5,4
594.075471698113,401.924528301887,-57.4850179239212,10,4
594.028037383178,401.803738317757,-56.2947740115354,5,4
594.230769230769,401.932692307692,-56.1069249451633,7,4
594.394230769231,401.913461538462,-54.5104940248701,10,4
