373.86231884058,250.594202898551,78.3754366847251,NaN,1
373.963503649635,250.481751824818,78.4006136214701,5,1
373.932835820896,250.746268656716,77.9675635808388,3,1
373.941605839416,250.518248175182,78.4923888594135,3,1
373.863309352518,250.568345323741,78.2280828377684,6,1
373.857142857143,250.5,78.4397350013078,5,1
373.892857142857,250.557142857143,78.6053567785647,4,1
373.928571428571,250.357142857143,78.4614915781804,4,1
373.935714285714,250.342857142857,78.4011150443813,2,1
373.964285714286,250.257142857143,78.6112553053875,2,1
373.920863309353,250.453237410072,78.2091653132642,3,1
373.857142857143,250.521428571429,78.3365946194892,3,1
373.875,250.75,77.8310019649967,4,1
373.875912408759,250.678832116788,78.0668223967268,1,1
373.883211678832,250.656934306569,78.0844111132408,2,1
373.90780141844,250.36170212766,78.4892176281488,4,1
373.900709219858,250.368794326241,78.5976443534641,2,1
373.942857142857,250.342857142857,78.6645527259037,3,1
373.929078014184,250.290780141844,78.6428223747572,3,1
373.835714285714,250.571428571429,78.2708782090777,5,1
373.847826086957,250.652173913043,78.4939458680427,2,1
373.919708029197,250.56204379562,78.2181336728826,5,1
373.884057971014,250.586956521739,78.3039908402038,3,1
373.869565217391,250.579710144928,78.6625731388208,2,1
373.883211678832,250.656934306569,78.0844111132408,3,1
373.883211678832,250.656934306569,78.0844111132408,0,1
373.881118881119,250.405594405594,78.499886199161,6,1
373.887323943662,250.330985915493,78.3525224373225,1,1
373.802816901408,250.514084507042,78.4395714034102,6,1
373.829787234043,250.645390070922,78.4342032620964,5,1
373.883211678832,250.656934306569,78.0844111132408,4,1
373.881481481482,250.762962962963,78.1127068964769,2,1
373.868613138686,250.649635036496,78.4523729453199,2,1
373.884057971014,250.586956521739,78.3039908402038,3,1
373.869565217391,250.630434782609,78.188436247932,2,1
373.906474820144,250.489208633094,78.2550063268719,3,1
373.879432624113,250.531914893617,78.6971199530013,4,1
373.855072463768,250.797101449275,78.1122426809421,3,1
373.846715328467,250.583941605839,78.2510111399941,5,1
373.861313868613,250.678832116788,78.3880746089747,2,1
373.884892086331,250.474820143885,78.7969985640977,2,1
373.858208955224,250.776119402985,80.804595371027,17,1
373.768115942029,250.514492753623,83.1765266104159,18,1
373.540145985401,251.277372262774,-76.3952966994787,71,1
374.345323741007,253.884892086331,-59.4319951796818,76,1
375.238805970149,255.238805970149,-63.8050213164211,51,1
376.650406504065,258.211382113821,78.7910961041587,85,1
376.916030534351,259.419847328244,65.1861638134671,46,1
375.818897637795,261.952755905512,63.3751340540888,68,1
374.6,263.555555555556,66.6661410987117,50,1
373.730496453901,264.375886524823,65.8599947514553,32,1
372.246376811594,266.557971014493,60.975963669283,55,1
371.589928057554,267.237410071942,58.4952164046662,23,1
370.460431654676,268.388489208633,48.9830867318936,34,1
369.191489361702,269.418439716312,50.0618490152913,38,1
368.595588235294,269.808823529412,49.3432093628784,19,1
367.45,271.164285714286,52.5639272089994,38,1
366.951048951049,271.713286713287,53.5436696991694,19,1
365.474452554745,273.255474452555,51.9862633373114,42,1
364.19014084507,274.323943661972,47.2398825758834,31,1
363.678082191781,274.657534246575,42.5589048153126,18,1
361.98717948718,276.051282051282,35.9362736054415,42,1
361.433121019108,276.458598726115,30.6660889402547,25,1
360,277.558441558442,32.131288066484,41,1
358.082278481013,278.493670886076,37.237352077253,52,1
356.908496732026,279.398692810458,41.7478023094382,33,1
354.739726027397,281.143835616438,44.5763743127528,49,1
353.771428571429,281.935714285714,43.2846700605601,32,1
352.246478873239,282.985915492958,37.1027020416504,38,1
350.78,283.96,28.7608141396106,40,1
349.805194805195,284.467532467532,26.9326514133044,24,1
348.401234567901,285.030864197531,23.2369086142649,38,1
347.628048780488,285.378048780488,22.8157364887142,22,1
345.527272727273,286.351515151515,26.4601604475059,45,1
343.206451612903,287.38064516129,29.9025419034077,54,1
342.21875,288.075,31.7376447905475,29,1
340.113333333333,289.086666666667,28.6526196084418,48,1
339.238709677419,289.612903225806,27.0941854728898,31,1
337.576158940397,290.364238410596,19.6822747918467,42,1
335.831168831169,290.902597402597,13.2499958582807,41,1
334.530201342282,291.429530201342,11.3981885678937,33,1
332.64,291.766666666667,12.1378963615493,41,1
331.822368421053,291.796052631579,13.4023340239795,18,1
329.638157894737,292.296052631579,16.8247658591843,42,1
327.503311258278,292.754966887417,15.7627131761641,47,1
326.398601398601,293.104895104895,13.77003620694,24,1
324.458904109589,293.520547945205,7.8359194923392,35,1
323.368055555556,293.784722222222,4.31556538137811,26,1
321.646258503401,293.979591836735,0.473208613466239,35,1
319.328671328671,293.993006993007,-0.710488623161809,46,1
318.413793103448,293.965517241379,-0.767196014388933,18,1
316.205298013245,294.205298013245,3.46048257454636,42,1
314.841059602649,293.986754966887,7.24222794205037,30,1
312.795918367347,294.08843537415,8.56920955780458,42,1
311.08843537415,294.272108843537,8.19278527962661,40,1
309.696551724138,294.434482758621,3.72002189401984,28,1
307.593333333333,294.486666666667,-0.446698945998083,45,1
306.56462585034,294.544217687075,-1.70424001477953,27,1
303.765957446808,294.468085106383,-2.5816414350547,52,1
301.881118881119,294.356643356643,3.76716582648107,40,1
301.05298013245,294.364238410596,4.86465265390015,18,1
298.993288590604,294.335570469799,7.16066309618122,38,1
297.986111111111,294.493055555556,7.89362983865174,23,1
295.557971014493,294.746376811594,4.8817133798251,42,1
293.923611111111,294.875,1.88612435551987,30,1
292.972222222222,294.868055555556,0.467711227719822,24,1
290.724637681159,294.869565217391,-3.10651045923034,42,1
289.676056338028,294.598591549296,-4.11387935062005,26,1
287.930555555556,294.5625,-3.25996176590347,34,1
285.795918367347,294.47619047619,-0.372111477064158,41,1
284.838926174497,294.288590604027,2.76174521570862,24,1
283.119205298013,294.264900662252,1.96836475905067,34,1
282.201342281879,294.255033557047,2.88602476640698,24,1
280.280821917808,294.342465753425,-0.452626602014962,45,1
278.517482517483,294.328671328671,-3.41577624123436,35,1
277.950704225352,294.267605633803,-4.47885515120082,15,1
275.394160583942,294.14598540146,-10.3812784075815,47,1
274.676056338028,294.098591549296,-9.96488204365997,17,1
273.021126760563,293.880281690141,-7.5629376360877,36,1
271.657718120805,293.758389261745,-6.75040230729858,31,1
270.922077922078,293.688311688312,-6.04067930270846,21,1
269.157232704403,293.572327044025,-3.14303612034254,39,1
268.397350993377,293.437086092715,-2.53609418383253,22,1
266.703947368421,293.138157894737,-1.93145050217501,31,1
264.731543624161,293.214765100671,-2.92526346411815,35,1
263.972972972973,293.222972972973,-5.05466714517136,15,1
262.256944444444,293.090277777778,-6.94253637729796,32,1
261.483660130719,292.980392156863,-8.73797520021128,17,1
259.993103448276,292.744827586207,-9.73362173678288,30,1
258.72027972028,292.552447552448,-9.11357559985154,26,1
258.339869281046,292.529411764706,-8.32700293128841,10,1
256.8,292.266666666667,-7.14185158867138,29,1
256.146666666667,292.293333333333,-6.15553158848381,16,1
254.71974522293,292,-4.30948905561565,29,1
253.50641025641,291.846153846154,-4.17561894684789,25,1
252.942675159236,291.808917197452,-5.02929536886515,13,1
251.666666666667,291.654088050314,-4.08237759933884,24,1
251.10843373494,291.626506024096,-4.9058206609062,13,1
249.817610062893,291.509433962264,-6.45451275090555,27,1
248.427672955975,291.270440251572,-8.3710258093232,30,1
247.772151898734,291.196202531646,-7.96694246867942,17,1
246.863636363636,290.993506493507,-9.79941800357863,22,1
246.316129032258,291.077419354839,-9.0210100052511,13,1
245.417721518987,290.924050632911,-9.72741114728449,15,1
244.512658227848,290.841772151899,-9.49764891101069,18,1
244.193548387097,290.748387096774,-10.1016705928568,11,1
243.191082802548,290.59872611465,-11.0707856913852,20,1
242.858974358974,290.51282051282,-11.0804374643704,13,1
241.759493670886,290.208860759494,-11.8364996207124,22,1
240.718954248366,290.032679738562,-11.2876630322425,23,1
240.487179487179,290.025641025641,-11.7637659399565,7,1
239.707006369427,289.917197452229,-10.7736181033774,17,1
239.49358974359,289.897435897436,-10.707002292013,7,1
238.846153846154,289.782051282051,-11.16935487594,14,1
238.126582278481,289.639240506329,-12.3805711288443,18,1
238.098159509202,289.466257668712,-12.3453274542457,11,1
237.310975609756,289.317073170732,-12.9885631873404,19,1
236.987654320988,289.388888888889,-13.1460861081486,10,1
236.03144654088,289.157232704403,-12.6570021683768,19,1
235.808641975309,289.055555555556,-12.856438602163,11,1
235.447204968944,289.006211180124,-12.5791713502836,7,1
234.827160493827,288.765432098765,-12.7409828923544,15,1
234.714285714286,289.04347826087,-12.6330133690259,13,1
233.554838709677,288.574193548387,-11.8835780543222,24,1
233.006535947712,288.261437908497,-12.6715317170038,14,1
233.088607594937,288.392405063291,-12.4189174887976,7,1
232.567073170732,288.280487804878,-12.175766269938,16,1
232.322784810127,288.196202531646,-12.1895580100087,12,1
232.088050314465,288.138364779874,-11.8792854757216,9,1
231.708074534161,288.086956521739,-11.8451367736731,12,1
231.25,287.98125,-11.8961780870502,13,1
231.186335403727,287.919254658385,-12.0932102418819,9,1
230.772727272727,287.785714285714,-11.6004869800005,7,1
230.185897435897,287.615384615385,-11.3602070800197,10,1
230.18125,287.625,-11.6473097826094,8,1
229.802547770701,287.490445859873,-11.910371961807,9,1
229.388888888889,287.314814814815,-13.0051099021261,11,1
229.3125,287.34375,-12.4502971569935,6,1
229.100628930818,287.352201257862,-12.9519438429047,9,1
228.586419753086,287.185185185185,-12.4071682247824,11,1
228.229813664596,287.099378881988,-12.2353372515019,7,1
227.987577639752,287,-12.4803392806494,8,1
227.955974842767,287.006289308176,-13.1601320294646,4,1
227.792682926829,286.926829268293,-12.9062244453735,7,1
227.759259259259,286.907407407407,-13.5874036129729,8,1
227.447204968944,286.819875776398,-14.1100884915045,7,1
226.685897435897,286.583333333333,-13.50921889758,17,1
226.687898089172,286.757961783439,-13.4952815917997,13,1
226.71875,286.54375,-13.602610410577,13,1
226.386075949367,286.537974683544,-14.262787363877,12,1
226.422360248447,286.552795031056,-14.1963640637727,7,1
225.857142857143,286.428571428571,-14.7120217248172,10,1
226.006211180124,286.416149068323,-14.1901874188398,6,1
225.74375,286.36875,-14.0238922978694,5,1
225.353658536585,286.286585365854,-14.0116934629249,8,1
225.012578616352,286.276729559748,-14.028172866726,13,1
225.130434782609,286.291925465839,-14.8725881372561,10,1
224.975757575758,286.169696969697,-13.7116714195344,10,1
224.714285714286,286.068322981366,-13.5170633966969,6,1
224.512658227848,286.158227848101,-13.9578986823904,7,1
224.735849056604,286.163522012579,-14.192696844484,5,1
224.417721518987,286.094936708861,-14.3349512112537,7,1
224.43949044586,286.095541401274,-14.705246591086,5,1
224.160493827161,285.981481481481,-14.1363167352308,13,1
224.105590062112,285.863354037267,-14.7094739375492,9,1
224,285.911949685535,-14.8397604696952,8,1
224.098765432099,285.833333333333,-14.8674771403323,9,1
223.937888198758,285.695652173913,-14.9326545789316,5,1
223.858024691358,285.79012345679,-14.6173921130061,5,1
223.780487804878,285.786585365854,-14.7592690346929,4,1
223.757763975155,285.795031055901,-14.9194560466374,3,1
223.759259259259,285.740740740741,-14.8986721198658,5,1
223.614906832298,285.76397515528,-14.9585312115623,3,1
223.388888888889,285.691358024691,-14.6542943001545,7,1
NaN,NaN,NaN,162,1
403.91724137931,244.144827586207,4.32220744296028,NaN,2
403.755102040816,244.102040816327,3.11518375395576,6,2
404.013605442177,244.108843537415,2.44470396137113,12,2
403.763513513513,244.168918918919,1.43405108789111,7,2
403.861842105263,244.190789473684,1.11315655130398,10,2
403.847682119205,244.132450331126,1.78471554645112,7,2
403.792207792208,243.967532467532,2.5999737919852,9,2
403.906666666667,244.126666666667,-1.21839606743906,22,2
403.549019607843,244.071895424837,-3.18075053451143,19,2
404.360544217687,244.238095238095,-33.0044974614419,78,2
405.055172413793,245.358620689655,-57.2436505662826,80,2
405.844444444444,246.533333333333,-56.9708829329789,44,2
408.414634146341,250.764227642276,-49.5009227257678,80,2
408.942857142857,251.414285714286,-45.2279052126428,29,2
410.760273972603,252.883561643836,-32.8123722196766,60,2
413.692307692308,254.202797202797,-19.6030635744039,71,2
415.069444444444,254.354166666667,-17.5289444934926,37,2
416.434482758621,255.268965517241,-13.1904066293322,59,2
417.704225352113,255.549295774648,-13.7621787945211,27,2
419.836734693878,255.904761904762,-13.6973127149431,47,2
422.11875,256.66875,-16.2950320273971,59,2
423.208860759494,256.886075949367,-13.1569990884353,26,2
425.584905660377,257.396226415094,-8.80355714328291,55,2
426.552795031056,257.27950310559,-12.232389177781,24,2
428.960784313725,257.339869281046,-10.3733447564965,62,2
430.375,257.425,-12.7353525589565,37,2
431.273885350318,257.382165605096,-16.7828023048244,27,2
433.337748344371,258.258278145695,-24.7140224696433,48,2
434.278145695364,258.264900662252,-28.087311383767,24,2
436.43795620438,259.350364963504,-33.0634272118734,52,2
438.013888888889,260.055555555556,-30.4052702618135,37,2
439.406666666667,260.753333333333,-28.2421068979909,30,2
440.49358974359,261.224358974359,-23.4363890646302,38,2
441.116564417178,261.59509202454,-24.3354830223689,21,2
442.632530120482,262.210843373494,-23.6138712487886,41,2
445.158227848101,263.462025316456,-29.2356771769371,56,2
446.395973154362,264.187919463087,-31.0055638159389,31,2
448.635714285714,265.764285714286,-37.6454388825933,57,2
449.525547445255,266.416058394161,-39.747962487376,25,2
451.751824817518,267.868613138686,-38.9024365680768,46,2
453.949275362319,269.536231884058,-28.5430179257864,53,2
454.719424460432,270.021582733813,-26.3428706579043,17,2
456.789115646258,271.020408163265,-25.9409963420915,54,2
457.794701986755,271.721854304636,-25.2204394964806,26,2
460.160583941606,273.094890510949,-31.7537054323331,58,2
462.359712230216,274.467625899281,-41.1661504414895,50,2
463.411764705882,275.257352941176,-46.0411982809952,39,2
465.64,276.976,-44.0333964962287,51,2
466.515151515152,277.712121212121,-42.1986385651534,25,2
468.153846153846,278.951048951049,-38.1176596595441,43,2
470.135714285714,280.564285714286,-33.6256652076583,49,2
471.178294573643,281.186046511628,-33.5609263175202,29,2
472.709923664122,282.465648854962,-39.9143645308036,46,2
473.714285714286,283.744360902256,-46.1508894336143,32,2
475.644444444444,285.955555555556,-52.9773032905645,58,2
477.291044776119,287.910447761194,-53.7189786779889,45,2
478.030534351145,288.63358778626,-49.0796915639874,23,2
479.485294117647,290.345588235294,-45.1494232104474,45,2
479.986206896552,291.248275862069,-44.2704184749827,29,2
481.517006802721,293.108843537415,-44.1150976513842,46,2
482.86,294.533333333333,-47.3239097240401,45,2
483.647482014389,295.568345323741,-52.157491821694,31,2
485.125925925926,297.644444444444,-55.5037015297482,48,2
486.103174603175,298.984126984127,-56.6851383278538,31,2
487.203007518797,300.714285714286,-49.9623621930133,41,2
488.451388888889,302.222222222222,-43.4626028492845,43,2
488.794117647059,302.566176470588,-42.4604469617363,18,2
490.354166666667,304.083333333333,-42.9894746995259,42,2
491.445205479452,305.349315068493,-48.2275650116961,32,2
492.710144927536,307.239130434783,-50.4014481997815,46,2
494.833333333333,309.833333333333,-54.9353968922822,62,2
495.449612403101,310.697674418605,-51.4487557950677,23,2
496.817518248175,312.350364963504,-46.5190332948798,48,2
497.55,313.121428571429,-44.2507509979631,23,2
499.284722222222,315.104166666667,-40.7505961369671,50,2
500.993421052632,316.697368421053,-47.8640361432907,52,2
501.691780821918,317.239726027397,-49.6791685889436,24,2
503.4296875,319.7421875,-55.2293399095261,60,2
504.504,321.512,-59.5784205697683,35,2
505.730769230769,323.115384615385,-54.9231652494006,37,2
507.294117647059,325.102941176471,-49.6133353382865,44,2
507.830882352941,326.073529411765,-48.9810361727143,22,2
508.923611111111,327.555555555556,-49.4684346468873,42,2
509.798657718121,328.644295302013,-53.8429765878894,33,2
511.137931034483,330.758620689655,-63.4695382483657,50,2
512.518796992481,333.218045112782,-65.7736514961723,58,2
512.928571428571,334.095238095238,-66.0257227712411,23,2
514.0390625,336.2109375,-59.9880960799435,48,2
514.833333333333,337.492753623188,-58.8641398852102,26,2
515.85,339.578571428571,-56.5606241234905,46,2
516.687074829932,341.224489795918,-59.1164666422123,41,2
517.143790849673,341.967320261438,-61.4445553950802,26,2
517.972602739726,343.897260273973,-66.7396309697452,49,2
518.742647058824,345.580882352941,-69.1389602587189,42,2
519.859375,348.1171875,-69.5002313149331,50,2
520.432835820896,349.335820895522,-64.7918629612144,28,2
520.6796875,349.8359375,-62.8426396055574,16,2
521.805755395683,352.136690647482,-61.4255684388396,45,2
522.221428571429,353.214285714286,-61.0302532440401,23,2
523.059259259259,354.933333333333,-63.2439378195944,41,2
524.014925373134,357.134328358209,-71.0480156738734,45,2
524.55303030303,358.568181818182,-72.7871040248963,28,2
525.595238095238,360.833333333333,-70.4514831003679,46,2
525.81746031746,361.460317460317,-67.9853192502101,16,2
526.818897637795,363.622047244094,-61.531279052686,45,2
527.402985074627,364.977611940299,-59.6884166689389,39,2
527.883720930233,365.736434108527,-56.8393563112992,17,2
529.229007633588,368.030534351145,-64.8341055873701,48,2
529.463768115942,368.68115942029,-67.0297791530276,19,2
530.355371900826,370.801652892562,-70.6984783389268,49,2
531.364406779661,373.542372881356,-70.4453591379953,45,2
531.827586206897,374.172413793103,-66.2019188635787,16,2
532.739837398374,376,-61.4409927184209,37,2
533.22480620155,377.085271317829,-61.6312762856837,22,2
533.658914728682,378.596899224806,-60.6850859601957,34,2
534.6171875,380.0546875,-62.2073186564975,41,2
535.157024793388,381.223140495868,-66.0756180143849,23,2
535.701754385965,382.885964912281,-69.2900019531145,37,2
536.295652173913,384.382608695652,-71.0738691301744,29,2
537.260869565217,387.078260869565,-73.2359270072984,42,2
537.844262295082,388.393442622951,-68.8032362717401,29,2
538.146341463415,388.951219512195,-63.6664818744628,21,2
539,389.362962962963,-56.842010790872,36,2
539.383458646617,389.571428571429,-53.9089077311821,20,2
539.986928104575,389.470588235294,-49.9084027872673,38,2
540.605442176871,389.829931972789,-46.0322670225382,32,2
541.122448979592,390.149659863946,-44.6259550898751,16,2
541.910344827586,390.703448275862,-41.1509682990074,30,2
542.381294964029,390.978417266187,-39.0530805941619,16,2
542.811188811189,391.412587412587,-36.3754307412084,20,2
543.657342657343,391.734265734266,-31.0928590299246,30,2
NaN,NaN,NaN,143,2
410.7125,255.3875,-20.9080248698101,NaN,3
410.63125,255.3125,-20.6920408638451,4,3
410.64375,255.325,-20.7655868641031,4,3
410.53125,255.3375,-20.6876013872769,6,3
410.550632911392,255.29746835443,-20.1725294823604,8,3
410.45625,255.2,-20.342743577745,4,3
410.713375796178,255.375796178344,-20.6111075605702,7,3
410.685534591195,255.25786163522,-19.3345900393803,10,3
410.55,255.23125,-20.2873063941561,11,3
410.35,255.19375,-20.7284507237535,10,3
410.53125,255.275,-20.4633735310666,6,3
410.524691358025,255.222222222222,-20.6607459466615,8,3
410.391304347826,255.223602484472,-20.8881590301087,5,3
410.53164556962,255.291139240506,-20.2868139955521,5,3
410.451219512195,255.219512195122,-20.7040423607266,8,3
410.417721518987,255.253164556962,-20.0947154371323,6,3
410.578616352201,255.289308176101,-20.2075182848628,7,3
410.5625,255.28125,-20.4451426953046,7,3
410.429447852761,255.128834355828,-20.2350026545722,7,3
410.658227848101,255.284810126582,-19.5596252673877,5,3
410.389937106918,255.25786163522,-20.2253062957116,7,3
410.425925925926,255.154320987654,-20.1988557853413,5,3
410.582278481013,255.291139240506,-20.1260709131579,8,3
410.6125,255.3,-20.0702056032408,2,3
410.56050955414,255.299363057325,-20.0618226549497,3,3
410.528662420382,255.312101910828,-20.0684653345176,4,3
410.544303797468,255.272151898734,-20.1915201590782,3,3
410.73717948718,255.416666666667,-19.591416235371,8,3
410.628205128205,255.282051282051,-19.7007113240214,8,3
410.345911949686,255.238993710692,-20.3830051330026,7,3
410.417721518987,255.23417721519,-20.4374165785027,3,3
410.320754716981,255.169811320755,-20.9924367542383,5,3
410.891025641026,255.198717948718,-21.0411636842746,27,3
410.975155279503,255.074534161491,-23.4601247449098,29,3
412.284722222222,255.819444444444,0.428101486350502,63,3
413.420382165605,255.732484076433,22.2694161679884,81,3
416.454545454545,254.531468531469,20.7687006847687,62,3
419.483870967742,253.658064516129,0.5704216548262,82,3
420.260355029586,253.479289940828,-33.418921890486,42,3
423.15625,255.625,-45.1791938560452,115,3
428.162337662338,259.941558441558,-35.4888695767204,126,3
429.936170212766,261.063829787234,-28.9579559617349,47,3
433.193103448276,263.358620689655,-42.1489709824747,94,3
434.948387096774,264.825806451613,-62.5149404201517,58,3
437.090322580645,268.258064516129,-77.4657402571083,98,3
439.043795620438,273.094890510949,-78.5257219897551,94,3
439.423357664234,274.124087591241,-75.0687976714979,24,3
440.540740740741,278.259259259259,-72.848097677184,78,3
440.916083916084,279.629370629371,-75.0915806233096,42,3
441.809160305344,283.809160305344,-85.0332950620834,72,3
442.335820895522,286.5,88.6208913868269,61,3
442.569230769231,288.069230769231,88.2533536490016,26,3
442.992537313433,290.522388059701,-86.2001743644437,44,3
443.243421052632,291.888157894737,-81.6435670055598,30,3
443.542253521127,294.767605633803,-76.6040178699938,62,3
444.352941176471,299.168067226891,-84.289743781157,69,3
444.450381679389,299.740458015267,-86.0366262179326,20,3
444.742647058824,301.904411764706,88.4793278610173,47,3
444.846153846154,303.699300699301,87.4159404998493,31,3
445.202702702703,306.189189189189,-86.106526052114,47,3
445.423357664234,309.131386861314,-85.9489479766764,55,3
445.6171875,310.8515625,-87.4367326354066,29,3
445.595238095238,313.31746031746,79.6349832643754,44,3
445.437037037037,314.896296296296,75.9343236169848,29,3
444.993006993007,317.160839160839,76.1469902211801,46,3
444.855172413793,319.110344827586,79.5034021464662,42,3
444.563909774436,320.270676691729,81.6622979279686,30,3
443.901639344262,323.55737704918,80.274073210964,55,3
443.561983471074,325.619834710744,70.9675780890493,33,3
442.81746031746,327.603174603175,66.2473534277654,45,3
441.903703703704,330.074074074074,68.5077383913133,49,3
441.798561151079,330.395683453237,71.6944827297541,20,3
440.962962962963,333.192592592593,77.6612735666688,60,3
440.402877697842,334.748201438849,80.2739183914361,34,3
439.387096774194,338.685483870968,65.5780991941114,63,3
438.383458646617,340.887218045113,61.5075350135425,51,3
438.214285714286,341.634920634921,61.167909125445,23,3
437.191176470588,344.330882352941,67.9290933813979,56,3
436.876811594203,345.630434782609,71.3562770130008,30,3
435.968,348.808,77.2968280698982,67,3
434.508771929825,352.69298245614,60.8250708516558,67,3
434.371428571429,353.019047619048,56.3496287336805,21,3
433.258064516129,355.491935483871,58.1299678520427,55,3
432.94696969697,356.515151515152,60.8082892261075,28,3
432.169117647059,358.617647058824,71.5513951049902,60,3
430.896825396825,362.206349206349,75.6318292247493,70,3
430.223214285714,364.232142857143,73.1964847317786,30,3
429.191666666667,367.075,62.1458847693894,54,3
428.701612903226,367.975806451613,60.7337163219628,22,3
426.760683760684,371.48717948718,62.3576798183167,65,3
425.966666666667,373.725,67.5256085410093,49,3
343.08389261745,394.181208053691,0.0613038764100019,437,3
352.683908045977,394.416666666667,-0.354607433534297,207,3
351.967845659164,394.273311897106,0.0409556615905007,160,3
343.153153153153,394.36036036036,0.264901782429768,231,3
345.787735849057,394.537735849057,-0.280683110085548,222,3
NaN,NaN,NaN,535,3
NaN,NaN,NaN,0,3
NaN,NaN,NaN,0,3
NaN,NaN,NaN,0,3
NaN,NaN,NaN,0,3
NaN,NaN,NaN,0,3
NaN,NaN,NaN,0,3
NaN,NaN,NaN,0,3
NaN,NaN,NaN,0,3
NaN,NaN,NaN,0,3
NaN,NaN,NaN,0,3
NaN,NaN,NaN,0,3
NaN,NaN,NaN,0,3
NaN,NaN,NaN,0,3
NaN,NaN,NaN,0,3
NaN,NaN,NaN,0,3
NaN,NaN,NaN,0,3
NaN,NaN,NaN,0,3
NaN,NaN,NaN,0,3
NaN,NaN,NaN,0,3
NaN,NaN,NaN,0,3
NaN,NaN,NaN,0,3
NaN,NaN,NaN,0,3
NaN,NaN,NaN,0,3
NaN,NaN,NaN,0,3
NaN,NaN,NaN,0,3
NaN,NaN,NaN,0,3
NaN,NaN,NaN,0,3
NaN,NaN,NaN,0,3
NaN,NaN,NaN,0,3
NaN,NaN,NaN,0,3
NaN,NaN,NaN,0,3
NaN,NaN,NaN,0,3
404.375886524823,246.666666666667,-59.7526387924322,NaN,4
404.342857142857,246.657142857143,-59.9186274488015,9,4
404.457142857143,246.735714285714,-60.1587335974838,12,4
404.302158273381,246.474820143885,-59.3487673938722,7,4
404.549295774648,246.830985915493,-59.8989367879757,11,4
404.357142857143,246.535714285714,-59.294663790696,8,4
404.35,246.5,-59.0643441376684,2,4
404.284671532847,246.313868613139,-58.5347143546466,5,4
404.347826086957,246.413043478261,-58.6445216135652,5,4
404.452554744526,246.423357664234,-58.975978245933,5,4
404.321167883212,246.262773722628,-58.4821310448979,4,4
404.485507246377,246.528985507246,-59.4324386790955,11,4
404.617647058824,246.676470588235,-59.4882478787763,6,4
404.760273972603,247.143835616438,-59.941962887769,10,4
404.784172661871,246.964028776978,-59.9883739677478,11,4
404.924657534247,247.369863013699,-60.5217821718384,11,4
404.745222929936,247.496815286624,-62.0089352068981,29,4
404.672619047619,247.85119047619,-71.3272024459106,69,4
404.680722891566,247.198795180723,-83.0088442262066,46,4
405.276470588235,246.158823529412,58.3630951938152,80,4
406.006024096386,245.168674698795,52.954775100687,38,4
408.053892215569,243.311377245509,60.1789509228148,79,4
410.985185185185,238.548148148148,77.3481155210774,118,4
411.353383458647,237.015037593985,70.5140455877845,52,4
412.8046875,232.2734375,64.45371107795,103,4
413.568181818182,230.19696969697,70.5997792141751,52,4
414.4375,226.46875,-87.0414031835327,78,4
414.223021582734,223.31654676259,-74.0869224388664,77,4
413.917355371901,221.900826446281,-67.8563606194188,32,4
412.962962962963,219.548148148148,-74.2478453920305,62,4
412.601398601399,217.937062937063,-76.9859072902354,32,4
411.474074074074,214.666666666667,-81.2892916462309,66,4
410.728571428571,212.135714285714,-73.3256269332444,49,4
410.408759124088,210.861313868613,-66.5749771506989,25,4
409.457746478873,208.922535211268,-60.7441426004703,43,4
409.021126760563,207.943661971831,-60.1380751109102,28,4
408.091549295775,206.070422535211,-61.9781306416181,42,4
407.109489051095,204.124087591241,-67.5251861816334,43,4
406.560606060606,203.19696969697,-69.4218178073107,31,4
405.6,200.925925925926,-71.3985661609836,47,4
405.160583941606,200.160583941606,-71.0651173568775,24,4
404.151079136691,198.129496402878,-61.8833543486962,48,4
403.422222222222,196.503703703704,-52.6120009691587,50,4
402.6,195.496,-46.7921809687328,26,4
401.922480620155,194.240310077519,-48.6572940332217,42,4
401.135338345865,193.15037593985,-51.3282215634819,28,4
399.661764705882,191.220588235294,-57.1742027057425,51,4
398.105691056911,188.707317073171,-59.7540660756673,55,4
397.620967741935,188.193548387097,-59.0589752978898,21,4
396.545454545455,186.257575757576,-55.2421988121332,48,4
396.147058823529,185.772058823529,-53.9532647953713,20,4
394.845588235294,183.889705882353,-47.2626015048112,44,4
393.664233576642,182.474452554745,-44.6797033613864,39,4
393.05223880597,181.850746268657,-43.3332112060304,17,4
391.785714285714,180.607142857143,-47.0863485441775,42,4
391.028169014084,179.521126760563,-48.8370438985894,28,4
389.544117647059,177.713235294118,-51.6392605372521,40,4
388.1,176.061538461538,-53.7233420422731,38,4
387.203125,174.7421875,-52.2301915798612,28,4
386.203007518797,173.706766917293,-47.4707880596101,29,4
385.647058823529,172.970588235294,-45.1921252563723,19,4
384.640845070423,171.788732394366,-41.3508350487793,38,4
383.635714285714,170.857142857143,-37.596090167801,32,4
382.832167832168,170.111888111888,-36.7683060905149,19,4
381.304964539007,168.716312056738,-36.1293296942825,42,4
380.6,168.114285714286,-35.6742781983117,23,4
379.453237410072,167.237410071942,-36.9714248717108,31,4
377.985915492958,166.007042253521,-38.8681369003217,37,4
377.404255319149,165.595744680851,-37.4553543329331,17,4
376.369863013699,164.835616438356,-38.1330875315648,25,4
376,164.513513513514,-37.687537447238,16,4
374.862068965517,163.675862068966,-36.1265546964393,29,4
373.972413793103,163.2,-32.534639453481,20,4
373.797297297297,163.060810810811,-32.0268554839016,9,4
372.76,162.38,-29.9886760439317,22,4
372.292207792208,161.967532467532,-29.5534367511281,16,4
371.167741935484,161.2,-28.1828317099062,25,4
370.025477707006,160.541401273885,-26.6546956836078,26,4
369.834394904459,160.43949044586,-26.234235845047,10,4
368.314102564103,159.50641025641,-25.9953803694767,33,4
368.119496855346,159.408805031447,-25.5422124320263,15,4
367.209580838323,158.802395209581,-26.0664365560493,24,4
366.472049689441,158.354037267081,-25.6900421811376,20,4
366.01875,158.125,-25.458915747811,13,4
364.634146341463,157.810975609756,-22.3859841544296,24,4
364.440476190476,157.738095238095,-22.1892174222708,12,4
363.565476190476,157.440476190476,-22.1531619381861,18,4
362.664596273292,156.931677018634,-21.2348197087186,17,4
362.386503067485,156.858895705521,-20.8394609206363,10,4
361.853658536585,156.506097560976,-22.1253058125957,15,4
361.439759036145,156.319277108434,-22.551900705075,8,4
361.138554216867,156.126506024096,-22.4082665806073,8,4
360.35625,155.75625,-20.41096572595,20,4
360.246913580247,155.697530864198,-20.5418626195039,4,4
359.415662650602,155.253012048193,-20.7483038957136,16,4
359.25,155.268292682927,-20.860296474122,6,4
358.618181818182,155.090909090909,-21.395704953578,13,4
357.987654320988,154.851851851852,-22.7417633278163,15,4
357.645569620253,154.753164556962,-23.2872451167432,6,4
357.090909090909,154.412121212121,-24.986069995355,13,4
356.922155688623,154.437125748503,-25.1804085158715,8,4
356.078787878788,153.945454545455,-25.6650067584853,20,4
355.585798816568,153.798816568047,-25.4712941042048,12,4
355.39156626506,153.60843373494,-25.8756505697007,11,4
354.775757575758,153.290909090909,-24.029646830982,21,4
354.536144578313,153.234939759036,-24.2420513727878,7,4
353.901840490798,152.963190184049,-21.2603030068577,19,4
353.506097560976,152.84756097561,-20.9244260005432,9,4
353.101796407186,152.784431137725,-20.1124483378104,13,4
352.646706586826,152.568862275449,-16.6327465221102,18,4
352.508875739645,152.520710059172,-18.0009765104678,14,4
352.081871345029,152.502923976608,-16.626959644903,16,4
351.479532163743,152.175438596491,-14.662561140868,24,4
351.281437125748,152.125748502994,-14.3508471423141,8,4
350.450617283951,152.024691358025,-12.9048790991589,21,4
350.351515151515,151.933333333333,-12.433501646145,7,4
349.759036144578,151.83734939759,-10.9993902605708,17,4
349.282352941176,151.811764705882,-11.912440087138,14,4
348.853658536585,151.829268292683,-11.6822921776751,10,4
348.425149700599,151.664670658683,-11.1448585231558,11,4
348.214285714286,151.619047619048,-10.5684032085137,15,4
347.801169590643,151.602339181287,-11.3466070736761,13,4
347.145454545455,151.575757575758,-12.0898615172017,16,4
347.155688622754,151.544910179641,-12.376703432628,6,4
346.910179640719,151.580838323353,-12.7851865113644,14,4
346.666666666667,151.456140350877,-11.5822996769505,12,4
346.219512195122,151.40243902439,-12.367066474259,13,4
345.993939393939,151.393939393939,-12.2540521257208,11,4
345.861635220126,151.283018867925,-11.885637059859,12,4
345.534591194969,151.276729559748,-12.5111838185889,8,4
345.525,151.3,-12.5440898182853,3,4
344.974683544304,151.272151898734,-12.2152364949426,14,4
344.660377358491,151.25786163522,-12.5134900033708,5,4
344.493670886076,151.120253164557,-11.3001893152338,7,4
344.108974358974,151.038461538462,-11.2657023123261,6,4
343.943396226415,151.088050314465,-11.3538467846035,9,4
343.522292993631,151.070063694268,-9.89146973745687,8,4
343.465408805031,151.025157232704,-10.1226124827813,4,4
343.577639751553,151.099378881988,-10.4028849656333,4,4
343.181818181818,151,-9.88500764249297,8,4
342.842424242424,151.006060606061,-9.71694551380259,10,4
342.841463414634,150.94512195122,-9.68347875756353,3,4
342.283018867925,150.949685534591,-9.29943579110005,9,4
342.343558282209,150.957055214724,-9.57356822612321,6,4
342,150.944785276074,-8.66658678258228,6,4
341.7875,150.90625,-8.43062866128326,7,4
341.770186335404,150.931677018634,-9.10875699609569,5,4
341.648148148148,150.87037037037,-9.10672561045011,5,4
341.71686746988,150.909638554217,-8.73564363743044,6,4
341.4125,150.91875,-7.95105948234983,8,4
341.320987654321,150.907407407407,-7.48739184075361,4,4
341.098159509202,150.822085889571,-7.76661452791222,7,4
341.053892215569,150.880239520958,-7.58080734243469,6,4
340.957055214724,150.883435582822,-7.32412402764011,4,4
340.8125,150.81875,-6.85871269029982,3,4
340.683229813665,150.751552795031,-6.91434163917455,5,4
340.703703703704,150.845679012346,-6.55564029469416,11,4
340.596273291925,150.850931677019,-6.13988733914433,7,4
340.425,150.7625,-6.07663816359034,5,4
340.171974522293,150.764331210191,-6.13852746582908,7,4
340.238993710692,150.74213836478,-6.25410414713318,2,4
340.069620253165,150.79746835443,-6.24673638312518,5,4
340.204819277108,150.698795180723,-4.83733463731651,14,4
340.126506024096,150.759036144578,-5.66160633196299,6,4
339.937888198758,150.807453416149,-5.00764802246606,11,4
339.745341614907,150.832298136646,-4.62425316257559,8,4
339.895705521472,150.742331288344,-4.83608629763962,10,4
339.874213836478,150.823899371069,-4.26613885864246,8,4
339.746913580247,150.759259259259,-4.56808345167456,7,4
339.810975609756,150.810975609756,-4.6453973628285,6,4
339.654761904762,150.672619047619,-4.58971467306461,14,4
339.475903614458,150.668674698795,-4.46505648168647,4,4
339.683229813665,150.751552795031,-4.1228063030621,11,4
339.572289156626,150.831325301205,-3.70433574876957,7,4
339.396449704142,150.846153846154,-3.16545106662545,5,4
