382.833333333333,255.691666666667,40.1394057292658,NaN,1
382.932773109244,255.697478991597,40.2658967796886,7,1
382.922413793103,255.76724137931,40.9154807279982,5,1
382.974789915966,255.655462184874,40.5309226156161,3,1
383,255.726495726496,40.233767603934,4,1
383,255.80701754386,41.4413167847944,3,1
382.803571428571,255.9375,41.1920970741754,4,1
382.801724137931,256.025862068966,38.7000011505337,8,1
382.814159292035,256,38.6281152945949,5,1
382.974576271186,255.923728813559,38.5517221509471,7,1
382.947368421053,255.973684210526,38.7244182026187,4,1
383.194915254237,255.796610169492,38.3965660990841,6,1
382.90990990991,256.081081081081,39.7616698579871,9,1
382.840707964602,256.221238938053,39.9528422779023,4,1
383.017543859649,256.070175438596,39.0320167303828,7,1
383.033898305085,256.025423728814,39.3846433434528,4,1
382.991071428571,256.044642857143,38.0496205845514,8,1
383.236842105263,256.078947368421,37.700192320191,6,1
383.232142857143,256.080357142857,37.3884413416013,2,1
383.060869565217,256.2,38.1915183765852,5,1
383.103448275862,256.094827586207,38.4507058280102,7,1
383.017391304348,256.2,37.9841977575224,5,1
382.938053097345,256.451327433628,40.1537479514292,6,1
382.927272727273,256.381818181818,38.3212418661571,5,1
383.163793103448,256.215517241379,37.3262566611779,8,1
383.181034482759,256.275862068966,38.7946092136997,8,1
383.300884955752,256.265486725664,36.7060798707481,9,1
383.237288135593,256.364406779661,38.6636024976992,7,1
383.371900826446,256.355371900826,38.4390810539901,5,1
383.315789473684,256.342105263158,36.2733183470245,7,1
383.384615384615,256.384615384615,36.3113337957106,5,1
383.393162393162,256.384615384615,36.3812468215914,6,1
383.271186440678,256.533898305085,38.1036396556104,5,1
383.470085470085,256.350427350427,37.3003821473467,7,1
383.487603305785,256.297520661157,37.6991686042502,6,1
383.398305084746,256.525423728814,37.5091126722223,7,1
383.482456140351,256.605263157895,38.5219948891782,6,1
383.605042016807,256.521008403361,37.8190165081937,7,1
383.633333333333,256.45,38.3144602390294,5,1
383.452991452991,256.521367521367,38.6160203005337,9,1
383.456140350877,256.631578947368,37.8042971451465,7,1
383.525423728814,256.576271186441,38.0043476202486,4,1
383.318965517241,256.689655172414,38.6667427066452,4,1
383.449152542373,256.593220338983,38.4661037332373,2,1
383.469565217391,256.678260869565,38.6952556203045,3,1
383.457627118644,256.669491525424,38.713749228847,3,1
383.546218487395,256.655462184874,37.4305843297383,9,1
383.521008403361,256.663865546218,37.5685345458713,2,1
383.681034482759,256.620689655172,39.0407122489663,5,1
383.530434782609,256.895652173913,38.9455925704438,9,1
383.8,256.658333333333,36.5162931843826,9,1
383.456896551724,256.887931034483,38.7572607415465,6,1
383.678260869565,256.939130434783,37.9909492991519,9,1
383.756302521008,256.789915966387,37.3273096445379,6,1
383.818965517241,256.844827586207,38.3366534069344,11,1
383.932203389831,256.898305084746,37.9712249247171,10,1
383.764705882353,257,36.4736705116924,5,1
383.839285714286,257.107142857143,37.003078970778,7,1
383.944444444444,257.148148148148,39.3518264303222,8,1
384.641025641026,256.444444444444,44.5989414830666,35,1
384.95652173913,255.514492753623,64.142405078099,49,1
383.817391304348,258.260869565217,81.9506191868579,55,1
382.226890756303,261.840336134454,65.2019193225148,72,1
380.9921875,262.9765625,41.8329152269388,43,1
377.864,264.968,31.1230897119656,89,1
375.84,265.976,44.6339070614659,46,1
371.991803278689,269.040983606557,46.4609921493317,99,1
367.7734375,271.28125,12.8393823585158,104,1
364.491228070175,271.973684210526,2.423721452737,78,1
359.755395683453,271.525179856115,18.3327285150964,131,1
357.295302013423,271.832214765101,43.9730309198138,70,1
351.269841269841,273.571428571429,10.7161623447482,149,1
345.921739130435,273.55652173913,-39.9447859870532,129,1
343.157894736842,272.956140350877,-27.4728323917615,67,1
338.037878787879,271.30303030303,-6.85054885351456,120,1
336.026845637584,270.523489932886,22.96298529006,63,1
329.530434782609,271.034782608696,-32.1577589778126,154,1
324.982142857143,269.508928571429,-45.6768420696126,105,1
322.881818181818,268.781818181818,-34.2366663738946,50,1
318.432432432432,267.405405405405,-29.7368927696748,97,1
316.160714285714,266.5625,-36.9909105019339,59,1
311.470588235294,265.5,-42.4047503198806,106,1
308.166666666667,263.460784313725,-55.1164834710057,72,1
306.772277227723,262.445544554455,-49.2135406685382,35,1
303.894230769231,260.076923076923,-39.9081115230643,63,1
301.883495145631,258.533980582524,-37.7704404884965,49,1
298.657657657658,256.198198198198,-43.6395856620628,72,1
295.570093457944,253.672897196262,-59.7022153760856,76,1
294.601941747573,252.78640776699,-58.5326666308185,30,1
292.15306122449,250.234693877551,-53.0356765355866,61,1
291.088495575221,248.53982300885,-52.1049671394534,39,1
288.589743589744,246.726495726496,-44.6242955126857,72,1
285.610619469027,244.424778761062,-51.4214312153075,80,1
284.873873873874,244,-54.4604787480812,22,1
282.805084745763,241.601694915254,-62.7537657563884,55,1
282.172727272727,240.854545454545,-59.8066286390874,34,1
280.027272727273,238.318181818182,-41.6109635287199,56,1
277.548672566372,236.221238938053,-46.5901424361123,63,1
276.302752293578,235.477064220183,-49.7014998862827,32,1
274.377049180328,233.606557377049,-65.7312668826938,67,1
273.380952380952,232.460317460317,-73.9330782353334,38,1
271.965217391304,229.365217391304,-67.4989819461556,61,1
270.32,228.016,-55.6053043871432,60,1
269.21186440678,226.915254237288,-51.2558292412739,39,1
267.05,224.816666666667,-54.1994797298328,64,1
265.756302521008,223.705882352941,-63.2644556552763,41,1
263.982608695652,221.147826086957,-78.0759707312046,68,1
262.890756302521,219.714285714286,-70.2609914794098,52,1
262.293103448276,218.26724137931,-60.5538936544829,37,1
259.76724137931,215.491379310345,-50.1574255233413,78,1
258.577235772358,214.390243902439,-60.5848287536156,45,1
256.690909090909,212.145454545455,-71.5595625499286,61,1
255.320754716981,209.528301886792,-80.9764727342643,62,1
254.88785046729,208.710280373832,-77.6158027038963,25,1
253.54128440367,205.559633027523,-63.2108094587566,64,1
252.974358974359,204.581196581197,-61.192364245773,32,1
250.991452991453,202.470085470085,-50.3003035942147,70,1
248.781818181818,199.663636363636,-54.0858548622849,75,1
248.212389380531,198.424778761062,-58.6305268624623,33,1
246.768518518519,196.074074074074,-68.589135555872,57,1
245.972972972973,194.153153153153,-70.9446370087791,39,1
244.389380530973,191.814159292035,-59.5732167617931,58,1
242.406779661017,189.601694915254,-47.1240956641379,65,1
241.39175257732,188.278350515464,-42.4053881804236,39,1
239.54,185.98,-60.8772795044462,55,1
238.895238095238,184.704761904762,-68.3969662369176,39,1
237.706422018349,182.018348623853,-73.5627297867392,56,1
236.27027027027,179.333333333333,-69.1500120345347,58,1
235.456896551724,178.189655172414,-62.8798281506788,29,1
233.882352941176,176.310924369748,-51.8398470360155,61,1
232.603773584906,174.292452830189,-50.9271956966356,49,1
231.070175438596,172.491228070175,-66.566660965595,50,1
230.27731092437,170.63025210084,-76.2459478044617,57,1
229.764705882353,169.193277310924,-74.4571860001561,28,1
228.459459459459,165.81981981982,-63.2336499207418,62,1
228.065573770492,165.606557377049,-58.6540734178652,15,1
226.792,163.68,-49.2999075789039,59,1
223.857142857143,160.508928571429,-47.8942883090824,77,1
223.145299145299,159.709401709402,-52.7657252116062,25,1
221.917431192661,157.752293577982,-66.2777369316394,52,1
221.533898305085,156.830508474576,-69.9091398619572,29,1
220.050847457627,153.940677966102,-57.8919526607271,64,1
218.744186046512,152.418604651163,-51.1772054635265,43,1
217.504201680672,151.159663865546,-45.039018522324,38,1
215.881355932203,149.432203389831,-47.9230584056333,57,1
214.97520661157,148.454545454545,-52.8144394564387,31,1
213.80487804878,146.934959349593,-69.6223638800842,48,1
212.483050847458,144.389830508475,-71.6612063299052,53,1
211.637168141593,142.601769911504,-61.7886202367213,35,1
210.0625,140.758928571429,-47.440177499471,47,1
209.213675213675,139.948717948718,-44.3635231870222,29,1
207.1,137.636363636364,-47.7426707705623,59,1
205.556451612903,136.645161290323,-65.5951576305601,52,1
204.575221238938,135.575221238938,-69.7711380183198,33,1
203.161016949153,132.805084745763,-74.0031592617305,63,1
202.478632478632,131.589743589744,-72.2843125660643,35,1
200.94262295082,129.581967213115,-60.0794677871228,57,1
199.0234375,127.5,-42.9218612064445,68,1
198.016806722689,126.672268907563,-41.0997489871032,29,1
196.317073170732,125.707317073171,-58.00052644684,52,1
195.35,124.607142857143,-72.2344162811159,41,1
193.828125,121.4921875,-73.8781359837729,72,1
192.491935483871,119.379032258065,-65.2352637561715,52,1
191.587301587302,118.206349206349,-57.5005852403503,34,1
190.107438016529,116.768595041322,-41.8330305399234,48,1
189.227272727273,115.727272727273,-44.1729806394872,38,1
187.114503816794,114.167938931298,-56.3978855842492,57,1
185.970588235294,112.198529411765,-64.5829019657998,57,1
185.100775193798,110.868217054264,-65.6173126648509,33,1
183.638461538462,108.338461538462,-65.7465116469979,59,1
183.13475177305,107.950354609929,-63.0042485229826,27,1
181.642335766423,106.102189781022,-50.3544901364826,62,1
179.096296296296,103.985185185185,-52.6721328919736,80,1
178.577777777778,103.459259259259,-46.6646544793014,22,1
176.942446043165,102.251798561151,-61.2924449736605,62,1
176.384615384615,101.188811188811,-67.316695913264,32,1
175.059210526316,99.5657894736842,-70.2677239591829,57,1
173.323076923077,96.1,-61.0601541533314,82,1
172.705426356589,95.4496124031008,-53.2005328063935,37,1
170.731707317073,92.9593495934959,-38.2759297331142,66,1
169.857142857143,92.1932773109244,-31.9385331170783,28,1
168.298245614035,90.9122807017544,-50.1979737381933,49,1
166.525423728814,89.5254237288136,-57.0144121070639,48,1
165.767857142857,88.3214285714286,-58.4635126876511,32,1
164.489795918367,86.5408163265306,-49.8724007578712,46,1
163.59,85.33,-49.7490967816303,32,1
162.011111111111,83.9222222222222,-29.5670806719982,40,1
160,83.7078651685393,-16.7999257786074,39,1
159,83.8777777777778,-14.6314291330213,21,1
157.314606741573,84.2247191011236,-15.9011709631644,35,1
155.8125,84.2375,-15.0081809875271,29,1
154.5,84.7093023255814,-16.5185313367014,34,1
153.265060240964,84.6144578313253,-12.3304234089878,25,1
152.670731707317,84.780487804878,-5.63362675790678,21,1
151.012048192771,85.3975903614458,-1.76371765323671,33,1
150.73417721519,85.8101265822785,0.821515471271581,18,1
149.759493670886,86.8227848101266,-2.92024085234357,34,1
149.160493827161,87.5802469135803,-8.82160277384407,26,1
NaN,NaN,NaN,81,1
376.225490196078,249.56862745098,78.1809539054731,NaN,2
376.179245283019,249.481132075472,77.4978043407019,6,2
376.247619047619,249.361904761905,77.433092451369,5,2
376.401869158879,249.196261682243,75.4218181094452,6,2
376.37962962963,249.268518518519,75.335428101622,1,2
376.219047619048,249.6,76.9913107700962,5,2
376.304761904762,249.485714285714,76.7308728081548,2,2
376.198113207547,249.556603773585,77.4185000835063,3,2
376.144230769231,249.615384615385,77.9335507221514,2,2
376.259259259259,249.407407407407,76.659328324099,4,2
376.311320754717,249.462264150943,75.5970613297333,6,2
376.277777777778,249.37962962963,76.1227807302295,2,2
376.295238095238,249.438095238095,76.5044610402373,5,2
376.242990654206,249.485981308411,76.5896615344944,2,2
376.264150943396,249.481132075472,76.6574028596321,3,2
376.278846153846,249.432692307692,76.1109169939083,2,2
376.281553398058,249.485436893204,76.0526004646113,3,2
376.420560747664,249.308411214953,75.1399189035367,4,2
376.207547169811,249.575471698113,77.5654359404578,7,2
376.268518518519,249.407407407407,76.7823905034254,2,2
376.19,249.78,73.9176324850229,12,2
376.144230769231,249.490384615385,71.2585217567903,8,2
375.5,250.601851851852,44.2552575741822,60,2
374,251.394736842105,21.1374076974645,56,2
372.495145631068,252.029126213592,23.9859855017454,37,2
368.333333333333,255.040404040404,39.3762176358197,92,2
366.271028037383,256.028037383178,45.7215274364588,50,2
363.012195121951,259.158536585366,11.6744927883439,89,2
358.228915662651,261.012048192771,17.058053879976,75,2
356.506493506493,261.558441558442,19.1347256688195,26,2
351.505617977528,264.303370786517,27.7192547276174,78,2
349.458823529412,265.364705882353,16.8233328198284,38,2
343.853333333333,266.986666666667,11.6717840928293,78,2
340.294117647059,268.423529411765,38.9997272683259,58,2
338.576470588235,269.470588235294,40.3494994625935,32,2
333.383561643836,273.13698630137,20.2709494469326,84,2
332.064102564103,273.371794871795,18.852463415863,25,2
328.78431372549,273.696078431373,44.7314171439796,82,2
325.470588235294,275.327731092437,56.1363414400802,99,2
322.711340206186,278.072164948454,42.9345034906779,58,2
318.754901960784,280.039215686275,38.9996386778628,91,2
315.878048780488,282.19512195122,14.5249358242399,54,2
311.845238095238,284.22619047619,39.9707089153042,70,2
309.361344537815,283.697478991597,60.2367828808223,99,2
305.078125,288.59375,11.4297813509783,69,2
301.421686746988,289.638554216867,12.3852456466921,93,2
299.469879518072,290.301204819277,14.6649160693148,34,2
295.397590361446,292.277108433735,37.4546506232962,66,2
291.511363636364,294.477272727273,34.8828142084845,65,2
289.116883116883,295.74025974026,17.5441616559272,41,2
284.833333333333,297.035714285714,12.86635540783,61,2
283.16091954023,297.241379310345,14.7865501413107,31,2
279.929577464789,296.359154929577,51.7655736845991,105,2
275.414634146341,299.121951219512,40.5550851559926,119,2
273.150793650794,299.349206349206,29.4801810577995,57,2
269.09219858156,299.446808510638,22.6416950855719,103,2
266.963503649635,300.248175182482,28.2961150958828,62,2
263.05,301.135714285714,50.8710600527527,111,2
259.489208633094,303.064748201439,28.8975118853789,93,2
256.933333333333,303.451851851852,16.2764576973854,66,2
252.238805970149,303.985074626866,11.0845327676389,101,2
250.496402877698,304.057553956835,30.4081661054611,51,2
246.960264900662,305.046357615894,44.4051007724574,98,2
242.900662251656,307.092715231788,20.2032334251004,108,2
240.573426573427,307.748251748252,7.60566780309886,62,2
236.041958041958,307.748251748252,4.49712971009153,100,2
234.013986013986,308.118881118881,7.40431405575159,58,2
230.423841059603,308.695364238411,36.2077544174458,92,2
226.588607594937,309.879746835443,27.622895164746,97,2
224.086330935252,310.762589928058,3.66400973353681,59,2
220.109375,311.546875,-9.54632902250243,95,2
218.201492537313,311.39552238806,-12.5189003923761,54,2
214.894366197183,311.464788732394,15.0764742600613,76,2
211.59872611465,311.789808917197,17.1772644789678,73,2
209.715277777778,312.465277777778,8.76081941748734,55,2
204.682170542636,312.906976744186,-18.3861553495529,101,2
203.27868852459,312.786885245902,-20.3623136117738,41,2
199.328358208955,312.164179104478,-15.1902379401509,82,2
196.553459119497,311.930817610063,9.57054370172928,73,2
194.527397260274,312.219178082192,8.61761684631689,55,2
191.351351351351,312.878378378378,-0.354124631709752,76,2
189.474820143885,312.992805755396,-16.2678357976783,51,2
186.065217391304,312.717391304348,-20.1163019020712,77,2
182.013157894737,311.894736842105,-7.58975431235487,90,2
180.398773006135,311.78527607362,0.121935476919517,45,2
177.061349693252,312.147239263804,3.15119780048516,86,2
175.689024390244,312.158536585366,0.988210405085912,43,2
172.294117647059,312.082352941176,-23.4855171324389,86,2
169.262820512821,312.108974358974,-24.8871557586156,78,2
167.567073170732,311.634146341463,-15.3966423279542,54,2
164.823529411765,310.982352941176,17.1508187851975,88,2
163.672514619883,310.701754385965,29.889565312192,41,2
160.763636363636,311.412121212121,11.515289304505,78,2
156.523076923077,312.184615384615,-6.53607472335729,95,2
154.893805309735,312.407079646018,-12.1378317202814,43,2
150.159574468085,311.255319148936,-7.95113789611194,77,2
149.080808080808,311.212121212121,-3.05275195756888,31,2
144.285714285714,311.083333333333,9.02607576318533,65,2
140.773333333333,311.146666666667,-5.30119224339832,53,2
140.310810810811,311.148648648649,-8.64588127714135,7,2
139.533333333333,310.6,-5.61312707871288,19,2
138.536231884058,310.347826086957,7.71190522152266,16,2
137.053333333333,311.08,29.4141622305594,26,2
136.056338028169,312.352112676056,27.5274915863701,28,2
135.794520547945,313.082191780822,18.8666184973574,18,2
134.828125,314.28125,9.83687506989323,31,2
134.590909090909,314.5,13.4467342879019,6,2
133.954545454545,315.30303030303,28.1826486603799,20,2
134.426470588235,316.470588235294,46.7616484760768,28,2
134.848484848485,316.878787878788,47.0605575946402,14,2
135.063492063492,318.460317460317,40.6378819683517,35,2
135.47619047619,318.761904761905,34.4589001805445,14,2
135.645161290323,319.483870967742,29.2150449146592,19,2
135.971014492754,320.072463768116,44.1976763931548,21,2
136.092307692308,320.461538461538,53.7947835121055,12,2
136.314285714286,321.9,67.2864953293272,27,2
136.253731343284,322.880597014925,72.1790148775871,15,2
136.152542372881,324.932203389831,65.8708632908144,28,2
135.950819672131,326.065573770492,47.7041236631203,24,2
NaN,NaN,NaN,61,2
389.275862068966,258,82.7720150573911,NaN,3
389.275862068966,258,82.7720150573911,0,3
389.211764705882,258.188235294118,84.0944368213301,2,3
389.247058823529,258.164705882353,83.0158230756285,2,3
389.271739130435,257.5,80.2296491665428,17,3
389.382352941176,256.764705882353,78.6947321805244,22,3
388.788617886179,256.284552845528,66.1697117268601,73,3
386.355704697987,256.885906040268,54.1897744450667,90,3
383.480519480519,261.194805194805,18.9114353353841,98,3
380.6625,262.9125,37.1226790251591,57,3
378.703296703297,264.736263736264,46.6556111195757,43,3
375.318681318681,267.263736263736,25.5520911877079,68,3
370.202380952381,269.333333333333,10.2707019215214,125,3
369.404761904762,267.277777777778,40.6346160805872,60,3
365.368794326241,269.68085106383,49.6695905904424,113,3
363.629370629371,270.909090909091,52.4123644889803,54,3
359.748344370861,272.980132450331,32.0848730557201,98,3
355.585034013605,273.952380952381,23.7798272459046,114,3
352.532258064516,275.258064516129,20.4782402082099,65,3
349.34328358209,276.246268656716,29.9950319151059,72,3
348.043165467626,276.36690647482,36.0902169853408,55,3
343.27868852459,279,24.8413428440972,101,3
339.321428571429,279.991071428571,-1.51286764352969,78,3
337.21186440678,280.135593220339,3.8853753747962,38,3
333.605042016807,280.512605042017,9.91317240029417,71,3
331.661016949153,280.754237288136,24.1207129346473,41,3
328.725806451613,281.379032258065,33.7451837771422,60,3
325.140625,282.71875,25.0102076379978,72,3
323.017094017094,283.478632478633,11.4285978506353,39,3
319.196581196581,283.726495726496,-2.13219510606544,70,3
317.273504273504,283.632478632479,-6.35859129972827,40,3
313.818181818182,283.479338842975,9.58823189108901,66,3
310.428571428571,283.882352941176,28.3619276479831,66,3
308.772357723577,284.39837398374,22.5344484972133,36,3
305.425196850394,285.417322834646,18.7486413497999,70,3
303.638461538462,285.753846153846,11.5632636246312,37,3
299.94262295082,286.155737704918,-8.10587562696796,74,3
296.243902439024,285.934959349593,-5.35738998356408,69,3
294.731707317073,285.682926829268,-0.480740667683233,36,3
291.140625,285.9609375,14.8808868125632,71,3
289.940298507463,285.888059701493,20.9793647657998,34,3
286.198473282443,286.541984732824,12.6861565159406,71,3
282.9609375,286.875,-5.36231256414127,63,3
280.90756302521,286.63025210084,-7.29120033105067,43,3
277.365079365079,286.134920634921,-11.647414658246,65,3
275.629921259843,285.740157480315,-3.51625033643692,39,3
272.417910447761,285.619402985075,17.2441501276916,67,3
268.852112676056,285.929577464789,16.5456836202165,72,3
267.157142857143,286.114285714286,12.0880579815835,36,3
263.283464566929,286.133858267717,-5.7936198666222,85,3
261.107438016529,286.090909090909,-15.0676688494732,42,3
257.466101694915,285.610169491525,-15.3098450025703,67,3
254,285.2265625,0.250271812278516,70,3
252.099236641221,285.083969465649,8.73332555705742,39,3
249.289655172414,285.041379310345,12.9186899447763,64,3
247.482014388489,285.244604316547,12.2635609028743,48,3
244.131782945736,285.914728682171,-13.0628772920834,78,3
240.459016393443,285.352459016393,-25.0297791143281,77,3
238.354330708661,284.874015748031,-17.3727905714135,39,3
235.35,284.221428571429,-3.23182741198676,69,3
234.027777777778,283.930555555556,8.31632945931034,34,3
230.801282051282,284.153846153846,19.9828997630673,68,3
227.245033112583,284.860927152318,8.31701937532,79,3
225.375838926175,285.046979865772,-2.89658416234539,42,3
221.507042253521,284.80985915493,-13.2310531639803,85,3
219.671428571429,284.635714285714,-18.9228133085149,42,3
216.379310344828,284.124137931035,-2.86377343409411,69,3
213.033783783784,284.222972972973,19.1482981050563,73,3
211.426751592357,284.394904458599,15.7950382193873,37,3
208.22602739726,284.986301369863,7.37378820003572,77,3
206.412162162162,285.358108108108,-3.38802629304987,56,3
202.112903225806,285.604838709677,-26.2389912250513,94,3
198.775362318841,284.673913043478,-25.8962418189268,72,3
196.925925925926,284.407407407407,-13.245477946924,39,3
193.697183098592,284.169014084507,5.33142389284514,69,3
192.692810457516,284.006535947712,13.632079130426,33,3
189.383561643836,284.356164383562,12.6702519563019,77,3
185.753521126761,284.760563380282,-10.619037663818,82,3
183.93006993007,284.93006993007,-21.8236063956266,49,3
180.338842975207,283.884297520661,-24.5959888273578,86,3
178.540740740741,283.755555555556,-27.2093251522576,44,3
175.484472049689,282.689440993789,-9.22758700802212,84,3
172.255813953488,282.482558139535,4.34781177241036,83,3
170.840909090909,282.619318181818,3.50304125176939,44,3
167.817647058824,283.211764705882,-14.7151348244854,82,3
166.872093023256,283.372093023256,-52.1439346160272,40,3
164.119496855346,283.314465408805,-50.7960539671741,85,3
161.611510791367,282.776978417266,-33.505607625088,74,3
160.027027027027,282.225225225225,-7.19263605617552,56,3
156.790476190476,281.809523809524,10.5587450181216,64,3
155.009523809524,281.87619047619,15.4320503085159,40,3
151.552941176471,282.682352941176,5.51002613305441,60,3
148.164556962025,282.493670886076,-7.68844087849031,50,3
146.653333333333,282.413333333333,-14.6525106430107,24,3
143.761194029851,281.686567164179,-9.17247063954298,40,3
142.36231884058,281.391304347826,-5.98171203171114,20,3
139.68115942029,281.188405797101,8.8910309553511,36,3
138.815384615385,281.630769230769,23.2777167922303,20,3
138.338461538462,281.846153846154,17.6643663584483,10,3
137.65671641791,282.029850746269,-1.34230708269956,20,3
137.594202898551,282.086956521739,-3.8764718377294,8,3
136.782608695652,281.608695652174,-13.6570606515491,20,3
136.464788732394,281.239436619718,-9.46514198581902,12,3
136.521126760563,281.112676056338,-3.50920983639818,8,3
136.797297297297,280.945945945946,0.260513578167767,7,3
137,280.946666666667,2.55784730963538,3,3
137.376811594203,280.942028985507,-8.33632226198363,18,3
137.257575757576,280.424242424242,-22.6343035730315,19,3
137.483870967742,280.241935483871,-27.3503913324065,8,3
137.838709677419,279.290322580645,-45.5092073635929,30,3
138,278.949152542373,-43.8642384540699,9,3
137.809523809524,277.857142857143,-39.5841591755336,22,3
137.734375,276.8125,-31.8963426410409,23,3
137.823529411765,276.441176470588,-28.0749884575014,10,3
137.723076923077,275.4,-25.2415649175504,25,3
138.162162162162,275.527027027027,-28.7370197282791,15,3
137.358208955224,274.34328358209,-39.1974465873705,27,3
136.575757575758,273.015151515152,-58.3076367006962,23,3
136.47619047619,272.333333333333,-64.3833988958633,13,3
NaN,NaN,NaN,63,3
410.409090909091,271.886363636364,-89.000307253494,NaN,4
410.449438202247,271.887640449438,-88.9717240119767,1,4
410.704545454545,271.954545454545,-89.5125628435927,9,4
410.829545454545,272.113636363636,-88.0739018187785,4,4
410.918604651163,272.093023255814,-88.6280614933982,4,4
410.917647058824,272.211764705882,-88.4731539730391,1,4
410.952380952381,272.238095238095,-88.7833363075528,1,4
411.082352941176,272.011764705882,89.8656555138752,7,4
411.241379310345,272.080459770115,-89.3763489920586,4,4
411.363636363636,272.079545454545,-86.8693918032835,9,4
411.578431372549,271.088235294118,-88.7215493260485,22,4
411.522123893805,270.283185840708,-87.9503294207524,21,4
411.397058823529,268.926470588235,-76.3714261502636,67,4
411.780487804878,268.237804878049,-43.7906297726822,62,4
412.555555555556,268.475308641975,-39.2959839024437,42,4
415.606060606061,270.5,-36.971394955876,96,4
417.734513274336,271.787610619469,-60.0175050046674,47,4
419.233644859813,273.551401869159,-75.5510887888326,54,4
420.607142857143,276.178571428571,-77.3746102159367,57,4
421.219047619048,277.342857142857,-74.1217026289924,31,4
422.771929824561,280.535087719298,-74.3540033184222,75,4
423.234848484848,282.037878787879,-79.6057881213953,52,4
423.692307692308,288.791208791209,53.4711304098307,99,4
421.875,292.420454545455,56.9970332757032,69,4
421.445652173913,293.010869565217,65.5086550027164,32,4
420.436893203883,295.514563106796,65.8069136013801,73,4
419.69696969697,297.090909090909,62.3071896744142,34,4
416.675,301.5375,36.2595654848704,67,4
414.579545454545,303.318181818182,47.4764913025861,42,4
413.752808988764,303.516853932584,50.6821834599445,23,4
412.288461538462,305.028846153846,51.7483783888817,49,4
411.180952380952,306.371428571429,54.3230733480988,35,4
408.326530612245,309.020408163265,38.2130613242675,67,4
406.038095238095,310.371428571429,29.6067949680629,59,4
404.16,311.25,45.6938503595044,41,4
401.826923076923,312.817307692308,60.7164202435468,58,4
401.159292035398,313.16814159292,63.2671096150162,25,4
398.25,316.615384615385,58.8715565481271,83,4
396.009523809524,318.066666666667,32.6731989685599,61,4
394.336283185841,318.451327433628,22.6523979610602,38,4
391.353448275862,319.646551724138,29.5511398324608,75,4
389.826446280992,320.02479338843,48.0151476226238,41,4
386.806722689076,321.789915966387,53.4138525203467,76,4
384.115702479339,323.528925619835,50.0376661887273,68,4
382.837606837607,324.290598290598,33.7113191866284,38,4
379.952380952381,325.253968253968,17.49200781443,67,4
378.3203125,325.5390625,25.1561207192275,42,4
374.592,326.344,27.0103919681237,89,4
371.642335766423,326.883211678832,48.9788197391938,74,4
370.125925925926,327.777777777778,49.1389862722651,42,4
366.452380952381,329.698412698413,31.5137124542314,89,4
365.352112676056,330.218309859155,25.1385579628385,40,4
361.881944444444,330.395833333333,18.2681392873398,82,4
358.05223880597,331.05223880597,19.3014698051793,92,4
356.57037037037,330.837037037037,37.6960560704374,45,4
353.303448275862,331.986206896552,47.7880047225264,82,4
352,332.510204081633,53.1002813505743,44,4
348.510204081633,334.462585034014,34.5783619324634,92,4
345.048951048951,335.300699300699,14.9321245859773,84,4
343.140845070423,335.37323943662,19.8336058641732,47,4
339.45652173913,335.891304347826,13.9145418023273,88,4
337.786206896552,335.827586206897,35.7560920973516,49,4
334.843537414966,336.333333333333,51.0049953987933,84,4
331.932960893855,337.424581005587,32.2778904314845,82,4
329.385135135135,338.337837837838,12.6717593234764,73,4
325.5,338.775362318841,-5.27552126123536,90,4
324.2,338.807142857143,-15.916622834472,42,4
320.510638297872,338.914893617021,14.5297416211717,87,4
317.942307692308,338.903846153846,35.6438493763797,69,4
316.564102564103,339.185897435897,29.1921461483327,40,4
312.377622377622,340.076923076923,19.0575117947899,113,4
310.335820895522,340.641791044776,-18.6452949192187,59,4
307.292307692308,340.646153846154,-34.17226849876,74,4
304.361111111111,340.1875,-16.2646833435953,72,4
302.767123287671,340.020547945205,1.42779471555411,44,4
299.722222222222,339.833333333333,33.8537952374582,76,4
298.311258278146,340.119205298013,38.1250552133301,39,4
294.744827586207,341.020689655172,26.444154345327,90,4
290.769230769231,341.361538461538,-20.6374394353237,91,4
289.111940298507,341.34328358209,-14.602272495969,36,4
285.440298507463,340.694029850746,-5.07719991276588,78,4
283.841726618705,340.841726618705,3.43739633162225,43,4
280.489795918367,340.850340136054,34.1286445673642,86,4
277.2,341.386666666667,24.6361983690565,81,4
274.978102189781,342.087591240876,2.37815908468748,55,4
271.369565217391,342,-14.3367311947116,75,4
269.666666666667,341.847826086957,-21.1074355557582,40,4
266.169117647059,341.698529411765,-8.98261650530362,80,4
262.46357615894,341.46357615894,17.9743075146178,93,4
261.025974025974,341.597402597403,19.9942607306798,33,4
257.723684210526,342.177631578947,20.6353311791895,84,4
255.52,342.48,11.0449383520675,52,4
251.792857142857,342.85,-15.2555200639624,82,4
247.893129770992,342.480916030534,-26.1263008954077,87,4
246.078014184397,342,-11.2943032750929,50,4
242.788732394366,341.781690140845,3.84990873648192,75,4
241.314102564103,341.589743589744,19.2134595521936,50,4
237.787096774194,341.941935483871,18.1000700943192,87,4
233.863309352518,342.244604316547,-15.5063532956531,88,4
232.059259259259,342.311111111111,-19.0538918714292,44,4
228.238805970149,341.671641791045,-21.707772868187,85,4
226.68115942029,341.550724637681,-21.2623144033906,44,4
223.373333333333,340.946666666667,7.21377709300173,78,4
220.463414634146,340.884146341463,30.8697735134748,86,4
218.777777777778,341.099415204678,22.1838351914477,45,4
214.203947368421,341.835526315789,-6.72036551038704,109,4
212.72602739726,341.787671232877,-16.0770565092952,36,4
209.022388059701,341.820895522388,-24.3853823149752,86,4
205.847133757962,340.891719745223,-6.19134511632741,79,4
203.797385620915,340.986928104575,0.375410958684318,58,4
200.804733727811,340.804733727811,12.9550120470343,80,4
199.490683229814,341.217391304348,14.7507516330837,48,4
195.774834437086,341.76821192053,0.251922897624991,84,4
192.187969924812,341.84962406015,-25.0222979328181,82,4
190.763358778626,341.801526717557,-21.494341283468,38,4
187.69014084507,341.316901408451,-18.0622789706453,67,4
185.884892086331,341.395683453237,-8.39500480964508,49,4
182.898089171975,341.03821656051,13.4305103339527,82,4
179.408536585366,341.731707317073,9.75469522125211,89,4
177.933333333333,341.860606060606,3.76526556151548,49,4
174.958083832335,341.832335329341,-16.901313513116,78,4
173.34375,341.95625,-34.8280069264699,51,4
170.265060240964,341.710843373494,-38.2692007555859,94,4
167.361290322581,341.670967741935,-16.8076195741476,87,4
165.769736842105,341.506578947368,4.22244709153133,45,4
163.276315789474,341.796052631579,20.1704309251114,68,4
162.108280254777,341.496815286624,37.3650515000349,55,4
159.198473282443,342.801526717557,5.10049228587934,80,4
156.136752136752,342.974358974359,-30.4450640340755,82,4
154.690721649485,343.79381443299,-13.4262940107342,48,4
152.202247191011,343.76404494382,-4.7948289806616,52,4
150.712643678161,343.597701149425,1.50542393628221,22,4
147.903614457831,343.987951807229,17.9573447532207,42,4
144.418918918919,344.918918918919,12.6511745898627,53,4
143.13698630137,345.150684931507,4.63124263389262,19,4
140.281690140845,345.295774647887,-6.53372821666283,42,4
139.197183098592,345.30985915493,-13.5700041030688,18,4
138.666666666667,344.916666666667,-15.4362672483707,13,4
138.168831168831,345.077922077922,-4.42084448162089,17,4
137.973684210526,345.052631578947,-2.30310295151147,3,4
137.192307692308,345.24358974359,8.81240087836955,16,4
137.320512820513,345.423076923077,9.55796583978211,10,4
137.116883116883,345.922077922078,2.09167013168075,19,4
137.72602739726,346,-7.28807469151096,18,4
137.680555555556,345.916666666667,-7.67866043081973,3,4
137.625,345.833333333333,-5.3187413123477,14,4
137.226666666667,345.533333333333,-0.221326799249606,13,4
137.281690140845,345.859154929577,9.1011180073316,14,4
137.342465753425,346.342465753425,20.6350974694725,14,4
NaN,NaN,NaN,73,4
385.054945054945,252.813186813187,-79.6392441822074,NaN,5
385.074468085106,252.712765957447,-79.7692678149565,3,5
385.092783505155,252.742268041237,-80.1154527968879,3,5
385.086956521739,252.717391304348,-79.8605207927496,5,5
385.161290322581,252.903225806452,-79.9109973468564,5,5
385.166666666667,252.604166666667,-81.5375985180859,3,5
385.13829787234,252.627659574468,-80.4440023985841,2,5
385.311111111111,253.111111111111,-78.9069283003378,8,5
385.266666666667,253.055555555556,-77.4706199445101,4,5
385.322580645161,253,-78.4032117508164,5,5
385.29347826087,253.04347826087,-78.5953098294484,3,5
385.431578947368,252.863157894737,-80.1618459361614,7,5
385.423913043478,253.086956521739,-78.5391765732814,5,5
385.613636363636,253.25,-79.2347011383188,8,5
385.659793814433,252.329896907216,-83.6195086222467,11,5
385.592233009709,251.864077669903,-84.475286382457,16,5
385.591304347826,251.373913043478,-83.1659582666521,26,5
385.560975609756,251.008130081301,-82.687361326642,26,5
385.40522875817,250.437908496732,-59.6950531971831,74,5
384.910344827586,250.910344827586,-32.5757237938935,48,5
386.280991735537,252.338842975207,-9.228098660777,58,5
389.466666666667,253.561904761905,-9.72887990846807,74,5
391.378640776699,254.106796116505,-22.1771490125452,36,5
395,256.098901098901,-37.1491222520256,68,5
398.382352941176,257.833333333333,-24.1047264689748,57,5
400.797752808989,259.168539325843,-14.63009701494,43,5
404.116883116883,259.87012987013,-14.4866444532302,52,5
406.347222222222,260.638888888889,-19.9943377132612,37,5
410,262.055555555556,-31.0834528721731,48,5
412.835294117647,263.552941176471,-32.0217923547854,45,5
414.127659574468,264.18085106383,-27.7774550444754,25,5
415.972727272727,265.127272727273,-19.7283913652561,34,5
417.245901639344,265.819672131148,-16.7708397959909,28,5
419.510791366906,266.73381294964,-8.61780639712786,53,5
423.703125,267.359375,2.53925959186237,67,5
425.330769230769,267.169230769231,0.718912225606897,32,5
428.888888888889,267.738095238095,-7.3213595437072,76,5
431.318584070796,268.061946902655,9.89921867136901,45,5
433.957894736842,268.178947368421,45.7977478930576,60,5
436.166666666667,266.533333333333,69.5299281768177,55,5
437.351648351648,265.087912087912,64.4440451385352,35,5
439.444444444444,263.320987654321,44.6774087134439,56,5
440.686046511628,261.953488372093,44.4611236322953,35,5
443.010526315789,260,47.4028354890249,49,5
445.138613861386,257.386138613861,77.9605096769508,68,5
445.852631578947,256.568421052632,79.6384260532042,32,5
446.725274725275,254.417582417582,-88.0055710620154,44,5
446.978260869565,253.347826086957,-88.3028863653991,23,5
447.149425287356,250.471264367816,80.3309694062421,41,5
447.203883495146,248.825242718447,73.7737823330448,40,5
447.525252525253,247.636363636364,70.2249663216688,28,5
448.701149425287,244.862068965517,73.5951277214248,52,5
449.075268817204,243.47311827957,81.8841090539147,24,5
449.340909090909,240.556818181818,-81.1348004548719,45,5
449.196078431373,238.93137254902,-79.5781410999659,32,5
449.020833333333,236.416666666667,-78.9918942093209,34,5
449.155339805825,234.815533980583,-85.0892138051381,41,5
449.028571428571,232.914285714286,-89.275518486978,32,5
449.22,230.02,78.8179506044182,43,5
449.760869565217,227.152173913043,78.0813107123627,46,5
450,225.712643678161,82.6558568665318,27,5
449.978723404255,223.755319148936,-89.0124032727075,39,5
449.855670103093,222.721649484536,-84.7455925860191,21,5
449.742574257426,220.50495049505,-82.754762303339,38,5
449.618556701031,218.154639175258,-88.5429534286637,36,5
449.566666666667,217.111111111111,84.2425111044378,15,5
449.626373626374,215.153846153846,76.0342387220695,37,5
449.871287128713,213.663366336634,75.9692865338648,26,5
450.147368421053,211.073684210526,80.600712319397,42,5
450.112359550562,208.943820224719,-86.7241631270343,36,5
449.923076923077,207.714285714286,-83.628298518535,20,5
449.634408602151,205.849462365591,-81.7839540433133,32,5
449.5,204.578431372549,-84.0530226035382,23,5
449.245283018868,202.679245283019,89.9827973094575,36,5
448.920792079208,200.524752475248,80.2114681858744,45,5
449.086021505376,198.397849462366,80.9795334046979,34,5
448.923076923077,195.956043956044,88.7489293276028,40,5
448.9,194.844444444444,-85.7126652796609,19,5
448.415730337079,192.932584269663,-78.973226815558,31,5
447.833333333333,191.058823529412,-80.8573525754917,35,5
447.659574468085,190.085106382979,-82.4077014766337,26,5
447.443298969072,188.020618556701,87.8769220353996,37,5
447.28431372549,186.911764705882,85.6817222993213,23,5
447.215053763441,184.10752688172,80.3777715159332,43,5
447.222222222222,181.444444444444,85.0765189081005,41,5
447.011494252874,180.091954022989,-85.2823006897603,23,5
446.645161290323,178.548387096774,-81.7548131449711,26,5
446.516483516484,177.351648351648,-80.2738842146944,22,5
446.010204081633,175.244897959184,-82.939222807847,35,5
445.79797979798,172.959595959596,89.6713585854064,35,5
445.71875,172.052083333333,86.3284061612423,23,5
445.637362637363,169.637362637363,81.3196047338237,41,5
445.652631578947,168.515789473684,82.8359437589269,18,5
445.59793814433,166.082474226804,-88.8277188201628,36,5
445.183673469388,163.877551020408,-76.3526751589658,39,5
444.978723404255,163.585106382979,-77.0366297222109,14,5
444.261363636364,160.147727272727,-80.6309390098436,46,5
444.290322580645,159.268817204301,-82.6900462980649,15,5
443.96875,157.239583333333,89.7505808259507,31,5
443.979797979798,155.565656565657,87.8508039520427,27,5
443.844444444444,154.088888888889,87.7246845709819,23,5
443.65625,152.041666666667,-89.0958529139158,28,5
443.546391752577,151.134020618557,-85.1786016327083,21,5
443.019047619048,149.019047619048,-78.5961074212455,36,5
442.361111111111,147.074074074074,-77.2040409462098,41,5
442.128712871287,145.980198019802,-77.1018673310614,23,5
441.557894736842,143.4,-87.0110881503311,44,5
441.588235294118,142.28431372549,89.3110141622023,23,5
441.592592592593,140.462962962963,86.8349257434219,36,5
441.383838383838,137.777777777778,88.469940472538,43,5
441.18085106383,136.468085106383,-86.6283855860901,25,5
440.922222222222,135.122222222222,-77.8058634327637,24,5
440.666666666667,133.79797979798,-73.8680659532531,23,5
440.009345794393,131.943925233645,-76.3901288271302,30,5
439.443298969072,129.39175257732,-82.6854654186417,40,5
439.438775510204,128.367346938776,-84.5552876660962,17,5
439.236559139785,126.258064516129,-88.5211806923337,31,5
439.189473684211,125.157894736842,-88.969744338838,18,5
438.852631578947,122.926315789474,-85.9179973807218,32,5
438.53,121.16,-77.6464541254461,29,5
438.263157894737,119.936842105263,-74.4649356316128,23,5
437.637362637363,117.681318681319,-73.7558921256869,36,5
437.351063829787,116.81914893617,-74.7467151353557,17,5
436.742268041237,114.752577319588,-83.4614507290534,37,5
436.591836734694,112.734693877551,-89.167804589312,35,5
436.465909090909,111.806818181818,-87.5821091379659,20,5
436.157894736842,108.657894736842,-88.1963377773106,44,5
436.064102564103,107.205128205128,-83.3265950405655,22,5
435.494382022472,105.640449438202,-72.5113055258467,27,5
434.802083333333,104.208333333333,-71.2319503325797,25,5
434.47191011236,103.23595505618,-69.5545656207836,17,5
433.807228915663,100.963855421687,-73.6379017940619,38,5
433.449438202247,99.5280898876404,-79.338724363962,24,5
432.978947368421,97.0315789473684,-87.3420637603383,38,5
432.388489208633,92.1726618705036,-84.403551390218,84,5
431.548872180451,91.0902255639098,-65.3123874681266,36,5
431.651515151515,89.7575757575758,-78.1696232813603,47,5
431.04,89.768,-69.7943905419661,23,5
430.314960629921,89.0157480314961,-63.3354543243427,24,5
429.72972972973,86.990990990991,-63.0963306611068,54,5
429.649122807018,86.0701754385965,-66.9013706156494,31,5
429.076923076923,85.8974358974359,-72.0019170858147,33,5
428.536,86.08,-76.3274656731798,20,5
428.317073170732,86.0081300813008,-69.0333526592658,28,5
426.869565217391,85.9275362318841,-56.7304068526624,41,5
426.561151079137,85.6762589928058,-46.0395249568409,17,5
426.25,85.8402777777778,-40.7793528644505,25,5
426.223776223776,85.7202797202797,-37.8935180718228,23,5
425.590062111801,86.0496894409938,-36.5488359296639,38,5
424.491525423729,86.0056497175141,-19.4969896064315,54,5
