444.4375,259.522727272727,-38.4871537032828,NaN,1
444.394444444444,259.427777777778,-38.4790174825502,8,1
444.297752808989,259.550561797753,-37.713995985907,12,1
444.372222222222,259.527777777778,-38.2810025820819,8,1
444.361111111111,259.522222222222,-38.2562160594608,6,1
444.497206703911,259.581005586592,-37.9799698237493,7,1
444.344444444444,259.522222222222,-37.9977339698047,9,1
444.389830508475,259.655367231638,-37.8982177918095,7,1
444.35,259.516666666667,-38.3223752991086,9,1
444.411111111111,259.494444444444,-37.8841670796708,10,1
444.297297297297,259.286486486486,-37.4325523641778,11,1
444.4,259.432432432432,-37.5712442108716,6,1
444.45,259.516666666667,-38.0527574018965,5,1
444.480446927374,259.446927374302,-38.0196814619232,3,1
444.376404494382,259.365168539326,-37.4725936168408,7,1
444.359116022099,259.447513812155,-38.1039173522377,7,1
444.415730337079,259.511235955056,-38.2004902146226,9,1
444.342696629213,259.516853932584,-38.4186784060897,8,1
444.438888888889,259.461111111111,-37.9994073381364,12,1
444.594285714286,259.548571428571,-38.020193600804,7,1
444.541899441341,259.63687150838,-37.5630835788331,8,1
444.48087431694,259.590163934426,-37.9164383148431,10,1
444.46408839779,259.513812154696,-37.5761397034537,6,1
444.438888888889,259.527777777778,-37.6542472441387,1,1
444.531073446328,259.649717514124,-38.2328949676593,9,1
444.438202247191,259.421348314607,-37.7962849339885,7,1
444.658959537572,259.560693641619,-38.4344170465253,13,1
443.994652406417,258.844919786096,-37.744449824077,40,1
445.535294117647,259.994117647059,-28.6011470825951,59,1
447.613259668508,260.519337016575,-4.46967079613704,81,1
448.313829787234,260.404255319149,-3.14262702182797,43,1
453.02380952381,261.178571428571,-19.114201397001,120,1
457.245714285714,262.971428571429,-33.1917629947932,127,1
460.878205128205,265.00641025641,-26.6277882345237,77,1
466.553956834532,267.73381294964,-19.4915970877532,117,1
468.414201183432,269,-30.0736727458427,56,1
472.674698795181,271.421686746988,-48.8887884702048,107,1
477.046357615894,275.423841059603,-51.3645429043369,109,1
478.188679245283,276.050314465409,-44.6521976514446,32,1
480.781818181818,278.187878787879,-36.778082947341,78,1
482.335164835165,279.763736263736,-38.7760402921217,61,1
485.64367816092,282.35632183908,-46.1489240475716,90,1
488.660493827161,285.006172839506,-53.9566785692532,80,1
490.074534161491,286.428571428571,-52.8988341743091,39,1
492.5,288.653846153846,-46.6686016054098,65,1
493.58024691358,289.592592592593,-43.3775315827705,32,1
495.555555555556,291.485380116959,-41.0217592748976,63,1
498.275862068966,293.540229885057,-52.0341567982752,77,1
499.275,294.40625,-54.7207734578239,42,1
501.913907284768,297.516556291391,-53.1736984915938,75,1
503.203947368421,299,-49.0736007518841,37,1
504.964705882353,300.482352941176,-37.8575199896292,56,1
506.795321637427,302.087719298246,-35.0235952514308,65,1
508.725609756098,303.201219512195,-37.4880902388897,49,1
510.88679245283,304.817610062893,-45.7775140142379,59,1
511.866666666667,305.733333333333,-49.6810084346489,38,1
514.48125,307.89375,-46.4906141650918,73,1
516.668639053254,309.952662721893,-38.5450517089232,59,1
517.25,310.348837209302,-34.3805165621255,27,1
520.060975609756,312.024390243902,-34.2719783361674,74,1
521.271676300578,312.994219653179,-40.6743935278991,43,1
523.463276836158,314.463276836158,-55.7815704729617,64,1
526.060975609756,317.420731707317,-50.7332148537421,85,1
526.836363636364,318.042424242424,-45.0007215838674,29,1
529.017964071856,320.155688622754,-37.0424051065063,64,1
529.72514619883,320.777777777778,-35.547669807328,34,1
532.235632183908,322.494252873563,-38.6873617969304,73,1
534.933333333333,324.351515151515,-49.7594435255962,71,1
535.91975308642,325.271604938272,-47.1178349877597,31,1
538.266666666667,327.654545454545,-45.7135032814659,67,1
539.8,329.04375,-43.1584077656169,41,1
541.469879518072,330.397590361446,-35.6184618083885,50,1
542.78021978022,331.653846153846,-35.0329031705338,54,1
545.211180124224,333.211180124224,-36.7171046737248,55,1
547.343373493976,334.855421686747,-43.4134130922853,63,1
548.454545454545,335.90303030303,-47.7754655012512,39,1
551.27950310559,338.459627329193,-47.1633931261948,72,1
553.295857988166,340.266272189349,-39.4051725657568,58,1
554.024390243902,340.743902439024,-33.908629876946,27,1
556.361445783133,342.403614457831,-31.5784569613588,64,1
557.488235294118,343.376470588235,-33.7973782238893,42,1
560.475609756098,345.189024390244,-42.8100615938962,76,1
562.808383233533,346.976047904192,-44.5629093332437,69,1
563.849397590361,347.831325301205,-39.3543864906029,39,1
566.310559006211,349.88198757764,-34.5400076975221,63,1
567.315151515152,350.630303030303,-30.0021557618607,30,1
569.382857142857,351.954285714286,-28.8441302829754,56,1
571.966480446927,353.346368715084,-31.2576858577198,66,1
573.058139534884,354.011627906977,-31.1405362057957,37,1
575.809248554913,355.543352601156,-40.5983669117251,75,1
577.538461538462,356.934911242604,-43.4846536974542,50,1
579.766871165644,358.766871165644,-36.3872464077052,62,1
581.704545454545,360.090909090909,-30.3664980450244,55,1
582.717647058824,360.835294117647,-27.2126146674223,28,1
585.684848484848,362.484848484848,-25.9464756259653,67,1
586.908045977012,363.252873563218,-32.6468502093149,37,1
589.083798882682,364.508379888268,-40.4848284867716,59,1
591.477272727273,366.221590909091,-40.4561442048948,65,1
592.744186046512,367.255813953488,-36.8821312705227,40,1
595.303571428571,369.119047619048,-28.2107791702916,66,1
596.186046511628,369.656976744186,-27.6480893079159,30,1
598.611764705882,371.276470588235,-23.630827012712,72,1
601.2,372.737142857143,-29.7726980067377,57,1
602.591715976331,373.739644970414,-33.0249836145101,52,1
604.5,374.913043478261,-36.2453840206241,65,1
605.659090909091,375.409090909091,-38.8416018495381,36,1
608.047058823529,377.429411764706,-35.6726646339105,66,1
610.32183908046,379.022988505747,-27.5672247530358,58,1
610.907514450867,379.601156069364,-28.1890650762438,31,1
613.158536585366,381.024390243902,-24.4470172693259,57,1
614.479041916168,381.802395209581,-29.5510324894643,45,1
616.314917127072,382.828729281768,-34.9057227053251,52,1
619.179012345679,384.555555555556,-40.2149109023808,75,1
619.967741935484,385.296774193548,-37.5146061105658,29,1
622.503184713376,386.87898089172,-32.6308009983422,58,1
623.371794871795,387.570512820513,-29.3990038143352,29,1
624.962264150943,388.534591194969,-28.0852674733419,49,1
627.602739726027,390.267123287671,-26.2366069024419,55,1
628.289473684211,390.5,-26.7918890766908,24,1
630.013986013986,391.608391608392,-31.5588456745936,45,1
630.805555555556,392.083333333333,-32.068730900085,21,1
632.743243243243,393.094594594595,-34.1977418997683,50,1
635.507042253521,394.816901408451,-29.4686093571358,56,1
636.443661971831,395.345070422535,-26.9132038145038,30,1
637.969696969697,396.348484848485,-23.7014537523478,42,1
639.219696969697,396.916666666667,-20.4071149456442,24,1
641.074626865672,397.276119402985,-15.1018996085459,38,1
642.9,397.271428571429,-12.3623014830133,32,1
643.255172413793,397.28275862069,-11.2579762076592,9,1
644.585526315789,397.059210526316,-7.21461703022624,29,1
645.207792207792,397.038961038961,-4.286787777319,22,1
647.152777777778,397.069444444444,3.19182625292622,42,1
NaN,NaN,NaN,144,1
392.77037037037,241.259259259259,-81.552557289193,NaN,2
392.928104575163,243.333333333333,-81.7130910732419,22,2
392.894039735099,242.907284768212,-82.1754710636521,26,2
392.886524822695,240.900709219858,89.7745068348817,58,2
393.303571428571,242.613095238095,-87.1433806688771,55,2
393.551569506726,243.053811659193,75.1159704937551,143,2
392.156862745098,253.862745098039,-30.3731748282458,132,2
397.261146496815,235.03821656051,73.6799102309036,100,2
399.032258064516,227.911290322581,74.0339445921144,123,2
399.875816993464,224.967320261438,67.467080180827,63,2
401.519480519481,219.149350649351,74.264869309463,111,2
402.059523809524,214.553571428571,-85.330302236958,106,2
401.784615384615,210.692307692308,-81.5513883216776,70,2
401.639455782313,205.891156462585,83.3794506452038,101,2
401.756097560976,202.914634146341,79.7652588484721,57,2
402.012345679012,198,82.4798443810448,96,2
402.143790849673,193.091503267974,-82.8972284808087,95,2
402.144827586207,191.606896551724,-78.3483934971058,36,2
401.678321678322,187.678321678322,-78.3037180081913,74,2
401.53642384106,185.556291390728,-82.5323281559658,42,2
401.080536912752,181.624161073825,-89.1384952003841,72,2
400.78,178.006666666667,-88.9148810909317,63,2
400.666666666667,177.123188405797,-85.626379733614,22,2
400.367346938775,173.938775510204,-79.4743919199512,63,2
400.287671232877,171.965753424658,-78.3429445772883,37,2
399.918367346939,169.210884353742,-82.7618675838266,51,2
399.806666666667,166.94,-88.575283782989,49,2
399.558620689655,166.262068965517,89.2516444750784,25,2
399.309352517986,162.755395683453,85.9999025401234,58,2
399.344827586207,161.696551724138,87.2550877413296,28,2
399.34965034965,159.300699300699,-87.2188887516182,46,2
399.272058823529,156.948529411765,-82.8909260108822,47,2
399.191176470588,155.676470588235,-82.9139077568831,22,2
399.257142857143,154.2,-84.9619389914796,36,2
399.06338028169,153.281690140845,-85.3669698710449,26,2
398.956834532374,151.280575539568,-89.2898414117638,43,2
398.859154929577,149.401408450704,-89.8210296669698,35,2
398.702127659574,148.283687943262,-89.9097338380904,25,2
398.455223880597,145.888059701493,-84.1679904917734,47,2
398.286764705882,145.095588235294,-82.9517045651344,24,2
398.057971014493,143.231884057971,-80.022622145223,42,2
398.007518796992,141.240601503759,-76.9521589761825,45,2
397.725925925926,140.325925925926,-77.3907020296119,24,2
397.357664233577,137.934306569343,-81.0163668706064,48,2
397.2,137.071428571429,-81.7838114645735,23,2
396.746268656716,134.679104477612,-86.1513207636155,46,2
396.458015267176,132.717557251908,-87.800347288875,35,2
396.37037037037,132.014814814815,-86.5282959270879,18,2
396.132352941176,129.654411764706,-85.7019418009946,41,2
395.907142857143,128.885714285714,-85.3934058798236,20,2
395.735294117647,126.897058823529,-82.8143263946557,36,2
395.556338028169,125.211267605634,-79.2720812894838,32,2
395.478260869565,124.275362318841,-78.6623861025481,20,2
395.174825174825,122.951048951049,-76.8005605500059,37,2
395.118055555556,122.069444444444,-76.3958470518785,21,2
394.683098591549,120.295774647887,-74.8909289388563,42,2
394.385135135135,118.783783783784,-76.6340067353306,30,2
394.315068493151,118.061643835616,-77.7430029276597,14,2
393.950704225352,116.084507042254,-79.142695440165,42,2
393.713286713287,115.447552447552,-78.9975851156295,17,2
393.533783783784,114.074324324324,-80.1013103112483,25,2
393.331034482759,112.668965517241,-80.3314094053453,21,2
393.143884892086,112.028776978417,-79.8981390821756,16,2
392.729166666667,110.486111111111,-79.7057254371086,29,2
392.615384615385,110.265734265734,-79.0772661206118,9,2
392.643356643357,109.055944055944,-78.7859999963859,24,2
392.351351351351,107.912162162162,-77.7139420029134,23,2
392.060402684564,107.087248322148,-76.5779024365608,19,2
391.816901408451,106.056338028169,-75.6995827672619,21,2
391.770833333333,105.340277777778,-75.9183996694212,12,2
391.657142857143,104.385714285714,-76.1540076500861,20,2
391.468531468531,103.41958041958,-76.0122688787669,21,2
391.377622377622,103.020979020979,-75.9639412619056,10,2
391.142857142857,101.612244897959,-77.6580806247019,30,2
391.075342465753,101.130136986301,-77.3863950764885,15,2
390.660493827161,99.0679012345679,-78.0073923079231,36,2
390.36,96.2971428571429,-81.6280525247744,47,2
390.045977011494,95.316091954023,-79.9244165213311,25,2
389.681081081081,94.3351351351351,-77.9017659422571,23,2
389.697435897436,93.6205128205128,-78.3022097197915,24,2
389.464285714286,93.1224489795918,-76.2173392068008,25,2
389.209183673469,92.234693877551,-76.1455439949221,24,2
389.397959183673,92.1581632653061,-78.068102384361,22,2
389.423469387755,91.3724489795918,-78.7168367595174,30,2
389.365979381443,91.159793814433,-77.7327138925146,16,2
389.313829787234,90.7659574468085,-77.6318751110248,14,2
389.726368159204,90.273631840796,-78.6179962904039,29,2
389.381909547739,90.1457286432161,-73.6215414631791,28,2
387.177777777778,89.7155555555556,-36.1733170138864,64,2
389.071770334928,90.1913875598086,-70.3231288399107,50,2
387.399193548387,89.4233870967742,-39.0948668047501,55,2
387.595833333333,89.5,-33.4875832142736,36,2
387.562248995984,89.2650602409639,-26.8162291548495,23,2
388.719457013575,89.8099547511312,-64.8496659929958,38,2
388.15611814346,89.5274261603376,-51.2692263532472,24,2
389.293333333333,89.3688888888889,-55.6024947577892,34,2
387.433628318584,89.216814159292,-41.5322974873607,49,2
387.794642857143,89.3973214285714,-45.8230494441075,28,2
389.415094339623,89.3018867924528,-67.0683021262261,54,2
NaN,NaN,NaN,212,2
382.440476190476,257.047619047619,37.9017988097046,NaN,3
382.203592814371,257.245508982036,38.406515744646,7,3
382.396449704142,257.08875739645,37.627046972322,8,3
382.041420118343,257.319526627219,38.453867624783,12,3
382.107784431138,257.233532934132,37.8358778344477,8,3
382.292397660819,257.046783625731,37.7128164603242,10,3
382.258620689655,257.16091954023,38.4734928413648,5,3
382.190751445087,257.202312138728,38.6746113049465,1,3
382.348837209302,257.122093023256,38.3712608482928,5,3
382.251461988304,257.19298245614,38.2701262541889,5,3
382.335294117647,257.111764705882,37.7670847839916,3,3
382.325301204819,257.030120481928,37.4363261534497,8,3
382.181818181818,257.218181818182,38.2675369415133,9,3
382.257668711656,257.134969325153,37.5499258754936,4,3
382.20245398773,257.153374233129,37.1944991784225,6,3
382.682352941176,256.782352941176,37.3648054360005,13,3
382.860465116279,256.610465116279,37.0074998067528,8,3
383.087431693989,256.398907103825,37.3486851320875,19,3
382.316666666667,257.011111111111,32.2370134693024,57,3
380.988505747126,258.034482758621,15.1738012805277,58,3
378.691489361702,258.239361702128,0.292140716309804,92,3
376.931034482759,258.512315270936,4.59906275140795,55,3
373.282296650718,258.918660287081,20.1569390934408,106,3
368.408839779006,260.629834254144,18.3632254346276,120,3
365.867021276596,261.271276595745,15.1156768794232,73,3
361.144385026738,261.754010695187,7.47138130410436,117,3
359.355,262.245,15.8859942065291,65,3
355.862745098039,263.343137254902,15.3823475708017,100,3
352.209944751381,264.718232044199,31.3793600869688,113,3
350.605555555556,265.444444444444,34.4241887058998,51,3
347.766467065868,266.664670658683,31.5851788853391,73,3
346.426829268293,267.44512195122,27.3464335913893,33,3
344.410714285714,268.684523809524,17.5645102918332,60,3
343.033333333333,269.638888888889,13.1174900383154,46,3
342.101694915254,269.994350282486,11.479119593807,27,3
339.695652173913,270.771739130435,14.0978870177774,59,3
338.132947976879,271.156069364162,18.2520181214735,37,3
335.018518518519,272.561728395062,25.1718017263179,71,3
333.081761006289,273.62893081761,22.5186946088646,45,3
331.987341772152,274.164556962025,17.9988911602442,29,3
330.185185185185,274.956790123457,9.92014751150688,40,3
329.207547169811,275.37106918239,6.97209891663142,27,3
327.317365269461,276.053892215569,3.41496814787105,48,3
325.427710843374,276.421686746988,1.92855979623029,45,3
324.050314465409,276.666666666667,2.14382904183078,31,3
322.20245398773,276.80981595092,2.89141641593172,40,3
321.782352941176,277,2.58384754861147,25,3
320.210843373494,277.210843373494,4.50374972925583,40,3
318.461538461538,277.485207100592,6.91842433780466,41,3
317.965909090909,277.664772727273,7.05151248139061,21,3
315.49710982659,277.890173410405,8.32409765554189,45,3
315.070652173913,277.929347826087,8.34597400373592,23,3
313.579787234043,278.11170212766,7.71415014790384,34,3
312.355670103093,278.231958762887,7.36890549437935,32,3
311.497512437811,278.248756218905,6.33393974503625,19,3
309.615384615385,278.825641025641,3.15862456680603,48,3
309.005102040816,278.760204081633,2.31947432189626,21,3
307.164893617021,278.893617021277,0.161555252214068,38,3
305.82967032967,278.93956043956,-1.49669120370326,28,3
305.1,278.966666666667,-1.22062254777515,18,3
303.852459016393,279.087431693989,-0.677439401805404,29,3
303.224043715847,279.16393442623,-0.577024404755126,24,3
302.459893048128,279.096256684492,-0.507760724204192,22,3
301.163157894737,279.221052631579,-1.75426590574078,29,3
300.871794871795,279.2,-0.572482966835831,19,3
299.677419354839,279.284946236559,-1.86654054961724,31,3
299.268041237113,279.201030927835,-3.39833987368572,20,3
298.34358974359,279.266666666667,-4.71038105770461,21,3
297.552763819096,279.286432160804,-5.41543917674366,24,3
296.851485148515,279.217821782178,-6.77452760206742,21,3
295.522388059701,279.213930348259,-8.09174810855642,29,3
295.242424242424,279.217171717172,-8.5851813057196,27,3
294.192893401015,279.203045685279,-9.40231480632339,23,3
292.710526315789,279.163157894737,-11.1949155221231,29,3
291.608695652174,278.875,-11.4141363564958,28,3
290.540983606557,278.857923497268,-11.0436657028641,27,3
290.103260869565,278.771739130435,-11.1398200390512,15,3
289.201086956522,278.576086956522,-10.9458865676052,22,3
288.237113402062,278.489690721649,-10.3443750793551,22,3
287.75,278.420212765957,-10.7535130077352,16,3
287.056994818653,278.424870466321,-9.45977973969138,23,3
286.780612244898,278.459183673469,-9.06767064331159,11,3
286.234693877551,278.428571428571,-9.77583177164194,14,3
285.860696517413,278.422885572139,-9.79132669457042,23,3
285.604060913706,278.365482233503,-10.632359832413,10,3
284.616915422886,278.36815920398,-8.81046680217283,24,3
284.242574257426,278.455445544554,-8.54676982226471,13,3
283.613402061856,278.412371134021,-9.77802260983309,20,3
282.670157068063,278.476439790576,-10.5388025150438,27,3
282.140540540541,278.308108108108,-11.1353664336358,18,3
281.740740740741,278.275132275132,-11.1742095738519,14,3
281.283422459893,278.229946524064,-11.9299987009141,14,3
279.988826815642,278.078212290503,-13.8350333897408,22,3
279.592783505155,277.927835051546,-13.4926689505281,17,3
279.243386243386,278.010582010582,-13.3636310899914,11,3
278.724324324324,278.010810810811,-14.009999647266,18,3
278.262032085561,278.080213903743,-14.3320485123975,18,3
277.627027027027,278,-14.5630516292389,14,3
277.010416666667,277.78125,-14.695780023007,15,3
276.549738219895,277.884816753927,-13.8384048319052,15,3
276.171122994652,277.882352941176,-13.3420943098198,14,3
275.925531914894,277.893617021277,-13.1978433200499,9,3
275.329787234043,277.803191489362,-13.1672350871298,18,3
274.921875,277.776041666667,-13.097246815455,16,3
274.573684210526,277.684210526316,-12.9698992351729,10,3
274.20652173913,277.66847826087,-12.9022796044267,14,3
273.664835164835,277.516483516484,-11.2423071523792,18,3
273.183783783784,277.610810810811,-12.0286535780212,19,3
273.016483516484,277.620879120879,-12.1240108628747,15,3
272.866310160428,277.582887700535,-11.578421608063,11,3
272.167597765363,277.525139664804,-12.3794334914649,14,3
272.155913978495,277.537634408602,-12.2959485795587,13,3
271.759776536313,277.525139664804,-11.9316102716909,17,3
271.194444444444,277.466666666667,-11.599977098707,19,3
271.038674033149,277.458563535912,-11.3748764051003,11,3
270.345945945946,277.427027027027,-11.8618421424648,20,3
270.4,277.475675675676,-11.3483716799053,10,3
269.950819672131,277.475409836066,-11.475900328984,14,3
269.825136612022,277.426229508197,-11.7258254403062,10,3
269.561111111111,277.538888888889,-12.4655434096913,15,3
269.027472527473,277.43956043956,-11.5224243322129,20,3
269.038461538462,277.43956043956,-13.1185751063492,16,3
268.843243243243,277.513513513513,-13.0218531268346,17,3
268.13407821229,277.413407821229,-12.4301108761236,24,3
268,277.379310344828,-12.2342040048171,15,3
267.932960893855,277.474860335196,-12.2512638312488,15,3
267.491525423729,277.435028248588,-12.298490533535,18,3
267.051428571429,277.582857142857,-13.4030656931476,18,3
266.866279069767,277.604651162791,-11.9788532975332,15,3
266.727272727273,277.659090909091,-12.4363764941053,12,3
266.609195402299,277.609195402299,-11.5967433568873,12,3
266.322033898305,277.604519774011,-11.6234023077944,7,3
266.083798882682,277.631284916201,-12.293424961922,12,3
265.842696629213,277.561797752809,-11.5119392651062,11,3
265.56,277.68,-12.4994915718026,13,3
265.438888888889,277.811111111111,-11.3421006836861,13,3
265.220994475138,277.78453038674,-11.648357745022,17,3
264.789772727273,277.6875,-11.3506775643701,11,3
264.388888888889,277.688888888889,-12.0919009792953,20,3
264.417582417582,277.824175824176,-12.4982168390909,14,3
264.389830508475,277.751412429379,-12.2142641638446,17,3
264.430107526882,278.08064516129,-12.2051260966701,21,3
263.944751381215,278.082872928177,-13.9902931835556,23,3
263.960893854749,278.011173184358,-12.7987392066406,18,3
263.743016759777,278.050279329609,-12.6916729884249,8,3
263.641304347826,278.032608695652,-13.1894414170826,9,3
263.462765957447,278.063829787234,-13.3945688198097,10,3
263.043010752688,278.091397849462,-12.9233229519332,14,3
262.978142076503,278.098360655738,-12.732286759707,11,3
262.945945945946,278.07027027027,-12.3432893275031,12,3
262.70652173913,278.146739130435,-13.6870410973657,15,3
262.675824175824,278.258241758242,-12.5647052407084,10,3
262.464480874317,278.393442622951,-11.9716951240285,13,3
262.138121546961,278.364640883978,-11.8064859202711,10,3
NaN,NaN,NaN,181,3
389.653846153846,242.967948717949,-21.4023948574814,NaN,4
389.602649006623,242.960264900662,-21.2004311037339,7,4
389.824675324675,242.980519480519,-20.8787521274881,7,4
389.656050955414,242.872611464968,-21.6204231467812,9,4
389.811688311688,242.805194805195,-20.611074470363,13,4
389.690789473684,242.848684210526,-21.0543525260683,12,4
389.610738255034,242.765100671141,-21.0252051159866,5,4
389.765100671141,242.986577181208,-22.2904081728387,12,4
389.857142857143,242.952380952381,-20.5911129715461,12,4
390.046052631579,242.934210526316,-36.7957438307825,79,4
389.727272727273,241.986013986014,-73.9888525529984,81,4
389.3,240.707692307692,-75.0670558391807,35,4
387.944827586207,236.255172413793,-59.2044749772092,95,4
387.040462427746,234.745664739884,-55.059274946816,50,4
383.50641025641,229.423076923077,-51.6104561440706,119,4
379.955414012739,224.770700636943,-64.0052087771673,117,4
377.807947019868,221.622516556291,-47.3950607802315,68,4
374.189189189189,217.97972972973,-24.0521213390162,109,4
372.111731843575,216.217877094972,-29.2132729613379,71,4
366.664556962025,212.753164556962,-46.0383890661569,131,4
361.923566878981,208.490445859873,-47.4405714417911,117,4
359.8,206.886666666667,-35.3746141973731,47,4
355.787096774194,203.832258064516,-31.9695977886039,101,4
354.147239263804,202.730061349693,-34.0994935164899,44,4
350.469512195122,200.536585365854,-39.8252041273543,93,4
346.089171974522,197.579617834395,-38.0140331933006,99,4
344.44375,196.76875,-30.2257411220449,35,4
341.191358024691,194.617283950617,-20.1747405182709,88,4
339.672619047619,194.107142857143,-19.4719468081787,36,4
335.71686746988,193.006024096386,-25.7311198901607,88,4
331.773255813953,191.558139534884,-32.2026472952571,82,4
330.2,190.935294117647,-27.9809527684259,36,4
326.721590909091,189.5,-17.7259498767834,70,4
325.45251396648,189.072625698324,-12.9508059867549,37,4
321.619883040936,188.25730994152,-10.9152179823169,84,4
317.734104046243,187.867052023121,-26.9444128727556,90,4
316.306358381503,187.433526011561,-25.8162914403723,42,4
312.197604790419,186.095808383234,-17.4153373442267,80,4
310.576687116564,185.460122699387,-10.3838907826594,38,4
308.028571428571,185.011428571429,-4.22228771195978,62,4
303.982035928144,184.48502994012,-7.46189235988965,80,4
302.347058823529,184.429411764706,-11.8797517519962,39,4
298.755681818182,184.295454545455,-20.8245886116861,86,4
296.71686746988,183.620481927711,-20.267439185855,46,4
293.982142857143,182.839285714286,-7.77125388770156,66,4
291.139534883721,182.56976744186,-2.57636147438431,70,4
289.155172413793,182.379310344828,-3.76470262510134,46,4
286.521505376344,182.790322580645,-13.0906581358584,72,4
285.284210526316,182.794736842105,-18.7874815368202,38,4
281.789473684211,181.923976608187,-18.5039977923015,77,4
279,181.186046511628,-5.07574312522141,63,4
277.252941176471,180.9,-1.15942237930752,40,4
274.777142857143,181.074285714286,-0.39594733613106,63,4
273.461956521739,181.146739130435,-4.57003454150394,37,4
270.472527472527,181.527472527473,-14.2417053945865,80,4
267.023391812865,180.976608187135,-14.2929984224719,69,4
265.321428571429,180.666666666667,-3.56767074418322,43,4
262.389534883721,180.331395348837,4.59499126426631,64,4
260.910714285714,180.5,5.32809950171398,42,4
257.814207650273,180.863387978142,-1.16800075508291,77,4
255.380208333333,181.317708333333,-14.6015046065039,73,4
253.696808510638,181.074468085106,-14.5802650634058,44,4
250.011834319527,180.218934911243,-7.89627052592716,81,4
248.91124260355,180.03550295858,-4.25215836882093,26,4
245.96,179.897142857143,2.72204197522801,70,4
242.564417177914,180.110429447853,2.69787836566408,72,4
241.207317073171,180.158536585366,-0.537317541350938,33,4
238.203703703704,180.111111111111,-7.6559391381541,62,4
237.006024096386,180.168674698795,-8.95993973745732,26,4
234.461538461538,179.834319526627,-8.41365152593454,57,4
231.825,179.6,-3.97368438090474,61,4
230.604938271605,179.462962962963,-2.96647573641161,32,4
227.68152866242,179.292993630573,1.15777947001115,59,4
226.586419753086,179.240740740741,2.86551745141915,33,4
224.210191082803,179.299363057325,1.9684032693527,57,4
221.660377358491,179.490566037736,-0.755583835220178,56,4
220.982142857143,179.375,-1.51195938500856,27,4
218.457317073171,179.280487804878,-2.59360271715976,58,4
217.515527950311,179,-2.62602809486283,29,4
215.951807228916,179.05421686747,-4.25895313835325,47,4
213.638036809816,178.944785276074,-4.2244480359636,51,4
213.183431952663,178.91124260355,-4.66393616135759,26,4
210.782352941176,178.676470588235,-0.46215917924626,55,4
209.741379310345,178.626436781609,1.08715744824163,30,4
207.383233532934,178.652694610778,4.29981881045176,59,4
205.901840490798,178.822085889571,3.90691560093673,34,4
205.047904191617,178.85628742515,4.26370147139793,22,4
203.361111111111,178.85,5.18877544081868,41,4
202.491891891892,179.032432432432,4.0582587980692,25,4
200.67027027027,179.459459459459,1.53500473307995,42,4
199.265957446808,179.537234042553,2.10717395729117,31,4
198.508196721311,179.639344262295,1.22064548995337,17,4
196.456043956044,179.895604395604,4.60663660333871,47,4
195.922651933702,179.906077348066,4.72275084842393,17,4
194.893048128342,180.064171122995,7.78470150184659,30,4
193.096256684492,180.128342245989,11.5427569676355,42,4
192.5625,180.458333333333,12.3718030968158,23,4
191.204301075269,180.629032258065,14.8068611578346,36,4
190.570652173913,180.902173913043,14.9679192510101,30,4
189.58064516129,181.10752688172,14.8454148105948,32,4
188,181.508108108108,17.1049200211065,43,4
187.456989247312,181.559139784946,16.8902147548929,27,4
185.664835164835,182.071428571429,19.4033169452317,34,4
185.634408602151,182.134408602151,18.8909050342037,16,4
184.505376344086,182.424731182796,19.3660022348949,28,4
183.179894179894,182.878306878307,19.0584727623997,35,4
182.598958333333,183.072916666667,18.2927346279544,19,4
181.687830687831,183.243386243386,18.2865904364985,29,4
180.765306122449,183.627551020408,18.1195582236969,25,4
180.13567839196,183.914572864322,18.5531768795369,19,4
178.548223350254,184.401015228426,18.1704192354944,34,4
178.231958762887,184.587628865979,18.3741492874624,15,4
177.582010582011,184.740740740741,18.9202778219055,19,4
177.125,185.067708333333,19.8526977622529,21,4
176.338383838384,185.09595959596,19.727044530181,24,4
174.640883977901,185.806629834254,20.6121493930334,39,4
174.458333333333,185.927083333333,21.8876843752826,19,4
173.579487179487,186.287179487179,20.8908276797135,27,4
173.495,186.325,21.5745400559309,17,4
172.457894736842,186.8,19.88260367631,24,4
171.948979591837,186.938775510204,18.6465945829641,24,4
171.547263681592,187.208955223881,18.1293956592204,23,4
170.618090452261,187.592964824121,17.8000430752692,32,4
170.159793814433,187.824742268041,17.3736573062724,19,4
169.437185929648,187.949748743719,16.2518928365129,27,4
168.175531914894,188.393617021277,16.3209356066486,29,4
168.065989847716,188.639593908629,17.636256952698,17,4
167.083769633508,188.748691099476,17.9163913174007,28,4
166.789473684211,188.889473684211,17.0597090398421,17,4
165.909090909091,189.133689839572,19.1116818758632,21,4
165.24064171123,189.379679144385,19.6586206941925,24,4
164.698924731183,189.537634408602,20.3558834611307,17,4
163.887005649718,189.694915254237,22.3554926744332,23,4
163.511363636364,189.829545454545,22.0910882215231,15,4
162.961111111111,189.794444444444,22.9250071805984,24,4
162.44623655914,190.123655913978,23.5573607421561,26,4
161.896174863388,190.344262295082,22.7719344291862,19,4
161.074285714286,190.634285714286,24.0424715397636,20,4
160.702380952381,190.857142857143,24.0330887160202,17,4
160.317919075145,191.092485549133,24.2616562040103,25,4
159.676470588235,191.441176470588,24.3777754562,21,4
159.320987654321,191.611111111111,23.9370292979864,12,4
158.926380368098,191.852760736196,24.1326451387122,17,4
158.586419753086,191.907407407407,23.983434433582,15,4
158.024844720497,192.136645962733,23.908920401851,17,4
157.77245508982,192.245508982036,24.5563927702449,20,4
157.325153374233,192.656441717791,24.2132524716289,20,4
156.726708074534,192.782608695652,23.7503599282418,14,4
156.538461538462,192.929487179487,23.460656288816,9,4
155.766467065868,193.215568862275,24.426406986414,19,4
155.565217391304,193.341614906832,24.15425302085,12,4
155.025,193.4875,24.4972497777799,13,4
154.583333333333,193.602564102564,23.6915977705152,14,4
154.459119496855,193.685534591195,23.6964183012562,7,4
153.812903225806,194,24.5228363232599,20,4
153.193548387097,194.264516129032,24.7989895632918,16,4
152.677215189873,194.449367088608,24.4562226399578,11,4
152.522292993631,194.554140127389,24.3343959376064,9,4
152.124183006536,194.653594771242,24.3879202327087,6,4
151.605095541401,194.980891719745,24.5348140210217,16,4
151.496855345912,194.987421383648,24.7127440341726,14,4
150.974193548387,195.335483870968,24.8148344754195,14,4
150.525641025641,195.538461538462,24.3402183448087,13,4
150.118421052632,195.730263157895,24.372168041145,8,4
149.941558441558,195.75974025974,23.9744107045974,10,4
149.474025974026,195.987012987013,23.5184883716525,10,4
149.192052980132,196.218543046358,24.000795363128,9,4
148.58,196.453333333333,24.5016523635556,13,4
148.353333333333,196.566666666667,24.3575960312236,8,4
148.02,196.706666666667,24.3493506355896,8,4
147.848684210526,196.822368421053,24.523730717863,8,4
147.648648648649,196.864864864865,24.525252341187,10,4
147.568493150685,197.047945205479,25.2595823480614,8,4
147.523489932886,197.134228187919,26.0965409379045,11,4
147.153333333333,197.306666666667,26.9678847990994,7,4
147.114093959732,197.510067114094,27.3846915860332,11,4
147.060810810811,197.472972972973,27.0999534197839,3,4
146.965753424658,197.623287671233,27.2728011875635,6,4
147.110344827586,197.675862068966,27.7094109462106,5,4
146.986013986014,197.811188811189,27.8246699235658,4,4
147.174825174825,197.797202797203,27.9150413531325,6,4
147.081081081081,197.932432432432,28.9818282048249,7,4
147.156462585034,197.904761904762,28.9625472741274,7,4
147.246666666667,197.846666666667,28.4920720996422,3,4
146.708333333333,198.166666666667,29.6466311487495,10,4
146.699300699301,198.244755244755,29.7276189887084,7,4
146.539007092199,198.382978723404,30.3914790430568,6,4
146.471428571429,198.442857142857,30.7640700610622,9,4
146.581560283688,198.425531914894,30.8598628710617,5,4
146.671428571429,198.442857142857,30.7692539150118,5,4
146.492753623188,198.528985507246,31.1170113061252,2,4
146.510791366906,198.489208633094,31.0675789275304,3,4
146.384057971014,198.652173913043,30.5754439370911,7,4
146.521428571429,198.642857142857,31.1354084906705,10,4
146.464285714286,198.807142857143,31.4972841634505,14,4
146.482517482517,198.874125874126,31.5026182632303,5,4
146.453237410072,198.942446043165,32.1635245700653,6,4
146.514084507042,198.908450704225,31.6408453454719,5,4
146.468531468531,199.013986013986,32.4023896307276,5,4
145.964028776978,199.294964028777,32.6593919232151,6,4
146.425531914894,199.056737588652,32.5078338793634,8,4
146.239436619718,199.119718309859,32.6258851654923,5,4
146.323741007194,199.165467625899,32.9184171168404,3,4
146.312056737589,199.276595744681,33.6588520331173,4,4
146.338235294118,199.323529411765,33.5033788731703,5,4
146.36170212766,199.326241134752,32.7793184395233,5,4
146.246478873239,199.450704225352,33.9955460052609,7,4
146.312056737589,199.382978723404,33.0388154778875,7,4
146.357664233577,199.401459854015,33.2692296256199,4,4
146.035714285714,199.607142857143,33.7812418837611,9,4
146.197183098592,199.633802816901,34.3707353464677,12,4
146.213235294118,199.595588235294,34.5552440763222,10,4
146.241134751773,199.673758865248,34.4215193628809,9,4
146.118881118881,199.734265734266,34.3475258059916,8,4
146.090909090909,199.79020979021,34.4348712645837,8,4
145.8,199.928571428571,34.9422662379529,11,4
145.985714285714,199.95,35.5240416542247,10,4
145.993006993007,199.888111888112,34.7331980823601,7,4
145.964788732394,199.880281690141,34.9486104116016,5,4
146.06993006993,199.923076923077,35.0309235428426,7,4
145.919708029197,200.124087591241,35.8832366138926,10,4
145.951388888889,200.076388888889,35.2320831703197,9,4
146.170212765957,199.978723404255,35.4259312710302,7,4
146.079710144928,200.101449275362,36.1610716738036,11,4
145.846715328467,200.328467153285,36.0171859646588,7,4
146.313868613139,200.167883211679,36.4703450580058,10,4
146.066176470588,200.323529411765,36.3177174720424,3,4
146.043165467626,200.395683453237,36.8465593170008,11,4
145.768115942029,200.528985507246,37.0352270662821,5,4
145.678832116788,200.671532846715,36.8195165656577,9,4
146.048951048951,200.622377622378,37.699647049594,12,4
NaN,NaN,NaN,143,4
384.7875,247.6375,-67.1579425896735,NaN,5
384.842767295597,247.723270440252,-67.3967540363734,5,5
384.821656050955,247.726114649682,-67.3743960638791,6,5
384.792452830189,247.51572327044,-66.998953729147,8,5
384.788819875776,247.621118012422,-67.4024094729909,6,5
384.778481012658,247.550632911392,-66.5189185984218,9,5
384.69512195122,247.481707317073,-66.8997050764682,8,5
384.770700636943,247.611464968153,-67.6756629835365,9,5
384.78125,247.53125,-67.3035982251892,5,5
384.75641025641,247.705128205128,-67.6375415159779,8,5
384.720779220779,247.584415584416,-67.4807670565953,4,5
384.717948717949,247.730769230769,-68.0217013612149,4,5
384.786163522013,247.691823899371,-67.6123164905152,5,5
384.544303797468,247.455696202532,-67.2934730888873,9,5
384.645569620253,247.607594936709,-67.9461490806489,4,5
384.626582278481,247.607594936709,-67.8853629778811,6,5
384.573248407643,247.636942675159,-68.2268759541745,3,5
384.490445859873,247.484076433121,-67.2660792872716,8,5
384.647798742138,247.729559748428,-68.1083711064659,8,5
384.51875,247.4875,-67.1923564537501,5,5
384.4875,247.49375,-67.6231086123712,2,5
384.44099378882,247.633540372671,-67.7457410414663,5,5
384.475,247.7125,-67.7754410971955,1,5
384.39375,247.54375,-68.0871134207329,4,5
384.386075949367,247.506329113924,-67.9949520448132,4,5
384.278481012658,247.462025316456,-68.1792600184465,8,5
384.361963190184,247.699386503067,-68.3300361497722,9,5
384.172839506173,247.222222222222,-67.257271166061,7,5
384.382716049383,247.586419753086,-68.1657248571476,6,5
384.230303030303,247.472727272727,-67.6997320340601,5,5
384.212121212121,247.448484848485,-67.4697340203165,2,5
384.382165605096,247.87898089172,-67.9165535909189,10,5
384.365384615385,247.910256410256,-67.7019068337093,9,5
384.248407643312,247.808917197452,-66.8637727848688,9,5
383.95,247.55625,-66.5199338389086,11,5
383.943396226415,247.51572327044,-66.3622242072372,3,5
383.89375,247.56875,-66.4628622246401,5,5
383.8625,247.60625,-66.6211117650197,4,5
383.456790123457,247.345679012346,-66.1226696212692,16,5
383.602564102564,247.730769230769,-66.8921806254792,14,5
383.467948717949,247.467948717949,-65.3502885997753,10,5
383.375796178344,247.732484076433,-65.3469204578479,9,5
383.335365853659,247.810975609756,-65.3829584426603,7,5
382.969325153374,247.39263803681,-64.6201235829621,11,5
383.176829268293,247.829268292683,-65.3874517160703,9,5
383.025,247.64375,-65.2850520995885,8,5
382.79012345679,247.333333333333,-64.7245070337415,10,5
382.907407407407,247.777777777778,-65.6345494998386,12,5
382.688622754491,247.497005988024,-64.9563765105295,7,5
382.740740740741,247.851851851852,-64.444678232687,9,5
382.711656441718,247.871165644172,-64.6623571328985,5,5
382.368098159509,247.601226993865,-63.9327258274523,10,5
382.303797468354,247.626582278481,-63.9655229898058,11,5
382,247.458823529412,-63.6070122092557,12,5
382.046783625731,247.672514619883,-64.1494769683202,7,5
382.017857142857,247.625,-63.86252373952,7,5
381.922155688623,247.616766467066,-64.286232379001,9,5
381.798816568047,247.763313609467,-64.0150673212359,12,5
381.932926829268,248.207317073171,-64.7172774349684,11,5
381.806060606061,248.066666666667,-63.9527845832225,3,5
381.725609756098,248.182926829268,-64.3773459184256,9,5
381.558282208589,248.024539877301,-64.4807614022005,7,5
381.539393939394,248.012121212121,-64.3333971485326,4,5
381.220238095238,247.875,-63.9364777289907,15,5
381.14371257485,247.77245508982,-64.0343534680929,3,5
381.059171597633,247.775147928994,-64.3698242332923,6,5
381.040935672515,247.795321637427,-64.0545363796758,4,5
381.179012345679,248.055555555556,-64.768444322998,11,5
381,247.950617283951,-64.7379894624502,6,5
380.993827160494,248.141975308642,-64.8162602679628,6,5
380.950617283951,248.148148148148,-64.58640662895,4,5
380.89156626506,248.120481927711,-64.7429707859647,6,5
380.884848484848,248.151515151515,-64.5854032762765,3,5
380.757575757576,248.090909090909,-64.110867674204,6,5
380.616766467066,247.97005988024,-64.0588968688952,10,5
380.672839506173,248.141975308642,-64.7593243197865,9,5
380.621118012422,248.204968944099,-64.8314527424253,9,5
380.672955974843,248.314465408805,-65.7647941306177,6,5
380.349693251534,248.092024539877,-65.4208062363961,10,5
380.28313253012,248.05421686747,-64.5617247964947,13,5
380.230303030303,248.2,-64.8044744655152,9,5
380.169696969697,247.951515151515,-64.7050445363429,10,5
380.048780487805,247.963414634146,-65.0519980827599,9,5
380.102409638554,248.228915662651,-65.3345086076744,12,5
380.018072289157,248.259036144578,-65.3886688163613,12,5
379.944785276074,248.153374233129,-65.4041355843782,7,5
379.93125,248.225,-64.5962983009417,7,5
379.851851851852,248.197530864198,-64.6472104150797,4,5
379.759259259259,248.203703703704,-65.4349301579557,8,5
379.699386503068,248.319018404908,-65.6894971900175,5,5
379.704819277108,248.469879518072,-65.5112363783226,5,5
379.575757575758,248.357575757576,-65.3956561735389,7,5
379.515151515152,248.230303030303,-65.5360069573601,2,5
379.360946745562,248.201183431953,-65.8654472134614,6,5
379.274390243902,248.207317073171,-66.036861757874,7,5
379.371951219512,248.182926829268,-66.0854500468884,8,5
379.158536585366,247.975609756098,-65.5618483551687,8,5
379.110429447853,248.098159509202,-66.0814770906928,5,5
379.017857142857,247.863095238095,-65.4003945732302,7,5
378.757396449704,247.668639053254,-65.1479229154303,19,5
378.880239520958,247.880239520958,-66.0851478194649,16,5
379.42,249.62,-63.4651338547618,63,5
379.307189542484,250.124183006536,-49.7669616679138,41,5
380.5,251.623529411765,-28.4769415790203,79,5
384.59748427673,253.830188679245,-41.724104263679,115,5
386.441379310345,254.820689655172,-49.0734750857514,58,5
390.153333333333,258.893333333333,-57.6028223187063,99,5
391.322147651007,260.288590604027,-51.9120155874098,37,5
394.329113924051,263.373417721519,-36.9399788770602,89,5
397.264367816092,265.212643678161,-37.6659382057646,88,5
398.53591160221,266.160220994475,-37.1479925314831,43,5
402.592391304348,268.83152173913,-38.0783150302269,93,5
404.463157894737,270.005263157895,-40.4507381794034,52,5
407.034653465347,271.668316831683,-35.5190076813796,88,5
411.032608695652,274.010869565217,-23.9940338627615,110,5
412.467391304348,274.739130434783,-26.726857521728,44,5
415.691428571429,276.474285714286,-33.1025892709946,83,5
417.327777777778,277.055555555556,-39.308101584867,43,5
419.938547486034,278.497206703911,-35.7981677861808,65,5
422.242937853107,280.197740112994,-21.9386716849651,76,5
423.530054644809,280.918032786885,-17.7018399962498,40,5
425.422222222222,282.122222222222,-19.9374244665197,63,5
426.313829787234,282.462765957447,-23.2149257340562,36,5
428.989583333333,283.666666666667,-29.757349063766,72,5
432.710843373494,286.060240963855,-33.8729556720733,94,5
434.175,286.96875,-30.0865896730135,38,5
436.239263803681,288.116564417178,-19.0329379848891,49,5
437.290697674419,288.773255813953,-16.0702294259782,39,5
439.118918918919,289.832432432432,-14.0858420115091,59,5
441.701086956522,290.467391304348,-19.9324090256022,69,5
442.582857142857,290.88,-19.6866061929643,27,5
446.566265060241,292.909638554217,-25.100239259864,81,5
447.622754491018,293.191616766467,-23.7678420257185,25,5
450.059523809524,294.416666666667,-18.0910422474594,61,5
451.899441340782,295.189944134078,-16.0106852344068,47,5
453.815476190476,295.75,-13.3214254832874,39,5
456.14450867052,296.514450867052,-20.6443711764131,59,5
457.40350877193,297.046783625731,-26.0789707309732,34,5
460.85798816568,298.479289940828,-31.2800988052581,72,5
463.682634730539,299.946107784431,-26.4333114781895,64,5
464.879310344828,300.48275862069,-22.2561669725143,27,5
467.643274853801,301.801169590643,-16.5788850175771,63,5
468.831460674157,302.286516853933,-15.6822015595709,33,5
472.183431952663,303.343195266272,-20.4675097701642,77,5
475.046783625731,304.204678362573,-29.5312357716246,62,5
476.309941520468,304.847953216374,-31.608259633551,34,5
479.60625,306.65625,-31.4025545857477,73,5
481.246835443038,307.417721518987,-28.7768255774443,38,5
483.299401197605,308.580838323353,-21.7487707631294,55,5
485.840236686391,309.792899408284,-18.8237364389339,56,5
487.676646706587,310.443113772455,-19.9614527882325,42,5
489.75,310.831395348837,-22.6083509310474,45,5
491.297297297297,311.497297297297,-27.9790724165163,39,5
494.077348066298,312.806629834254,-29.497517035559,68,5
497.203821656051,314.184713375796,-26.9338244689927,68,5
498.49696969697,314.945454545455,-25.7510413692527,36,5
500.323529411765,315.658823529412,-21.441084285208,39,5
501.796610169492,316.412429378531,-19.5691042687754,33,5
504.654761904762,317.517857142857,-20.3898939009978,61,5
506.976878612717,318.104046242775,-25.0212166976026,55,5
508.152941176471,318.4,-27.1806982374277,27,5
510.375,319.369318181818,-31.342171562444,58,5
511.730538922156,320.059880239521,-32.6433328096819,33,5
513.831325301205,320.861445783133,-28.0705623456576,47,5
515.710227272727,321.784090909091,-23.0285562553095,44,5
517.021739130435,322.304347826087,-21.0772759250374,30,5
518.917582417582,322.901098901099,-19.0369046249737,48,5
520.011049723757,323.370165745856,-17.0454635365481,31,5
523.027624309392,323.977900552486,-21.7149458708771,70,5
525.152173913043,324.565217391304,-26.4077176688808,51,5
526.505494505495,325.131868131868,-30.6368712815839,30,5
528.627777777778,326.077777777778,-28.3716133172536,54,5
529.925714285714,326.582857142857,-29.9621937378795,25,5
531.883333333333,327.405555555556,-26.2060218301384,49,5
533.467032967033,327.956043956044,-22.3445718306954,40,5
534.670212765957,328.452127659574,-21.7778796847605,32,5
536.270718232044,328.767955801105,-20.8792413912659,43,5
537.862068965517,329.16091954023,-23.0473996311882,39,5
539.72625698324,329.91061452514,-26.2028702233214,43,5
542.127167630058,330.820809248555,-28.4144732065235,54,5
543.154761904762,331.083333333333,-27.1858260734637,29,5
545.064705882353,332.052941176471,-28.567627962084,52,5
546.148571428571,332.348571428571,-28.959496564845,25,5
548.205714285714,333.44,-26.5217723628056,46,5
549.768361581921,334.129943502825,-23.5666629774667,34,5
550.450549450549,334.428571428571,-24.5507210701433,27,5
552.247126436782,335.114942528736,-20.7800416273691,40,5
553.107344632768,335.485875706215,-20.9730997178729,21,5
554.764367816092,336,-21.9932879788246,33,5
556.465517241379,336.494252873563,-24.0539594377353,36,5
557.615853658537,336.951219512195,-23.7383387335662,26,5
559.425287356322,337.655172413793,-29.787641721525,46,5
560.165714285714,337.828571428571,-30.653384166242,21,5
561.4375,338.238636363636,-29.4096250501196,35,5
563,338.970588235294,-26.593117819193,36,5
563.959064327485,339.292397660819,-25.0564286016718,21,5
565.220338983051,339.813559322034,-25.0027038797016,34,5
566.082352941177,340.217647058824,-23.1118384984923,27,5
567.072625698324,340.575418994413,-23.2003038876444,27,5
568.68,341.16,-22.0539237146083,38,5
569.762195121951,341.512195121951,-19.7428630779997,25,5
571.346820809249,342.052023121387,-24.7628818275012,45,5
572.006024096386,342.246987951807,-23.7799706995356,25,5
573.458823529412,342.676470588235,-27.1037616168412,32,5
574.479768786127,343.011560693642,-26.9271030244083,27,5
575.094972067039,343.541899441341,-27.860965392038,20,5
576.376404494382,343.848314606742,-29.765516506892,33,5
576.95,343.894444444444,-31.2202910566759,20,5
578.459016393443,344.704918032787,-30.7794254098394,35,5
579.976608187135,345.397660818713,-29.8525426921564,38,5
580.627906976744,345.697674418605,-29.2087527364752,17,5
581.497206703911,346.106145251397,-29.1737804787419,21,5
582.073863636364,346.329545454545,-27.3701447780418,15,5
583.116666666667,346.8,-26.8694404017976,24,5
584.422857142857,347.451428571429,-25.7464737539094,29,5
585.189944134078,347.837988826816,-27.2291193905927,20,5
585.944751381215,348.016574585635,-27.8847607700924,20,5
586.791208791209,348.445054945055,-29.2421517884369,23,5
587.674033149171,348.662983425414,-29.7999708646192,25,5
588.805405405405,349.281081081081,-31.202919050993,32,5
589.24064171123,349.358288770053,-33.0103761320888,22,5
590.424581005587,349.966480446927,-33.6373766398941,32,5
591.305084745763,350.480225988701,-34.7138929013969,26,5
592.269662921348,350.876404494382,-36.9659010902009,27,5
592.89247311828,351.193548387097,-36.4608874491577,22,5
593.222826086957,351.429347826087,-35.8960732896104,16,5
594.295081967213,352.010928961749,-35.3590705229467,29,5
594.494565217391,352.233695652174,-35.8219146555842,19,5
595.853107344633,353.028248587571,-37.3669632607299,31,5
596.657458563536,353.441988950276,-37.0252573020228,28,5
597,353.5,-36.6900354084456,17,5
597.793296089385,354.04469273743,-35.6013140409223,29,5
598.128491620112,354.195530726257,-36.9200864933333,12,5
598.921787709497,354.743016759777,-36.5939344971366,24,5
599.664804469274,355.022346368715,-37.9826762110081,24,5
599.915730337079,355.179775280899,-37.9260402016326,15,5
600.596685082873,355.558011049724,-37.9965844575104,19,5
601.08938547486,355.832402234637,-39.5094738590921,14,5
601.363636363636,356.283422459893,-40.5742952586733,16,5
602.047368421053,356.531578947368,-40.5977695762574,21,5
602.72192513369,356.930481283422,-41.4073047516581,21,5
603.624277456647,357.774566473988,-42.4048626203025,30,5
604.052941176471,357.976470588235,-43.0285800064119,17,5
604.554913294798,358.265895953757,-42.9657255642547,19,5
605.308571428571,358.805714285714,-43.8494088407588,22,5
605.624277456647,359.109826589595,-43.1534995877652,10,5
606.241379310345,359.327586206897,-43.6078690481359,21,5
606.459302325581,359.46511627907,-43.4144191031975,10,5
606.883720930233,359.668604651163,-44.1241054783876,22,5
607.555555555556,360.146198830409,-43.7042120410627,19,5
607.657142857143,360.291428571429,-44.5783103772556,16,5
608.111764705882,360.652941176471,-44.848585793144,17,5
608.410112359551,360.685393258427,-44.4004508616007,14,5
608.752873563218,360.948275862069,-44.4130929946799,16,5
609.276836158192,361.248587570621,-45.2131724753459,19,5
609.497175141243,361.463276836158,-44.3145693304858,12,5
609.960227272727,361.727272727273,-45.0480318252739,17,5
610.149700598802,361.946107784431,-44.2052385002069,15,5
610.736842105263,362.345029239766,-45.1902684894799,20,5
610.961325966851,362.375690607735,-46.2627446752535,16,5
611.363636363636,362.676136363636,-45.4446896824562,15,5
611.751445086705,362.976878612717,-44.858875419524,15,5
611.594285714286,362.748571428571,-45.21066477929,10,5
612.285714285714,363.182857142857,-45.7335419712489,22,5
612.731843575419,363.40782122905,-46.1486804321852,18,5
612.817142857143,363.542857142857,-46.1407071170048,14,5
612.898305084746,363.723163841808,-45.7285325955631,16,5
612.96449704142,363.781065088757,-45.8841210889063,16,5
613.477011494253,364.287356321839,-46.5543315020637,23,5
613.794285714286,364.24,-47.1942368671339,21,5
613.848314606742,364.415730337079,-46.8059604469829,17,5
614.005780346821,364.508670520231,-47.3668643067877,19,5
614.01724137931,364.666666666667,-46.0478713316111,13,5
614.558823529412,364.852941176471,-47.4682448304721,24,5
614.772727272727,365.034090909091,-47.934982122799,20,5
614.822857142857,365.171428571429,-47.9021060966889,13,5
615.220338983051,365.581920903955,-48.3803480472752,20,5
615.409090909091,365.943181818182,-47.9030067077882,19,5
615.801169590643,366.181286549708,-48.2674505850727,15,5
616.309090909091,366.563636363636,-47.7559011494597,18,5
616.098265895954,366.14450867052,-48.921883235507,10,5
616.32,366.314285714286,-49.0845914859119,14,5
616.560240963855,366.632530120482,-48.6772456434678,19,5
616.862857142857,366.662857142857,-48.5066688392424,21,5
616.976470588235,366.8,-49.458886922509,13,5
617.263473053892,367.149700598802,-48.8981349542206,15,5
617.483146067416,367.292134831461,-49.4313374271211,21,5
617.468208092485,367.323699421965,-49.804982873109,15,5
617.886363636364,367.710227272727,-49.61359371091,19,5
618.086206896552,367.83908045977,-48.8932130057021,14,5
618.272189349112,368.005917159763,-49.9082237255983,13,5
618.367469879518,368.060240963855,-50.1818530321728,17,5
618.65243902439,368.365853658537,-49.4431148547889,14,5
618.548571428571,368.068571428571,-49.7312947480431,25,5
619.036363636364,368.448484848485,-49.9659133998572,16,5
618.988235294118,368.235294117647,-50.8991562204913,9,5
619.064705882353,368.423529411765,-50.614604027686,14,5
619.123529411765,368.452941176471,-51.1660764135174,8,5
619.300578034682,368.583815028902,-50.7017397645163,17,5
619.754385964912,369.005847953216,-50.7669019638049,14,5
619.584795321637,368.923976608187,-50.9400042140878,6,5
619.674157303371,368.544943820225,-51.6480975426907,23,5
620.051724137931,368.948275862069,-51.9593142077687,20,5
620.073033707865,368.921348314607,-50.8517598776519,14,5
620.206703910615,369.050279329609,-51.8273844781982,11,5
620.268571428571,369.291428571429,-52.9293121098904,10,5
620.409090909091,369.323863636364,-52.581627177456,17,5
620.265895953757,369.28901734104,-52.5019134047971,13,5
620.739884393064,369.595375722543,-52.5633624541412,20,5
620.966666666667,369.783333333333,-52.5430061295834,11,5
620.972222222222,369.744444444444,-52.8236075398218,6,5
621.251366120219,369.803278688525,-52.8510002122919,15,5
621.145251396648,369.776536312849,-53.502487167073,12,5
621.203488372093,369.901162790698,-53.515106978919,15,5
621.225988700565,369.785310734463,-54.1392812518414,13,5
621.3125,369.8125,-54.2821680156586,9,5
621.287356321839,369.879310344828,-54.6290566329819,10,5
621.513966480447,370.055865921788,-53.8609243677189,15,5
621.578034682081,370.052023121387,-54.3427022396671,14,5
621.502857142857,369.994285714286,-55.5559020112582,12,5
621.574712643678,370.172413793103,-55.498216694026,7,5
621.880681818182,370.329545454545,-54.6937125557709,12,5
621.971428571429,370.491428571429,-55.5645905721284,9,5
621.871508379888,370.262569832402,-56.1956087222704,6,5
622.083798882682,370.558659217877,-56.4104789037977,12,5
622.147727272727,370.585227272727,-56.8817126115985,7,5
622.243093922652,370.569060773481,-56.3186184474875,9,5
622.305084745763,370.790960451977,-56.899201992191,10,5
622.306818181818,370.829545454545,-57.0288814108317,9,5
622.195530726257,370.519553072626,-57.7496655528891,13,5
622.488505747126,370.977011494253,-57.7031954180133,13,5
622.576923076923,370.884615384615,-58.4833294733203,18,5
622.598901098901,370.928571428571,-58.2908497531957,8,5
622.724719101124,371.151685393258,-58.1071720569001,10,5
622.833333333333,371.216666666667,-58.8763470554952,8,5
622.872222222222,371.266666666667,-59.329009706299,4,5
622.840659340659,371,-59.2405446398574,8,5
622.816666666667,371.016666666667,-59.5471242028127,4,5
622.838888888889,370.972222222222,-59.7943323429389,10,5
622.909604519774,371.209039548023,-60.555233443525,15,5
622.937853107345,371.180790960452,-60.2523918442532,10,5
623.185393258427,371.376404494382,-61.0769113507129,11,5
622.967741935484,371.236559139785,-60.8266032939998,14,5
623.021978021978,371.28021978022,-61.4972877857883,10,5
623.194444444444,371.361111111111,-61.574590221804,14,5
623.275280898876,371.550561797753,-61.5538788159585,10,5
623.203389830509,371.502824858757,-61.7017518056051,11,5
623.170454545455,371.585227272727,-62.292630807117,9,5
623.4,371.611111111111,-62.3410650159203,12,5
623.497237569061,371.674033149171,-62.6371253768632,11,5
623.571428571429,371.736263736264,-63.283211836999,9,5
623.540983606557,371.672131147541,-63.6130585261182,5,5
623.584699453552,371.825136612022,-63.5612390690857,6,5
623.486338797814,371.677595628415,-63.8486850386652,10,5
623.632432432432,371.789189189189,-64.2280647454642,12,5
623.650537634409,371.806451612903,-64.4420827997863,5,5
623.696808510638,371.914893617021,-64.0053366978269,10,5
623.862637362637,372.032967032967,-64.0978866986732,10,5
623.698412698413,371.798941798942,-64.3222937983752,13,5
623.838709677419,372.10752688172,-65.0295683653759,11,5
623.840425531915,372.021276595745,-65.0658617906742,6,5
623.859459459459,371.891891891892,-65.7374830730954,11,5
623.91935483871,371.962365591398,-65.6630536515886,7,5
623.868852459016,372.147540983607,-66.1044745962183,11,5
623.833333333333,371.790322580645,-66.2833861593702,9,5
624,372.065217391304,-66.0830722808553,6,5
624.049723756906,372.232044198895,-66.7869631362014,15,5
624.050847457627,372.293785310734,-67.4656433796043,14,5
624.125,372.397727272727,-67.1517327409693,5,5
624.04347826087,372.282608695652,-67.8723835726273,10,5
624.027322404372,372.382513661202,-68.2859221124141,9,5
624.118279569892,372.521505376344,-68.054008243614,11,5
624.099447513812,372.502762430939,-68.426445959313,7,5
624.015957446809,372.329787234043,-68.6255293443092,7,5
624.108695652174,372.445652173913,-68.4730376626436,6,5
624.065573770492,372.355191256831,-68.3164383317667,5,5
624.221621621622,372.416216216216,-69.104490571974,14,5
624.02688172043,372.134408602151,-69.2697523517195,15,5
624.21978021978,372.807692307692,-70.0007068250677,18,5
624.261780104712,372.712041884817,-69.7114937383845,15,5
624.310160427807,372.770053475936,-69.4587832892393,6,5
624.287958115183,372.638743455497,-70.9607385482959,14,5
624.345744680851,372.739361702128,-71.3908144020778,11,5
624.367567567568,372.756756756757,-71.4332076573962,9,5
624.538043478261,373.010869565217,-71.0789915294221,9,5
624.445652173913,372.836956521739,-71.3831432788345,6,5
624.515789473684,372.926315789474,-71.7888491398866,10,5
624.628415300546,373.049180327869,-71.0310448838179,7,5
624.567567567568,373.037837837838,-71.9863252704336,6,5
624.681318681319,373.230769230769,-71.7673187460953,9,5
624.604278074866,373.07486631016,-72.7376446335684,7,5
624.657608695652,373.288043478261,-72.557179894011,7,5
624.635869565217,373.108695652174,-73.1413075972675,6,5
624.703296703297,373.230769230769,-72.5316567139438,6,5
624.68253968254,372.94708994709,-73.4783130070435,7,5
624.715846994535,373.043715846995,-73.4601063855624,6,5
624.712765957447,372.898936170213,-73.922398309137,5,5
624.722826086957,373.217391304348,-73.5281228314528,6,5
624.705263157895,373.063157894737,-73.9878320985927,10,5
624.720430107527,373.182795698925,-73.8473151478987,8,5
624.671957671958,373.216931216931,-74.3071730393457,7,5
624.698412698413,373.206349206349,-74.4570193388866,8,5
624.664893617021,373.175531914894,-74.6605684262913,7,5
624.739130434783,373.021739130435,-74.6688369609687,12,5
624.727272727273,373.090909090909,-75.217548591065,13,5
624.777173913043,373.478260869565,-74.506101185242,13,5
624.849462365591,373.397849462366,-74.5849139174638,22,5
624.737704918033,373.169398907104,-74.8695391048614,15,5
624.956043956044,373.456043956044,-71.5461725738896,35,5
625.116022099447,373.78453038674,-64.7456396429193,31,5
625.35593220339,374.016949152542,-59.9254644552224,14,5
625.354651162791,374.110465116279,-48.1568696630946,31,5
625.535294117647,374.617647058824,-46.2078540791388,16,5
626.18023255814,375.348837209302,-41.1907914352642,36,5
626.981927710843,376.21686746988,-40.1671161243917,38,5
627.491124260355,376.763313609467,-40.6278576351131,25,5
628.452941176471,377.523529411765,-43.2649305724204,33,5
628.736842105263,377.672514619883,-44.4708649632828,17,5
629.5,378.656626506024,-46.6473286909882,33,5
630.457317073171,379.530487804878,-48.8436054422186,30,5
631,380.139393939394,-50.3786627570341,21,5
632.012903225806,381.012903225806,-52.8648637096031,32,5
632.387096774194,381.522580645161,-52.8739095918297,18,5
633.122448979592,382.312925170068,-51.4606236104169,22,5
633.615894039735,382.920529801325,-51.8721245105619,18,5
633.926666666667,383.26,-51.1715455124847,11,5
634.450617283951,384.111111111111,-51.9571295051462,20,5
634.59477124183,384.222222222222,-51.5510627801962,15,5
634.962264150943,384.943396226415,-52.3607264125968,18,5
635.557692307692,385.794871794872,-52.9416333805866,21,5
636.038961038961,386.428571428571,-52.8478541728855,24,5
636.503355704698,387.053691275168,-55.0722705849809,19,5
636.545454545455,387.272727272727,-55.792132923655,13,5
637.068027210884,387.986394557823,-58.045356499983,25,5
637.493421052632,388.618421052632,-59.620174851961,19,5
637.744827586207,389.068965517241,-61.4690652159531,15,5
638.151724137931,389.606896551724,-61.9073375464585,20,5
638.230769230769,389.923076923077,-62.9658729052066,12,5
638.556338028169,390.739436619718,-66.7544505908256,17,5
638.783216783217,391.097902097902,-68.0184906316768,17,5
638.985294117647,391.661764705882,-69.1255566236169,11,5
639.268965517241,392.275862068966,-71.612294607427,23,5
639.536764705882,393.095588235294,-72.0892582797715,13,5
639.678832116788,393.233576642336,-73.7958483669248,13,5
639.928571428571,394.114285714286,-75.4747161454878,13,5
639.906474820144,394.093525179856,-75.9959908062296,3,5
639.934782608696,394.311594202899,-77.2585102311932,9,5
640.087591240876,394.649635036496,-77.7140005152898,7,5
640.071942446043,394.489208633094,-77.9322523738112,4,5
640.083333333333,394.201388888889,-78.3051462947194,5,5
640.083333333333,394.340277777778,-78.7320107665082,4,5
640.085106382979,394.269503546099,-79.2782126330322,7,5
640.163120567376,394.290780141844,-79.6819470033157,4,5
640.202898550725,394.282608695652,-79.9069234217382,5,5
640.207142857143,394.264285714286,-80.7150328104603,6,5
640.007092198582,393.794326241135,-80.9358595885879,9,5
640.136690647482,394.014388489209,-81.192427041057,8,5
640.13768115942,394.014492753623,-81.4499784360722,3,5
640.1,394.064285714286,-81.7345625553949,4,5
640.06338028169,393.908450704225,-83.0689754526256,10,5
640.014184397163,393.751773049645,-83.1664328377882,3,5
640.05,393.742857142857,-83.442485636116,3,5
640.093525179856,394.043165467626,-83.7422883041471,3,5
640.092857142857,394.092857142857,-83.880921609278,3,5
640.130434782609,394.36231884058,-84.4361429859995,4,5
640.169117647059,394.617647058824,-85.2493726108077,4,5
640.176470588235,394.735294117647,-86.0054826570591,6,5
640.048611111111,394.090277777778,-85.2031553486956,8,5
640.171641791045,395.044776119403,-88.0213451610926,14,5
640.175182481752,394.773722627737,-88.3268141793892,9,5
