393.040650406504,241.520325203252,-40.1013187727775,NaN,1
392.877049180328,241.459016393443,-40.3557059715418,3,1
393.049180327869,241.614754098361,-40.1338885631062,4,1
392.910569105691,241.50406504065,-40.4364987932424,5,1
392.862903225806,241.532258064516,-39.287710977134,5,1
392.895161290323,241.411290322581,-40.4128002448515,4,1
393.031496062992,241.503937007874,-39.7262717364741,7,1
393.188976377953,241.692913385827,-39.8263143431819,8,1
393.088,241.584,-38.5220663058087,8,1
392.865079365079,241.31746031746,-39.3287185897374,7,1
393.142857142857,241.5,-38.3577124670005,12,1
392.926829268293,241.211382113821,-39.6286577452453,11,1
393.152,241.416,-38.7165561945384,6,1
393.314960629921,241.527559055118,-39.2648040668979,4,1
393.274809160305,241.572519083969,-38.7084009148079,4,1
393.15671641791,241.507462686567,-38.0149587932739,7,1
393.086614173228,241.307086614173,-39.0787695816353,9,1
393.220472440945,241.283464566929,-40.2656677286889,10,1
393.125,241.21875,-39.7500760058555,5,1
393.267716535433,241.299212598425,-39.683129064199,11,1
393.53488372093,241.426356589147,-39.8982185058459,8,1
393.372093023256,241.279069767442,-40.7203723232165,4,1
393.30534351145,241.396946564885,-40.2524601856097,10,1
393.095238095238,241.309523809524,-39.0070099701737,11,1
393.279069767442,241.302325581395,-38.76996408197,7,1
393.338461538462,241.384615384615,-39.3199793744333,7,1
393.228346456693,241.141732283465,-39.903289126875,7,1
393.40157480315,241.322834645669,-39.2670290598838,6,1
393.253731343284,240.962686567164,-42.4045282318133,9,1
393.2265625,241.15625,-40.7239512317858,6,1
393.356060606061,241.227272727273,-39.9350284669313,8,1
393.286821705426,241.139534883721,-40.0083321929649,7,1
393.372093023256,241.317829457364,-40.0229949479868,8,1
393.133858267717,241.055118110236,-40.1599994538772,8,1
393.162790697674,241.015503875969,-40.3224315234691,8,1
393.208955223881,240.902985074627,-42.3743631723733,9,1
393.325581395349,241.077519379845,-40.9173595585507,11,1
393.370078740157,241.03937007874,-40.329743750097,8,1
393.448,241.192,-39.0612480646413,6,1
393.301587301587,241.015873015873,-40.0347116928582,9,1
393.40157480315,241.007874015748,-40.4496362619057,9,1
393.464566929134,241.141732283465,-40.1204918948934,8,1
393.113821138211,240.821138211382,-39.6128316131049,8,1
393.176,241.024,-39.097157484321,8,1
393.09375,240.625,-39.6538846969263,11,1
395.677215189873,242.721518987342,-41.1079207880236,50,1
393.616541353383,241.270676691729,-48.3613039192934,59,1
393.538461538462,241.293706293706,-66.0666020781982,60,1
393.626666666667,240.833333333333,-65.3919121660552,43,1
394.419213973799,242.366812227074,-58.0062248332655,145,1
389.53216374269,234.929824561404,-50.9181200356559,154,1
388.176870748299,232.931972789116,-45.0787526853267,62,1
385.110294117647,229.801470588235,-45.8423530508012,93,1
383.776315789474,228.256578947368,-53.8712150628688,46,1
380.592356687898,225.286624203822,-55.7447925505843,87,1
377.544303797468,222.101265822785,-39.4854462287139,95,1
376.29012345679,221.296296296296,-27.5268764899175,48,1
373.735849056604,220.572327044025,-19.992466259642,69,1
372.970588235294,220.394117647059,-21.5257217404036,37,1
369.75,219.26875,-26.457575436841,62,1
366.873333333333,217.92,-35.5979736815394,62,1
365.736842105263,217.348684210526,-33.6888382344283,30,1
363.408163265306,216.122448979592,-25.1082114939829,51,1
362.64238410596,215.609271523179,-23.3477671319292,26,1
360.925,215.10625,-13.8413165555979,41,1
358.878048780488,214.469512195122,-11.1197949540543,48,1
357.613924050633,214.177215189873,-12.6554267902035,32,1
355.684210526316,214.046052631579,-14.2516784806452,46,1
354.267515923567,213.56050955414,-25.4077218802721,37,1
351.860927152318,212.622516556291,-32.1184900316281,56,1
349.744827586207,211.793103448276,-25.8367892639874,50,1
348.924657534247,211.547945205479,-21.5617934249233,23,1
346.809523809524,210.87074829932,-11.9194559612784,45,1
346.05298013245,210.754966887417,-10.1573459730334,24,1
343.43537414966,210.244897959184,-2.42517594864945,56,1
341.337837837838,209.912162162162,-4.36230588745785,49,1
340.165517241379,209.806896551724,-6.97135949052113,27,1
338.190476190476,209.557823129252,-13.1040274398918,44,1
336.834482758621,209.379310344828,-17.6092108327565,32,1
334.71724137931,208.951724137931,-15.7535306626263,50,1
332.849673202614,208.575163398693,-9.87623898581418,46,1
331.655405405405,208.412162162162,-6.26551217119403,33,1
329.692307692308,208.230769230769,-0.184745409742116,46,1
328.54,208.08,4.46696717672796,34,1
325.697183098592,208.366197183099,5.05837444144489,62,1
323.417808219178,208.465753424658,-1.22288058805696,46,1
321.671328671329,208.41958041958,-9.66732297707994,33,1
319.903448275862,208.296551724138,-9.90609864245037,46,1
318.846666666667,208.353333333333,-14.0501096252551,35,1
316.673469387755,208.08843537415,-9.65083270355679,49,1
314.699346405229,207.83660130719,-4.83978201591849,46,1
313.55033557047,207.973154362416,0.977104692253731,30,1
311.205128205128,208.025641025641,5.61165749308378,49,1
310.032258064516,207.974193548387,7.62285190459367,29,1
307.335616438356,208.404109589041,8.05937949098428,55,1
305.245033112583,208.860927152318,-1.10667783358673,49,1
304.164556962025,208.905063291139,-3.09149877754719,29,1
302.079268292683,208.890243902439,-8.69914863659809,54,1
300.840490797546,208.748466257669,-10.3137300379042,35,1
298.671140939597,208.657718120805,-6.49267282881523,54,1
296.738853503185,208.528662420382,-3.44961408177016,40,1
295.525316455696,208.443037974684,-0.287404069060522,29,1
293.139072847682,208.701986754967,3.92921023920706,57,1
292.314102564103,208.801282051282,5.06713641276893,21,1
289.842465753425,208.993150684931,5.7467608099676,52,1
287.744966442953,209.228187919463,-2.95056504775608,43,1
286.622516556291,209.317880794702,-5.79192093366378,24,1
284.986577181208,208.89932885906,-6.07101744605038,40,1
283.711409395973,208.859060402685,-7.79574492513095,30,1
281.974193548387,208.709677419355,-6.68255222322392,36,1
280.271604938272,208.833333333333,-2.52122908607272,45,1
279.2,208.7125,0.82784048308683,30,1
276.636942675159,208.936305732484,9.61132920950495,55,1
275.519230769231,208.897435897436,12.0053835864437,35,1
273.077419354839,209.412903225806,12.4121325492839,51,1
270.814102564103,209.910256410256,7.40501429625751,51,1
269.975,210.175,5.1009545530457,22,1
267.893081761006,210.314465408805,-0.235900151448552,49,1
266.690322580645,210.283870967742,-2.73327361726852,32,1
264.565217391304,210.316770186335,-2.35218906306213,48,1
262.536585365854,210.396341463415,0.771995073738024,39,1
261.493670886076,210.436708860759,4.07640961115805,32,1
258.496688741722,210.82119205298,10.6925472542853,61,1
257.5,211.113333333333,11.2266478358581,31,1
255.284810126582,211.664556962025,11.962321724144,48,1
253.5,211.925287356322,4.42735725135107,42,1
252.591954022989,212.028735632184,1.57440862309646,26,1
250.279761904762,211.892857142857,-4.93732721293813,54,1
249.494117647059,211.776470588235,-5.24509683479108,30,1
247.556886227545,211.718562874251,-4.00693039609929,45,1
245.075471698113,211.685534591195,-1.7445586882612,46,1
244.095808383234,211.922155688623,1.19643511558722,28,1
241.730769230769,212,7.77789999337435,53,1
240.91875,212.01875,7.60718460349765,22,1
238.401234567901,212.179012345679,8.45031600261638,50,1
236.69512195122,212.286585365854,5.74412398193842,40,1
235.482352941176,212.488235294118,2.02172785544619,34,1
233.664596273292,212.409937888199,-2.31166108975365,43,1
232.871951219512,212.44512195122,-3.95358135147922,25,1
230.539877300613,212.472392638037,-5.35532925891937,51,1
228.64880952381,212.244047619048,-2.95609099884091,41,1
227.676829268293,212.274390243902,0.211228320343555,32,1
225.958579881657,212.532544378698,4.06756076234423,41,1
224.89156626506,212.60843373494,6.39648501667782,33,1
222.660714285714,212.821428571429,10.7820308492822,48,1
220.461988304094,213.011695906433,9.91206671005907,47,1
219.506024096386,213.367469879518,9.73701248114136,29,1
217.511764705882,213.623529411765,6.23400609796116,48,1
216.83908045977,213.689655172414,5.3780216303961,24,1
215.017142857143,213.88,3.06853331836085,45,1
213.011695906433,214.040935672515,3.05708164659712,42,1
211.883040935673,214.046783625731,3.69135382648822,26,1
210.063583815029,214.369942196532,11.1627691364878,46,1
209.294797687861,214.739884393064,11.266510681118,42,1
207.329411764706,215.029411764706,15.5011614469813,49,1
204.931034482759,215.373563218391,18.9549890867765,50,1
204.269005847953,215.678362573099,16.5574772971289,25,1
202.655555555556,216.122222222222,15.7197728866795,37,1
201.840659340659,216.5,15.8259624507715,32,1
200.123595505618,216.932584269663,12.8220522511433,48,1
198.482954545455,217.193181818182,8.54954355313558,46,1
197.47311827957,217.349462365591,8.42473615834679,28,1
195.377777777778,217.694444444444,7.63929485464099,48,1
194.375,217.994318181818,11.0178449401297,32,1
192.83152173913,218.358695652174,14.9129431612007,38,1
191.624338624339,218.47619047619,15.8735653974681,45,1
190.704918032787,218.655737704918,19.9414668174871,24,1
189.085106382979,219.308510638298,22.2922460123781,41,1
188.358695652174,219.516304347826,20.9296099341952,30,1
186.89010989011,220.054945054945,21.654152777393,34,1
185.741935483871,220.231182795699,19.7827127006502,32,1
185.210256410256,220.323076923077,19.1100493570416,15,1
184.005025125628,220.698492462312,16.6001079944016,30,1
183.587628865979,220.932989690722,16.9698006331025,23,1
182.197916666667,221.369791666667,13.9501856351273,36,1
181.048387096774,221.60752688172,13.824103653508,28,1
180.409836065574,221.792349726776,13.3208823569738,23,1
178.972222222222,222.183333333333,13.1611113607697,39,1
178.378531073446,222.350282485876,15.0305483572072,25,1
177.539325842697,222.584269662921,12.7943313106681,33,1
176.375,222.710227272727,14.0582209266579,28,1
175.955056179775,223.016853932584,15.9570277955921,22,1
174.741176470588,223.382352941176,15.7655948739016,30,1
174.44578313253,223.433734939759,16.0657338589527,14,1
173.401234567901,223.728395061728,16.5291996756607,24,1
172.455696202532,224.107594936709,16.7216195029173,28,1
172.037267080745,224.062111801242,17.4255301781532,25,1
170.46357615894,224.437086092715,17.9931580888516,30,1
170.23178807947,224.609271523179,18.253095479196,16,1
169.24,224.853333333333,17.213955230275,23,1
169.278145695364,224.807947019868,17.6504165602916,29,1
168.440559440559,225.20979020979,17.7930842418717,22,1
166.932835820896,225.783582089552,16.8424243872428,31,1
166.583941605839,225.810218978102,17.0271743261327,15,1
165.5078125,226.1640625,16.9598164989037,25,1
164.8203125,226.3359375,17.9233184212576,20,1
164.36,226.48,16.9353465670182,13,1
163.6953125,226.859375,17.3444231059074,13,1
163.507692307692,226.907692307692,17.430214897821,6,1
162.753846153846,227.107692307692,17.8589302175148,14,1
162.448,227.288,17.7568326568007,13,1
161.823076923077,227.561538461538,18.5720746582932,9,1
161.125,227.7734375,19.3506943566123,16,1
160.7109375,227.90625,19.038634834224,8,1
160.0625,228.0703125,19.1513766665512,10,1
159.5546875,228.2265625,18.7741994409451,12,1
159.462809917355,228.289256198347,19.0094652779426,9,1
159.015384615385,228.538461538462,19.9550121972549,15,1
158.825757575758,228.560606060606,20.0651327206454,6,1
158.193798449612,228.751937984496,20.5322112767038,13,1
157.7109375,228.8984375,20.7268217125058,9,1
157.869230769231,228.846153846154,21.1197052921371,8,1
157.541353383459,229.075187969925,22.3797906863155,9,1
157.378787878788,229.181818181818,22.6908134380267,5,1
157.192307692308,229.353846153846,23.6597928686233,10,1
157.318181818182,229.386363636364,23.9452619315701,10,1
157.511450381679,229.389312977099,25.1421511855911,9,1
157.124031007752,229.542635658915,25.5167061071198,4,1
NaN,NaN,NaN,129,1
389.007462686567,243.268656716418,-31.3530247292368,NaN,2
389.452554744526,243.642335766423,-30.2027642789099,17,2
389.631578947368,243.864661654135,-29.139689368536,12,2
389.379562043796,243.678832116788,-30.5672112906042,12,2
389.255474452555,243.532846715328,-29.7248440490472,12,2
389.36231884058,243.601449275362,-29.7498184944997,13,2
389.374100719424,243.553956834532,-30.7480524039439,15,2
389.160583941606,243.430656934307,-29.9521303828034,10,2
389.517482517483,243.58041958042,-31.2755575626224,12,2
389.407142857143,243.628571428571,-30.2391896157125,15,2
389.401459854015,243.569343065693,-29.0898356336724,11,2
389.192857142857,243.378571428571,-30.7010099329564,9,2
389.142857142857,243.164285714286,-32.0728652499356,12,2
389.503597122302,243.697841726619,-29.783254817731,15,2
389.351145038168,243.648854961832,-28.3372792494248,14,2
389.130434782609,243.31884057971,-31.150215963189,13,2
389.131386861314,243.350364963504,-30.5153750789783,11,2
389.285714285714,243.442857142857,-30.2083394540301,7,2
389.219696969697,243.674242424242,-29.4876306064034,14,2
389.359712230216,243.719424460432,-29.6022501905027,11,2
389.044117647059,243.492647058824,-30.2793554603039,13,2
388.810218978102,243.226277372263,-31.9788325959672,13,2
388.942857142857,243.2,-31.3804256246925,7,2
389.205882352941,243.566176470588,-30.7030681931638,12,2
389.103703703704,243.407407407407,-28.9231192411966,15,2
389.239130434783,243.434782608696,-30.1814847173222,7,2
389.147058823529,243.448529411765,-30.3174239284222,10,2
389.113636363636,243.522727272727,-29.3904351401134,4,2
389.161764705882,243.397058823529,-29.8630299893706,12,2
389.125,243.352941176471,-29.414403260212,8,2
389.120567375887,243.198581560284,-30.6484969196972,7,2
389.05223880597,243.291044776119,-29.1785761250111,9,2
389.151079136691,243.158273381295,-30.4162203869089,9,2
389.304347826087,243.391304347826,-29.3391695105586,11,2
389.427536231884,243.5,-29.4619121951793,6,2
389.248175182482,243.43795620438,-29.4117649092341,7,2
389.188405797101,243.152173913043,-30.1434776311372,13,2
389.31654676259,243.410071942446,-30.0650428910826,15,2
389.007575757576,243.106060606061,-28.050981361796,15,2
388.731343283582,242.89552238806,-30.4240556503274,14,2
388.956204379562,243.080291970803,-35.0481677148479,27,2
389.859872611465,244.745222929936,-50.1275904882962,68,2
390.079754601227,244.723926380368,-57.8311881684066,48,2
389.480662983425,243.574585635359,-54.4403606119593,82,2
385.897959183673,239.566326530612,-53.2699584974181,119,2
384.329032258065,237.658064516129,-41.684546402833,69,2
380.208955223881,233.522388059701,-46.3819926241222,115,2
378.186206896552,231.310344827586,-61.4294135690266,57,2
375.396226415094,227.974842767296,-55.9447706057669,86,2
372.386503067485,224.699386503067,-35.6369818397956,92,2
370.613095238095,223.470238095238,-29.6483998196548,53,2
367.361445783133,221.927710843373,-29.146933209134,88,2
366.149700598802,221.22754491018,-29.2848660186874,45,2
362.8875,219.23125,-38.7165399059032,75,2
359.751677852349,217.053691275168,-40.2641468061745,71,2
358.372549019608,216.21568627451,-32.5927108100551,38,2
356.024844720497,214.937888198758,-22.6685401169945,60,2
355.287425149701,214.568862275449,-17.9608010842354,30,2
352.987577639752,213.913043478261,-15.7688287759308,56,2
350.25625,213.4,-24.1013013876966,61,2
349.465408805031,213.283018867925,-24.5139335334479,27,2
347.140127388535,212.286624203822,-37.3967953040819,56,2
346.020134228188,211.751677852349,-39.3170141679043,24,2
344.207792207792,210.811688311688,-39.1520655390559,41,2
342.715189873418,210.006329113924,-35.4089709530079,34,2
341.823529411765,209.313725490196,-30.4689528252322,29,2
340.371621621622,208.844594594595,-26.3579326250308,39,2
339.43137254902,208.40522875817,-27.0166902057354,29,2
337.587412587413,207.629370629371,-32.2494666283108,46,2
336.006849315069,206.821917808219,-40.5918591211607,39,2
335.044444444444,206.044444444444,-43.2303161935234,31,2
333.646153846154,204.792307692308,-46.6377503071351,37,2
333.105263157895,204.383458646617,-48.3542918264137,21,2
331.755555555556,203.214814814815,-44.0574449753768,42,2
330.386861313869,202.189781021898,-40.0088310980142,36,2
329.72602739726,201.630136986301,-40.2301762098184,23,2
327.943661971831,200.19014084507,-37.6507705323818,48,2
327.554794520548,199.917808219178,-38.0888940927146,28,2
326.136054421769,198.755102040816,-42.265875567827,45,2
324.923611111111,197.666666666667,-47.0496864779604,37,2
324.137931034483,197.062068965517,-51.8452846309912,21,2
322.852112676056,195.577464788732,-55.3061773590571,39,2
322.171641791045,194.731343283582,-56.1636773674291,20,2
320.971428571429,193.257142857143,-55.8776534628152,36,2
319.964539007092,192.042553191489,-52.1918873682805,33,2
319.260869565217,191.427536231884,-47.7628028250846,21,2
318.114864864865,190.108108108108,-44.5710506133393,42,2
317.628378378378,189.837837837838,-42.2845429075191,16,2
316.366013071895,188.59477124183,-40.9029965982093,33,2
314.965986394558,187.530612244898,-40.7150951342262,38,2
313.950704225352,186.450704225352,-44.7859199132628,29,2
312.602836879433,185.056737588652,-49.1156901709899,37,2
312.079136690647,184.597122302158,-51.1621784085445,22,2
310.721804511278,183.09022556391,-56.3125389579375,36,2
309.598540145985,181.620437956204,-55.6113347503472,36,2
309.014184397163,180.921985815603,-54.4530659827208,20,2
308.159420289855,179.891304347826,-51.7966848519389,31,2
307.776223776224,179.328671328671,-51.5393040128181,17,2
307.109589041096,178.445205479452,-50.2937366549321,25,2
306.047619047619,177.394557823129,-47.5411979208462,29,2
305.682432432432,176.837837837838,-47.9106607838987,15,2
304.744966442953,175.624161073825,-49.0494348088676,31,2
304.371621621622,175.189189189189,-49.766332841258,19,2
303.418439716312,173.978723404255,-51.6784994058103,31,2
302.534722222222,172.986111111111,-57.6223285908393,29,2
302.253424657534,172.417808219178,-58.4792891411861,18,2
301.210144927536,171.115942028986,-62.0700898912764,32,2
300.787234042553,170.58865248227,-63.8347942662346,15,2
300.288732394366,169.612676056338,-65.4725748105928,21,2
299.432624113475,168.184397163121,-65.803209377593,33,2
299.056737588652,167.45390070922,-65.802523211414,20,2
298.659574468085,166.652482269504,-66.3315307502229,18,2
298.356643356643,166.265734265734,-65.8499169416618,14,2
297.711267605634,165.246478873239,-65.233320091074,23,2
297.2,164.15,-65.3503717323654,24,2
296.785714285714,163.521428571429,-64.6493917780729,16,2
296.31914893617,162.475177304965,-65.1698785027263,23,2
296.130434782609,162.115942028986,-65.2965452982685,11,2
295.739130434783,161.101449275362,-65.0111271718702,18,2
295.029197080292,160.087591240876,-66.2878982621243,27,2
295.097744360902,159.563909774436,-66.1344612760447,14,2
294.63768115942,158.695652173913,-67.6756102867555,17,2
294.594202898551,158.557971014493,-69.1567421596683,10,2
294.097744360902,157.360902255639,-69.4325020568722,25,2
293.767441860465,156.31007751938,-69.8130442320459,22,2
293.430769230769,155.684615384615,-71.0141829725128,15,2
293,154.619402985075,-70.646098219148,24,2
292.858208955224,154.380597014925,-71.2403653895903,10,2
292.661538461538,153.423076923077,-71.0128061414104,16,2
292.383458646617,152.796992481203,-70.1261724991406,15,2
292.192592592593,152.348148148148,-69.7459265166283,14,2
291.924812030075,151.81954887218,-69.2771757207534,12,2
291.89552238806,151.335820895522,-69.1525206138886,11,2
291.478571428571,150.828571428571,-67.7249548689847,14,2
291,149.918518518519,-66.9215551383571,21,2
290.95,149.785714285714,-67.0519351492819,13,2
290.631205673759,149.035460992908,-66.2722689733884,17,2
290.4375,148.652777777778,-65.8151304158562,9,2
290.156028368794,148.312056737589,-66.8505988179381,15,2
289.662068965517,147.310344827586,-66.6504719543756,22,2
289.598591549296,146.894366197183,-67.1995909191732,13,2
289.323943661972,146.056338028169,-66.7153093872485,24,2
289.225352112676,146.028169014085,-66.6489054980654,12,2
289.091549295775,145.535211267606,-66.8554676799901,12,2
288.65034965035,144.748251748252,-65.3865500207733,17,2
288.602836879433,144.276595744681,-66.5178312439805,16,2
288.521428571429,144.157142857143,-65.2037623208264,11,2
288.401459854015,143.883211678832,-64.8821203469553,9,2
288.057553956835,143.237410071942,-65.9782150800359,18,2
287.671428571429,142.628571428571,-64.462285477303,13,2
287.591549295775,142.295774647887,-64.7422113394832,6,2
287.41726618705,141.992805755396,-64.1130575242137,11,2
287.360294117647,141.786764705882,-64.5907344266157,7,2
287.035460992908,141.09219858156,-63.9182522440304,17,2
286.753521126761,140.654929577465,-63.8417225731685,11,2
286.605633802817,140.176056338028,-63.4851109065024,10,2
286.58041958042,140.097902097902,-64.132415045967,7,2
286.535714285714,139.935714285714,-64.1289053584596,5,2
286.277777777778,139.381944444444,-63.9813356746541,18,2
286.013698630137,139.102739726027,-62.8432070778972,12,2
285.862068965517,138.696551724138,-63.0640822658673,9,2
285.579310344828,138.193103448276,-63.2111820009967,14,2
285.587412587413,138.160839160839,-62.8222891368696,6,2
285.531468531469,138.048951048951,-63.3525625154523,6,2
285.047619047619,137.21768707483,-63.0034513297913,20,2
285.122448979592,137.30612244898,-63.4149859970109,6,2
284.993197278912,137.102040816327,-62.257499724813,10,2
284.898648648649,136.871621621622,-61.8972611595817,9,2
284.843537414966,136.52380952381,-62.4483237364177,9,2
NaN,NaN,NaN,147,2
401.609375,264.9296875,86.7814981401048,NaN,3
401.595238095238,265.277777777778,86.4002925099366,4,3
401.645669291339,265.031496062992,86.43233958772,3,3
401.596899224806,264.968992248062,86.4105514807004,4,3
401.651162790698,264.891472868217,86.143565900186,4,3
401.637795275591,265.023622047244,86.1885943956566,4,3
401.674603174603,265.253968253968,85.8025664338825,5,3
401.666666666667,265.055555555556,86.3281240688478,4,3
401.672,264.944,86.8242117226618,5,3
401.674603174603,264.944444444444,86.6160599502627,5,3
401.693548387097,265.104838709677,86.5464157066116,4,3
401.690476190476,265.031746031746,86.4974854887603,2,3
401.733870967742,265.08064516129,86.3231506180016,2,3
401.713178294574,264.77519379845,87.0249018332245,7,3
401.725806451613,265.225806451613,86.7457412186517,7,3
401.736,265.312,87.0439027247154,3,3
401.747967479675,265.252032520325,86.6734105793746,2,3
401.766129032258,265.322580645161,86.9868606274182,1,3
401.868852459016,265.270491803279,86.6067830421205,6,3
401.887096774194,265.088709677419,86.9119217453347,4,3
401.854838709677,265.241935483871,86.5335859984061,2,3
401.828125,264.921875,86.8800364279431,4,3
401.90243902439,265.105691056911,86.6762243965737,5,3
401.917355371901,265.272727272727,86.6035156198623,2,3
401.937007874016,265.251968503937,87.6018551027264,8,3
401.94262295082,265.05737704918,87.1381319294498,9,3
402.01652892562,265.03305785124,87.685067148689,5,3
402.133333333333,264.833333333333,87.2087773296782,9,3
402.129310344828,265.01724137931,87.483227272888,4,3
402.123966942149,264.752066115702,88.045481790238,5,3
402.169491525424,265.14406779661,87.6848397173485,9,3
402.162393162393,265,88.1685353967831,5,3
402.179487179487,265.145299145299,88.1886230257158,2,3
402.241666666667,265.025,87.9921373955777,3,3
402.292682926829,265.154471544715,88.1454981729532,3,3
402.220338983051,264.932203389831,87.4063501977229,7,3
402.266666666667,265.075,88.1641733568245,6,3
402.35,265.275,88.422094987868,6,3
402.355371900826,265.123966942149,88.3895262989707,1,3
402.354838709677,265.129032258065,88.6286992336884,7,3
402.411290322581,264.983870967742,88.1819034120695,6,3
402.395161290323,265.08064516129,88.3133663847209,2,3
402.492063492063,264.84126984127,88.3918934128796,8,3
402.422764227642,265.243902439024,88.5493095982364,5,3
402.488188976378,264.992125984252,88.3284233919579,6,3
402.427419354839,265,88.9019013131581,5,3
402.508064516129,264.935483870968,88.5667312073971,4,3
402.467741935484,265.233870967742,88.6528134903047,10,3
402.439024390244,265.219512195122,89.0872738999829,5,3
402.48031496063,264.88188976378,88.5919828884448,6,3
402.496062992126,264.984251968504,88.3132923304594,6,3
402.48,265.056,88.8457682803858,6,3
402.571428571429,265.031746031746,88.3052289810906,5,3
402.5,265.153225806452,88.3471905509625,4,3
402.512195121951,264.975609756098,88.7365356254401,3,3
402.508196721311,265.024590163934,89.0308619387658,3,3
402.569105691057,264.926829268293,88.682362898724,5,3
402.56,264.888,88.6629742219522,4,3
402.655737704918,264.901639344262,88.1594494835328,5,3
402.685483870968,265.008064516129,88.7015343511853,4,3
402.6953125,264.921875,88.8940572330416,6,3
402.669291338583,264.795275590551,88.7766142931781,3,3
402.68992248062,264.550387596899,88.8876224624414,10,3
402.646616541353,264.428571428571,89.5107677625287,10,3
402.875816993464,264.477124183007,-84.8393419124423,66,3
402.664948453608,264.128865979381,-54.3324852258137,97,3
403.077319587629,265.092783505155,-36.7319416930962,56,3
405.463157894737,266.336842105263,-37.2479543877594,90,3
406.9375,267.369791666667,-51.0955798451796,58,3
408.43842364532,269.522167487685,-63.1114693764312,95,3
412.321428571429,276.047619047619,-73.7094205674338,141,3
413.386861313869,279.226277372263,-68.3272100553489,61,3
414.383561643836,282.835616438356,-84.9364733073435,85,3
414.4125,285.96875,77.9992196791774,66,3
413.651006711409,291.41610738255,70.6958430540795,109,3
413.092592592593,295.432098765432,78.1935034812286,91,3
412.167938931298,299.022900763359,79.0229895318139,67,3
411.097902097902,303.013986013986,71.9357230535905,86,3
410.322368421053,305.138157894737,70.8231632329465,51,3
409.3375,309.44375,73.8422287486245,86,3
408.460526315789,313.171052631579,83.2629125071411,88,3
408.007142857143,314.807142857143,82.8662550673071,34,3
406.93661971831,319.232394366197,72.842052289198,82,3
406.354430379747,321.044303797468,70.9444988686054,44,3
405.310810810811,325.02027027027,67.178732560087,82,3
404.145695364238,328.695364238411,77.2349789948551,73,3
403.586466165414,330.744360902256,82.4844148052451,42,3
402.828767123288,333.760273972603,78.5796596125025,59,3
402.459459459459,335.344594594595,74.2573027770953,34,3
401.420689655172,338.468965517241,63.4929412443112,65,3
400.302013422819,341.389261744966,67.1056542077266,62,3
399.764705882353,342.602941176471,73.5240782411738,27,3
398.805970149254,346.223880597015,85.9775289675044,72,3
398.459854014599,347.802919708029,86.8563893495677,31,3
397.840579710145,350.065217391304,76.3810878107088,49,3
397.027397260274,352.958904109589,65.3116931152471,60,3
396.576642335766,354.43795620438,63.3292959689657,27,3
395.801470588235,356.794117647059,69.7516410838271,53,3
395.192857142857,358.242857142857,76.9899099743329,32,3
394.330708661417,361.763779527559,82.8699003571127,67,3
393.824427480916,363.809160305344,72.0178776076066,42,3
393.518248175182,364.751824817518,65.1535439637885,28,3
392.609375,367.328125,57.5175789694876,57,3
392.147058823529,368.176470588235,58.5483435300932,26,3
391.255319148936,369.971631205674,69.3750612047126,45,3
390.453125,372.4921875,78.8046014253654,57,3
390,374.137931034483,79.0639478743876,26,3
389.20325203252,376.39837398374,65.2230052764678,43,3
388.858208955224,377.164179104478,62.4342908283785,21,3
387.622047244094,379.370078740157,56.2920437972046,51,3
386.514285714286,381.628571428571,66.4535757465022,43,3
NaN,NaN,NaN,140,3
NaN,NaN,NaN,0,3
NaN,NaN,NaN,0,3
NaN,NaN,NaN,0,3
NaN,NaN,NaN,0,3
NaN,NaN,NaN,0,3
NaN,NaN,NaN,0,3
NaN,NaN,NaN,0,3
NaN,NaN,NaN,0,3
NaN,NaN,NaN,0,3
NaN,NaN,NaN,0,3
NaN,NaN,NaN,0,3
NaN,NaN,NaN,0,3
NaN,NaN,NaN,0,3
NaN,NaN,NaN,0,3
NaN,NaN,NaN,0,3
NaN,NaN,NaN,0,3
NaN,NaN,NaN,0,3
NaN,NaN,NaN,0,3
NaN,NaN,NaN,0,3
NaN,NaN,NaN,0,3
NaN,NaN,NaN,0,3
NaN,NaN,NaN,0,3
NaN,NaN,NaN,0,3
