422.530864197531,237.456790123457,-77.653512124954,NaN,1
422.578313253012,237.710843373494,-78.0213755508187,2,1
422.5625,237.3,-77.1253770771239,5,1
422.65,237.35,-77.8547408902798,2,1
422.691358024691,237.320987654321,-78.1293560579616,1,1
422.777777777778,237.333333333333,-78.1218724716051,2,1
422.771084337349,237.361445783133,-77.7692511572526,4,1
422.914634146341,237.646341463415,-80.3000575294818,9,1
423,237.469135802469,-80.5947507305479,5,1
422.987804878049,237.475609756098,-79.5959868420665,3,1
423.205128205128,237.333333333333,-79.223687639067,10,1
423.19512195122,237.378048780488,-80.8519847702746,8,1
423.358024691358,237.481481481481,-81.0492348955655,7,1
423.329113924051,236.949367088608,-78.6284939897429,6,1
423.433734939759,237.325301204819,-78.9008404548829,6,1
423.469879518072,237.036144578313,-78.9723436803174,4,1
423.5375,236.8875,-79.7247971183524,5,1
423.65,236.775,-78.8356007317056,6,1
423.658536585366,236.756097560976,-79.3604377985152,4,1
423.779220779221,237,-79.3155741615227,9,1
423.814814814815,236.901234567901,-78.4129145230947,6,1
423.839506172839,236.765432098765,-78.7639035143537,2,1
424.037974683544,236.974683544304,-79.7819160068692,6,1
424.078947368421,236.842105263158,-80.2569995983299,3,1
424.142857142857,236.935064935065,-80.82626698647,3,1
424.210526315789,236.776315789474,-80.7743178082966,3,1
424.269230769231,236.974358974359,-81.5106563642966,6,1
424.307692307692,237.012820512821,-81.1311703114806,4,1
424.45,237.0875,-79.4580508550591,6,1
424.506329113924,236.886075949367,-79.9545219462708,7,1
424.337078651685,237.292134831461,-85.5659944257217,14,1
424.483870967742,237.494623655914,-85.2908285617683,12,1
424.879120879121,237.395604395604,-81.1040689628758,20,1
425.039215686275,237.803921568627,-82.3714792223191,25,1
424.481818181818,237.909090909091,70.5184468126336,22,1
424.434782608696,237.869565217391,59.6673370205001,35,1
424.859649122807,237.535087719298,63.8742599626263,17,1
425.283185840708,236.778761061947,61.9083911825375,33,1
425.612612612613,235.657657657658,60.1525153240728,40,1
426.891304347826,233.326086956522,65.5680447282891,37,1
427.505882352941,231.6,84.5642413106763,29,1
427.777777777778,230.79012345679,-89.1743548892194,22,1
428.0875,228.575,-84.4375850850441,35,1
427.976470588235,226.623529411765,88.1327532379824,35,1
427.987951807229,225.228915662651,87.5281267873056,18,1
428.086021505376,223.354838709677,-89.0325624933426,32,1
428.075268817204,223.129032258065,-78.2224616683322,14,1
427.926315789474,221.631578947368,-57.3425137803261,30,1
427.161616161616,220.121212121212,-48.4271951365928,38,1
426.438775510204,219.581632653061,-50.9790342944035,19,1
425.164948453608,218.175257731959,-56.9450731122478,33,1
424.60824742268,217.731958762887,-58.3155901684464,26,1
422.787234042553,215.393617021277,-55.1734653576169,41,1
421.115789473684,214,-24.9322320840373,41,1
420.469387755102,213.622448979592,-21.8432522449203,19,1
418.784946236559,212.784946236559,-14.8168929213661,37,1
417.771739130435,212.326086956522,-16.5483290007189,25,1
415,211.522727272727,-23.6530987435355,48,1
413.277777777778,210.755555555556,-25.7695817114942,36,1
412.149425287356,210.551724137931,-19.3443679006517,23,1
410.204081632653,209.918367346939,-7.14810219301475,35,1
409.061855670103,209.896907216495,-0.816291924278133,27,1
407.336633663366,209.663366336634,-2.21157358941488,34,1
404.916666666667,209.5625,-7.10652097825592,43,1
403.578947368421,209.452631578947,-6.8815856594319,23,1
401.15625,209.21875,-0.527529746491527,41,1
400.161290322581,209.311827956989,10.4032928904798,21,1
398.618556701031,209.443298969072,23.4352297938811,38,1
396.456310679612,210.145631067961,29.7543876328505,44,1
395.728155339806,210.233009708738,26.0097491205603,18,1
393.03125,211.8125,20.0102602448212,57,1
392.44,212.02,16.4992206373361,22,1
390.316831683168,212.772277227723,14.6030066646703,49,1
387.833333333333,213.382352941176,21.690497930598,45,1
386.744680851064,213.787234042553,25.5408176615386,30,1
385.32967032967,214.285714285714,29.7620439248655,33,1
384.549019607843,214.833333333333,31.8075650544602,19,1
382.484848484848,216.030303030303,27.1264589894098,43,1
380.808510638298,216.81914893617,14.6931766834563,41,1
379.023529411765,217.4,8.8765623584222,29,1
377.625,217.916666666667,17.9926268537119,31,1
376.52808988764,218.123595505618,23.3833190775826,21,1
374.689655172414,219.310344827586,36.9822688346635,42,1
373.023529411765,220.047058823529,41.8661131275806,30,1
372.4,220.244444444444,37.8956276220065,13,1
370.731182795699,221.408602150538,30.0219581004216,37,1
369.936842105263,222,28.9523985354543,22,1
368.045454545455,222.977272727273,22.0069812357888,45,1
365.964705882353,223.941176470588,25.4059975441763,41,1
364.907894736842,224.578947368421,30.703709038496,21,1
363.5875,225.675,37.8907716785069,30,1
362.428571428571,226.194805194805,44.7268864867897,19,1
360.975903614458,227.228915662651,40.1240746812828,28,1
359.595505617978,228.269662921348,33.1650695925157,32,1
358.390243902439,229.036585365854,25.5953504348572,19,1
356.829545454545,230.215909090909,28.6705669145501,38,1
356.060240963855,230.771084337349,33.8019459973887,19,1
354.795180722892,232.096385542169,39.7300302697787,30,1
352.558441558442,233.792207792208,55.056569291716,38,1
352.205128205128,234.282051282051,51.0962090543816,13,1
350.866666666667,235.6,48.0973753951599,28,1
350.218390804598,236.218390804598,42.6380084059805,19,1
348.931818181818,237.227272727273,36.1972524649272,35,1
346.952380952381,238.72619047619,33.4128071758878,38,1
346.073170731707,239.646341463415,41.995474451028,20,1
344.447368421053,240.986842105263,55.3583310158037,30,1
343.987012987013,241.376623376623,56.918696947515,15,1
342.813953488372,242.627906976744,51.8184455083387,31,1
341.449438202247,243.988764044944,42.3802810286265,35,1
340.873563218391,244.758620689655,35.6511811151579,22,1
339.39,245.78,32.9035473453666,39,1
338.741573033708,246.404494382022,31.7613183514601,23,1
337,247.722891566265,38.0989593977111,36,1
335.729411764706,248.976470588235,47.468923587778,34,1
334.833333333333,249.666666666667,49.7989730536672,19,1
333.206896551724,251.540229885057,45.7575220038819,39,1
332.677777777778,252.044444444444,42.4008806017643,13,1
331.840425531915,252.978723404255,36.7055466623717,26,1
330.395833333333,254.15625,27.8356677558017,44,1
329.4,254.717647058824,26.2197552634976,19,1
328.161290322581,255.774193548387,30.5792777938365,32,1
327.055555555556,256.622222222222,42.6687508114827,21,1
325.268292682927,258.414634146341,52.8016059636818,38,1
323.965909090909,259.636363636364,48.692947294702,30,1
323.290322580645,260.247311827957,41.6090933514934,17,1
321.645161290323,261.602150537634,34.0423311756221,40,1
321.475247524752,261.762376237624,32.8354320584304,18,1
319.816326530612,263.040816326531,36.4672361079425,35,1
318.433333333333,264.277777777778,43.4051414899464,32,1
317.632183908046,265.172413793103,48.7323072135194,21,1
316.383720930233,266.662790697674,56.4658468316724,29,1
315.686046511628,267.406976744186,54.627697156286,22,1
314.666666666667,268.552083333333,47.4440514192662,26,1
313.632653061225,269.663265306122,41.5364295651829,32,1
312.924731182796,270.096774193548,37.0513584018436,21,1
311.270588235294,271.952941176471,41.2207948257148,40,1
310.768421052632,272.547368421053,48.9578026480601,16,1
309.844444444444,273.833333333333,56.1437774251326,31,1
308.46511627907,275.732558139535,60.3038599878066,34,1
307.966666666667,276.177777777778,57.279134265355,14,1
306.778947368421,277.715789473684,48.1490307551967,35,1
306.315789473684,278.189473684211,44.8990648475334,18,1
305.397959183673,279.30612244898,40.9877334375478,33,1
303.96,280.39,43.9881891057433,34,1
303.195652173913,281.065217391304,47.191402081877,20,1
301.902173913043,282.565217391304,54.569817918899,34,1
301.011627906977,283.546511627907,62.6159245511739,18,1
299.943820224719,284.595505617978,55.631863173017,29,1
298.747368421053,285.747368421053,47.2258938776927,30,1
298.102272727273,286.329545454545,39.6632842532182,17,1
296.8125,287.71875,40.7521280233784,32,1
296.533980582524,288.019417475728,40.3338859727625,17,1
294.755555555556,289.355555555556,48.7439655242665,37,1
293.60824742268,290.670103092784,50.7289705503044,33,1
292.684210526316,291.305263157895,50.2896148286879,20,1
291.061855670103,292.948453608247,53.7167017204596,38,1
290.40404040404,293.333333333333,49.394308404446,18,1
289.094339622641,294.330188679245,42.5971149990547,35,1
287.283018867925,295.462264150943,40.4417188340023,42,1
286.30303030303,296.414141414141,44.5636972723,27,1
285.3,297.111111111111,45.0548915220606,25,1
284.22619047619,298.261904761905,54.4554292018927,24,1
282.686046511628,299.616279069767,61.2527357437122,32,1
281.64367816092,300.758620689655,58.8101345201874,27,1
280.840425531915,301.542553191489,53.1943134061435,21,1
279.616161616162,302.79797979798,46.6354460802925,37,1
279.127450980392,303.323529411765,44.0232245532682,19,1
277.93,304.33,47.5605691986527,30,1
276.484536082474,306.020618556701,54.5478369107099,37,1
275.94623655914,306.634408602151,56.5151506913312,18,1
274.055555555556,309.122222222222,62.4354280385643,45,1
273.546511627907,309.744186046512,58.9726303879935,16,1
272.355555555556,311.077777777778,47.5096356693393,32,1
271.386138613861,312.138613861386,46.7823697657653,29,1
270.78640776699,312.864077669903,41.2229534580882,20,1
269.626168224299,313.981308411215,43.3752295490177,36,1
269.009615384615,314.480769230769,46.5559245766348,19,1
267.255102040816,316.428571428571,54.6934312546544,44,1
265.815217391304,318.141304347826,56.7377392000548,36,1
264.957446808511,319.244680851064,56.010422135857,22,1
263.927835051546,320.319587628866,48.675225632428,31,1
263.128712871287,321,42.7732295277888,18,1
262.141509433962,322.009433962264,40.9110909359634,29,1
260.679611650485,323.407766990291,40.5928866693096,33,1
260.049504950495,324.049504950495,47.0590229638067,20,1
258.949494949495,325.060606060606,46.2791055743979,30,1
258.333333333333,325.911764705882,52.8492421402985,21,1
256.979166666667,327.53125,52.9030596017676,36,1
255.41935483871,329.172043010753,50.9702194205882,37,1
254.795698924731,329.860215053763,46.766930706817,16,1
254.127450980392,330.764705882353,44.3832363844642,27,1
253.575471698113,331.433962264151,41.7629196389557,20,1
252.52380952381,332.704761904762,41.0015835601843,31,1
250.872549019608,334.274509803922,51.080533994077,35,1
250.326530612245,334.969387755102,54.1192793637153,16,1
249.030927835052,336.670103092784,59.6237262964626,35,1
248.404255319149,337.542553191489,60.8410077809862,19,1
247.247311827957,338.881720430108,50.2038204547382,33,1
246.323529411765,339.794117647059,47.3545856678773,31,1
245.941176470588,340.578431372549,46.4489899840368,20,1
244.84375,341.552083333333,40.6098375686145,28,1
244.38,342.45,45.1678810694558,20,1
243.378947368421,343.294736842105,51.5870461359967,27,1
242.075268817204,345.064516129032,54.8323658027541,34,1
241.404761904762,345.821428571429,57.2936062463124,19,1
240.628865979381,347.010309278351,57.0886457996538,27,1
240.166666666667,347.489583333333,51.9480686938493,17,1
239.421568627451,348.637254901961,50.3206521457252,28,1
NaN,NaN,NaN,102,1
415.729166666667,257.052083333333,-54.4017872920928,NaN,2
415.826086956522,257.282608695652,-54.00352086331,4,2
415.702127659574,257.042553191489,-53.8997568198117,4,2
415.80412371134,257.381443298969,-54.1424439254433,9,2
415.75,257.458333333333,-54.2150131820713,3,2
415.742268041237,257.412371134021,-54.4630632156701,1,2
415.708333333333,257.395833333333,-54.6459788705655,5,2
415.744680851064,257.404255319149,-53.5104055097444,4,2
415.731182795699,257.397849462366,-53.1645992874226,5,2
415.836956521739,257.728260869565,-53.2325116178502,7,2
415.76404494382,257.674157303371,-52.6759683768779,7,2
415.648351648352,257.714285714286,-53.1167714201671,8,2
415.619565217391,257.663043478261,-53.3167341168095,7,2
415.434782608696,257.434782608696,-54.9178156369807,6,2
415.488888888889,257.566666666667,-54.517307533865,4,2
415.472527472527,257.494505494506,-54.1163228455925,7,2
415.265957446808,257.531914893617,-55.140791165638,11,2
415.225806451613,257.408602150538,-55.3163364740439,5,2
415.182795698925,257.58064516129,-55.8982940757388,4,2
415.130434782609,257.576086956522,-55.5181347439083,5,2
415.076923076923,257.615384615385,-56.1174092315332,5,2
415.166666666667,257.655555555556,-55.7745729489601,5,2
415.197802197802,257.703296703297,-56.6141225999555,7,2
415.074468085106,257.63829787234,-56.102653910982,7,2
414.989361702128,257.457446808511,-56.3229410130704,6,2
415.101123595506,257.808988764045,-54.4810886688056,5,2
415.089887640449,257.640449438202,-55.818491263677,6,2
414.956989247312,257.494623655914,-55.695992337829,6,2
415.010869565217,257.586956521739,-57.3690588985765,7,2
414.968421052632,257.221052631579,-59.6834108780913,11,2
415.105263157895,257.463157894737,-62.0782416837804,10,2
415.212765957447,257.659574468085,-56.9373241133678,25,2
415.073684210526,257.705263157895,-43.9398898750709,17,2
414.65625,257.625,-22.1731923994477,21,2
414.227722772277,257.49504950495,7.06846674483777,19,2
414.826530612245,257.591836734694,19.4697579620703,23,2
416.010638297872,257.159574468085,12.1455665688504,44,2
416.31,257.13,10.5385507301399,12,2
417.428571428571,256.732142857143,10.7387877972185,36,2
419.216494845361,255.979381443299,23.2629321855552,33,2
420.033333333333,255.688888888889,33.2173091231579,15,2
421.114583333333,254.385416666667,42.3311460484671,38,2
422.057471264368,253.471264367816,42.1109959717867,23,2
423.330097087379,252.067961165049,33.2746139530632,40,2
424.817307692308,251.076923076923,23.6888831924287,51,2
425.554545454545,250.572727272727,26.1710379579355,22,2
427.330097087379,249.456310679612,31.9535460342807,41,2
428.336633663366,248.881188118812,36.5783504389823,26,2
430.284210526316,247.326315789474,49.1442149351912,52,2
432.208791208791,245.010989010989,46.2189717309181,46,2
433.247311827957,243.870967741935,33.2005313972021,26,2
434.555555555556,243.144444444444,25.1440866248551,33,2
434.949494949495,242.636363636364,29.9146225980021,19,2
436.684210526316,241.221052631579,42.4943017044952,38,2
438.305882352941,239.517647058824,54.9523042318886,40,2
439.186046511628,238.476744186047,55.7077499554858,21,2
440.782608695652,236.532608695652,48.7927773271095,36,2
441.2,235.957894736842,45.7645647226552,15,2
442.547368421053,234.4,42.5845541153172,34,2
443.602150537634,233.064516129032,49.1524954857163,28,2
444.317647058824,232.329411764706,55.5660018578032,16,2
445.547945205479,230.027397260274,69.7865428608449,42,2
446.135802469136,228.765432098765,71.7413127779235,24,2
446.662790697674,227.302325581395,66.4407396325414,25,2
447.691489361702,225.86170212766,55.6053555277609,34,2
448.032967032967,225.021978021978,55.15537964902,17,2
448.964705882353,223.023529411765,58.7193718432588,34,2
449.247191011236,222.348314606742,62.7904562139896,18,2
450.493975903614,219.746987951807,79.7361697514698,40,2
451.256097560976,217.829268292683,78.8776539327966,29,2
451.714285714286,216.869047619048,74.4371671027284,18,2
452.554347826087,215.565217391304,67.9057115839838,30,2
452.936842105263,214.568421052632,62.9013935942133,19,2
453.8,212.6,60.9094269641701,37,2
454.615384615385,210.78021978022,73.7708026410244,33,2
455.297619047619,209.27380952381,80.8915209824142,25,2
455.851851851852,207.123456790123,85.3701565458355,35,2
456.084337349398,206.530120481928,83.3738192362677,14,2
456.483146067416,204.573033707865,74.4550593415571,30,2
456.964705882353,202.717647058824,71.6510187940588,30,2
457.141176470588,201.694117647059,72.168075566688,14,2
457.511627906977,200.197674418605,80.1187964069372,25,2
457.670588235294,199.388235294118,84.2033917923802,15,2
457.987654320988,197.246913580247,-87.013524011365,32,2
458.10843373494,195.373493975904,-88.1240043695436,28,2
458.115384615385,194.397435897436,84.7917308938538,13,2
458.152941176471,192.6,77.086751861563,31,2
458.228260869565,191.510869565217,74.9690538201142,19,2
458.372093023256,189.744186046512,81.4604532274952,30,2
458.38202247191,187.730337078652,-85.4818019672586,31,2
458.301204819277,186.746987951807,-78.652661979436,18,2
458.035714285714,184.797619047619,-77.7600747753268,35,2
457.788888888889,183.722222222222,-82.8353342930623,24,2
457.390804597701,181.35632183908,81.8389755373725,35,2
457.176470588235,179.235294117647,78.652837213696,36,2
457.26582278481,178.291139240506,82.0282782415893,16,2
457.078651685393,175.752808988764,-86.0599570598967,40,2
456.888888888889,174.622222222222,-82.8972305153179,21,2
456.797752808989,172.337078651685,-85.9288007674137,33,2
456.925531914894,170.510638297872,80.5799365084462,31,2
456.934065934066,169.538461538462,74.2289309217627,21,2
457.149425287356,167.333333333333,73.9873698997704,34,2
457.211764705882,166.364705882353,74.4227509010101,16,2
457.32967032967,164.395604395604,85.5787662037121,30,2
457.4,162.105882352941,-84.3832860098668,36,2
457.411764705882,161.117647058824,-87.6876456713357,16,2
457.464285714286,159.154761904762,83.2755594119076,31,2
457.602409638554,158.024096385542,81.2565325624772,23,2
457.547619047619,155.654761904762,78.8632525167472,31,2
457.51724137931,153.747126436782,87.6259074578963,29,2
457.619047619048,152.869047619048,-88.7942498524934,13,2
457.552631578947,150.302631578947,-82.2599782951561,38,2
457.470588235294,149.294117647059,-86.060737515517,23,2
457.533333333333,147.455555555556,86.1254297044578,27,2
457.547619047619,145.083333333333,81.2072828283377,38,2
457.609195402299,143.724137931034,86.9857806753901,19,2
457.708860759494,142.392405063291,-87.7038977407065,22,2
457.517647058824,141.082352941176,-79.3674280023097,24,2
457.192771084337,138.626506024096,-74.2194797672114,40,2
456.916666666667,136.619047619048,-85.1353719370153,33,2
456.857142857143,135.797619047619,-89.4077413796789,18,2
456.779220779221,132.922077922078,87.6953886131002,41,2
456.728395061728,132.444444444444,87.8963502300143,14,2
456.505882352941,130.635294117647,-85.0161272294903,28,2
456.146341463415,128.060975609756,-75.7945785837709,41,2
455.987654320988,126.950617283951,-77.7295213930391,17,2
455.927710843374,125.33734939759,-85.2539361379824,30,2
455.841463414634,124.256097560976,89.2062251445422,17,2
455.772151898734,122.151898734177,87.2579582939024,31,2
455.607594936709,119.987341772152,-88.4217207151456,32,2
455.540540540541,118.635135135135,-79.837869345535,19,2
455.303797468354,116.810126582278,-75.6119643473671,33,2
455.217948717949,115.846153846154,-75.4825471569709,17,2
454.934210526316,113.815789473684,-87.4456241764741,32,2
454.822784810127,111.835443037975,84.3889783743565,31,2
454.74025974026,111.051948051948,85.8939984712074,12,2
454.75,108.434210526316,-88.1047709370314,37,2
454.582278481013,107.379746835443,-83.6080402715647,17,2
454.351351351351,105.175675675676,-76.2046319174332,31,2
454.173333333333,103.426666666667,-84.2220023739187,27,2
454.106666666667,102.533333333333,-85.7559780547397,16,2
454.064935064935,100.727272727273,84.3463525039822,30,2
454.072289156626,98.9638554216867,84.0798580722916,24,2
NaN,NaN,NaN,83,2
NaN,NaN,NaN,0,2
NaN,NaN,NaN,0,2
NaN,NaN,NaN,0,2
NaN,NaN,NaN,0,2
NaN,NaN,NaN,0,2
NaN,NaN,NaN,0,2
NaN,NaN,NaN,0,2
NaN,NaN,NaN,0,2
NaN,NaN,NaN,0,2
NaN,NaN,NaN,0,2
NaN,NaN,NaN,0,2
NaN,NaN,NaN,0,2
NaN,NaN,NaN,0,2
NaN,NaN,NaN,0,2
NaN,NaN,NaN,0,2
NaN,NaN,NaN,0,2
NaN,NaN,NaN,0,2
436.757575757576,236.050505050505,-4.71248135622181,NaN,3
436.67,236.06,-5.47487151854504,9,3
436.64,236.05,-5.80126616230212,2,3
436.565656565657,236.020202020202,-5.20663631699963,1,3
436.803921568627,235.950980392157,-6.95865825418032,7,3
436.696078431373,236.088235294118,-6.23638375178229,6,3
436.809523809524,235.990476190476,-5.03857443349449,3,3
436.772277227723,235.950495049505,-5.98370389760389,8,3
436.666666666667,236.019607843137,-6.02741782502542,5,3
436.71,235.95,-6.29105956825419,4,3
436.77358490566,235.962264150943,-5.60462189042075,10,3
436.757281553398,236.067961165049,-5.69538844950205,5,3
436.63,236.1,-5.54368204200781,3,3
436.70297029703,236.128712871287,-6.08524647839688,1,3
436.764705882353,236.166666666667,-6.76605619376886,1,3
436.63,236.13,-6.30979505209156,2,3
436.782178217822,236.09900990099,-6.19404827693479,3,3
436.643564356436,236.049504950495,-5.95520737462242,2,3
436.76,236.01,-4.83972274575379,3,3
436.78431372549,236.029411764706,-5.50678241774135,6,3
436.836538461538,236.038461538462,-4.72974618506147,4,3
436.699029126214,236.019417475728,-5.56153144658038,3,3
436.647619047619,236.019047619048,-6.39583623615491,6,3
436.68932038835,236.097087378641,-6.91675764857422,6,3
436.642857142857,236.112244897959,-5.67866371061419,5,3
436.625,236.197916666667,-5.81768863176012,2,3
436.643564356436,236.049504950495,-5.95520737462242,5,3
436.555555555556,236.10101010101,-5.75499995031363,4,3
436.613861386139,236.158415841584,-6.17584959594438,2,3
436.696078431373,236.088235294118,-6.23638375178229,3,3
436.514285714286,236.095238095238,-6.61303343228099,7,3
436.647058823529,236.049019607843,-6.1754524249554,5,3
436.647058823529,236.245098039216,-7.01880078700558,8,3
436.514851485149,236.19801980198,-5.66703699383938,5,3
436.714285714286,236.183673469388,-6.22987554134563,3,3
436.38,236.27,-4.03285397923356,4,3
436.52,236.19,-5.32267512844187,4,3
436.7,236.17,-6.10509952138109,4,3
436.61,236.2,-6.16679005173233,2,3
436.565656565657,236.272727272727,-5.10665638747934,3,3
436.223300970874,236.252427184466,-4.29729248089154,4,3
436.5,236.204081632653,-5.66647253031723,7,3
436.306930693069,236.227722772277,-4.86977570289525,3,3
436.50495049505,236.316831683168,-4.66887109049434,4,3
436.44,236.28,-4.17128299705216,3,3
436.407766990291,236.330097087379,-4.87807539967774,3,3
436.48,236.34,-3.90694938751183,5,3
436.339805825243,236.330097087379,-3.32343413871587,7,3
436.356435643564,236.316831683168,-3.63413548833064,8,3
436.613861386139,236.247524752475,-4.74338388517677,10,3
436.59595959596,236.333333333333,-4.88917609520278,2,3
436.744897959184,236.326530612245,-5.89843694772497,5,3
436.307692307692,236.509615384615,-0.401567960800465,10,3
436.378640776699,236.47572815534,0.361600652577492,11,3
436.9,236.04,-10.594704468528,31,3
436.776595744681,236.085106382979,-18.7089855285523,16,3
436.52808988764,235.842696629213,-53.8992044116787,21,3
436.408602150538,235.89247311828,-77.5036813635909,30,3
436.617021276596,236.617021276596,-82.9840007811503,21,3
436.714285714286,237.769230769231,-85.0504547040171,31,3
436.732558139535,238.290697674419,-84.0297486603103,11,3
436.688888888889,240.133333333333,-78.2199674008607,32,3
436.673913043478,241.608695652174,-77.9923828500993,28,3
436.835164835165,242.296703296703,-81.5313135808226,13,3
436.715909090909,244.284090909091,87.8305304563295,33,3
436.608695652174,245.641304347826,84.525817817893,20,3
436.451612903226,248.172043010753,-85.4979783234697,41,3
436.571428571429,249.959183673469,-73.4664339545601,31,3
436.637362637363,250.659340659341,-70.5724995494688,17,3
437.021052631579,253.284210526316,-71.4409893995575,40,3
437.102040816327,253.959183673469,-73.0142484036707,17,3
437.561224489796,256.30612244898,-85.6202425855392,38,3
437.967391304348,258.554347826087,88.0691835722635,38,3
438.033707865169,260.23595505618,-84.0645921343377,23,3
438.086956521739,261.967391304348,-78.3625183822477,25,3
438.082474226804,262.855670103093,-77.0693570905883,19,3
438.25,264.772727272727,-83.8662450879624,35,3
437.956989247312,266.913978494624,80.6995978956655,37,3
437.852272727273,267.465909090909,74.1266212491185,17,3
437.305263157895,269.905263157895,74.5079875250163,41,3
437.217821782178,270.80198019802,74.9253516521814,16,3
436.434782608696,272.847826086957,80.0065646561426,37,3
435.955555555556,275.322222222222,78.9865321043532,40,3
435.358695652174,276.391304347826,71.5012809859321,20,3
434.865168539326,277.719101123596,59.6326091325766,25,3
434.307692307692,279.010989010989,57.017296857188,24,3
433.161290322581,280.58064516129,60.5359215542381,34,3
431.852272727273,282.556818181818,69.5806770664635,41,3
431.469135802469,283.148148148148,71.0391928408827,11,3
430.683544303797,285.582278481013,75.6175265015298,36,3
430.181818181818,286.75,72.7165532553155,21,3
429.41935483871,288.365591397849,65.2371757033991,29,3
428.643564356436,289.831683168317,58.5275010659623,36,3
427.96875,290.760416666667,54.623813591536,21,3
426.409090909091,293.045454545455,59.3920147606134,44,3
425.94623655914,293.623655913978,65.6666417823632,15,3
424.823529411765,295.870588235294,70.2732771810154,40,3
423.818181818182,297.681818181818,70.0661544558933,31,3
423.436170212766,298.521276595745,64.1482964959758,16,3
422.593406593407,299.505494505494,55.8314780699783,27,3
421.949494949495,300.474747474747,54.0846706587274,22,3
420.833333333333,302.25,54.7215686318555,35,3
420.086956521739,303.532608695652,61.6473263431515,26,3
419.393258426966,304.337078651685,63.3827797307095,21,3
418.012345679012,307.172839506173,75.3416966486406,44,3
417.578313253012,308,76.4868646842344,14,3
416.790697674419,309.790697674419,70.3071205943655,33,3
415.797752808989,311.52808988764,57.8316821640233,31,3
415.483870967742,312.236559139785,58.0791323317062,18,3
414.549450549451,313.835164835165,62.3031228990021,30,3
414.119565217391,314.391304347826,61.3027075499062,15,3
413.067415730337,316.707865168539,74.0741343012292,39,3
412.317073170732,318.939024390244,79.905730897451,35,3
412.02380952381,319.5,74.3475717958325,12,3
411.326086956522,320.945652173913,68.8385688116046,28,3
410.826086956522,322.032608695652,62.8886020062116,22,3
410.056179775281,323.786516853933,57.6329558271561,35,3
409.023255813953,325.5,64.0099544374344,33,3
408.9,326.322222222222,67.3778061443006,14,3
407.939759036145,328.55421686747,75.9532136702824,37,3
407.4,329.6625,82.2980690096544,21,3
406.811764705882,331.352941176471,76.0510668425669,29,3
406.271739130435,332.836956521739,66.0478637164109,27,3
405.944444444444,333.344444444444,61.6880643596596,10,3
404.954022988506,335.149425287356,56.7904667451032,35,3
404.602150537634,335.741935483871,59.5691213118262,14,3
403.694117647059,337.517647058824,69.778100128285,32,3
403.0375,339.5625,78.3180913692094,33,3
402.658536585366,340.341463414634,76.6590589160124,16,3
401.817073170732,342.524390243902,75.8725298496702,30,3
401.617283950617,343.197530864198,72.3673488804369,11,3
400.895348837209,344.5,66.4147067285575,27,3
399.977011494253,346.390804597701,64.4498281066285,35,3
399.607594936709,347.101265822785,67.3815517022253,12,3
398.986842105263,348.75,74.9741932108282,27,3
398.897435897436,349.948717948718,78.9701947713482,20,3
398,352.166666666667,83.1989444362123,32,3
397.397590361446,353.78313253012,78.3208285701526,29,3
397.071428571429,354.619047619048,73.2029285055358,15,3
396.395348837209,356.302325581395,67.4151422850013,32,3
395.954545454545,357.113636363636,64.8297615179465,18,3
395.370786516854,358.775280898876,69.7281956420459,27,3
394.666666666667,360.753086419753,78.492688187576,34,3
394.296296296296,361.888888888889,80.5076806773911,20,3
393.810810810811,363.756756756757,82.316796361126,27,3
393.602564102564,364.358974358974,78.4283387652906,10,3
393.047619047619,365.761904761905,72.5901953270793,26,3
392.337209302326,367.337209302326,66.505845381343,30,3
392.195402298851,368.287356321839,67.9681156577685,17,3
391.5,369.772727272727,72.6285711575361,25,3
391.306818181818,370.386363636364,76.7612454561805,10,3
390.5,372.3625,80.7943809726417,34,3
390.096385542169,373.879518072289,81.1743304477408,21,3
389.679012345679,374.975308641975,76.6153297422096,18,3
389.088607594937,376.670886075949,68.356256836089,30,3
388.772151898734,377.367088607595,66.8462177729421,16,3
387.8,379.075,62.948928836548,31,3
387.050632911392,380.632911392405,68.874530049119,27,3
386.794520547945,381.164383561644,71.6800000499432,12,3
386.12676056338,383.323943661972,80.5789229448605,30,3
385.835616438356,384.232876712329,82.5781476768979,16,3
385.36,385.76,79.3596200358026,26,3
384.294871794872,387.641025641026,71.0165062649446,33,3
383.986842105263,388.552631578947,67.9836749160426,16,3
383.219178082192,389.534246575342,64.6762250157353,23,3
382.786666666667,390.68,68.3390945652956,22,3
382.246376811594,392.405797101449,76.0080959255634,26,3
381.560606060606,394.151515151515,81.6450516000499,25,3
381.176470588235,395.397058823529,77.9805417622401,16,3
380.657534246575,396.547945205479,76.8897893257134,21,3
380.447368421053,397.078947368421,75.9913992241368,11,3
379.682352941176,398.694117647059,71.1932621164366,31,3
379.082352941176,399.870588235294,65.3141001929651,32,3
378.915662650602,400.240963855422,66.9047549681442,10,3
378.682352941176,400.188235294118,65.4310937040241,16,3
378.158536585366,400.451219512195,66.3665866414557,13,3
377.189873417722,400.974683544304,64.0190475418385,27,3
376.758620689655,401.689655172414,57.5287585720476,20,3
376.547368421053,401.431578947368,54.5873052962235,12,3
376.073684210526,401.442105263158,48.4755021349971,20,3
375.84693877551,401.367346938775,45.3815752851151,11,3
375,402,38.1708571064401,31,3
373.666666666667,402.252873563218,32.4148454838149,32,3
373.190476190476,402.47619047619,32.2849343657208,11,3
372.224719101124,402.786516853933,32.9278577108434,21,3
372.084210526316,402.736842105263,30.5510500981852,12,3
371.319587628866,402.773195876289,23.1185641458294,20,3
370.228260869565,403.25,14.9084758995226,27,3
369.677777777778,403.277777777778,12.6844044454847,14,3
368.369047619048,403.619047619048,6.15326355735372,24,3
367.588235294118,403.788235294118,6.28926673561735,11,3
367.076086956522,403.652173913043,5.5364000856425,17,3
365.127906976744,403.43023255814,10.9252204674787,28,3
364.681818181818,403.420454545455,12.4497955221626,8,3
363.52688172043,403.333333333333,10.8654938771523,19,3
363.031578947368,403.389473684211,8.58164779582903,10,3
NaN,NaN,NaN,95,3
434.536082474227,275.556701030928,45.6566629168485,NaN,4
434.479591836735,275.561224489796,45.1828652298488,1,4
434.45,275.66,45.4452656275424,4,4
434.707070707071,275.525252525253,45.9873320095183,7,4
434.58,275.71,45.129661080738,5,4
434.673267326733,275.613861386139,45.1445067144319,3,4
434.782178217822,275.594059405941,45.0453745072801,2,4
434.862745098039,275.529411764706,44.7174284858796,1,4
434.80198019802,275.564356435644,45.0669206319768,1,4
434.831683168317,275.584158415842,44.4215419888275,2,4
434.72,275.73,44.1161540834806,3,4
434.81,275.82,44.6721948860877,4,4
434.85,275.84,43.8180736872803,4,4
434.872549019608,275.852941176471,43.5975578991071,6,4
435.029411764706,275.794117647059,43.9100435075125,4,4
434.854368932039,275.932038834951,43.2328065691312,7,4
434.730769230769,276.076923076923,43.9026306562045,7,4
434.853211009174,275.889908256881,43.1095754720412,5,4
435.074074074074,275.981481481481,35.7900484016959,19,4
435.207207207207,275.972972972973,34.9176174051433,3,4
435.633928571429,275.571428571429,34.4260468962888,17,4
435.285714285714,274.790476190476,70.6091536361946,49,4
435.087378640777,274.805825242718,83.6706424295474,12,4
435.209523809524,275.114285714286,-84.7894831448081,32,4
435.040816326531,275.663265306122,-78.1438664209094,19,4
435.193181818182,277.75,-76.0067445279383,32,4
435.422222222222,279.255555555556,-89.095224573739,28,4
435.622222222222,280.322222222222,88.920566791486,20,4
435.965517241379,282.287356321839,-84.357562907066,33,4
436.209302325581,282.802325581395,-78.972321959228,13,4
436.73,284.1,-68.5477555198979,32,4
437.548076923077,285.663461538462,-63.3824129990307,40,4
438.37037037037,287.444444444444,-70.2318095056073,29,4
438.678571428571,288.904761904762,-81.7524594653455,25,4
439.091954022988,290.367816091954,84.1640756879693,25,4
439.195652173913,291.815217391304,84.5602749985541,25,4
439.162790697674,293.813953488372,-89.635178941488,30,4
439.227272727273,294.659090909091,-83.3599988348241,18,4
439.408602150538,296.440860215054,-78.5006305796789,33,4
439.542553191489,297.776595744681,-78.6435953753143,23,4
439.593023255814,299.604651162791,-85.5125716059446,26,4
439.43956043956,301.472527472527,84.4477901052941,33,4
439.38202247191,302.449438202247,81.9152682400778,18,4
439.348314606742,304.494382022472,82.7709145251481,32,4
439.363636363636,305.295454545455,83.9871697996129,13,4
439.034090909091,307.420454545455,-85.14164926047,30,4
438.929411764706,309.247058823529,-87.8569311562947,27,4
438.705882352941,310.447058823529,86.6067150084813,18,4
438.433333333333,311.777777777778,81.9954765917163,23,4
438.344827586207,312.988505747126,77.2316798315435,21,4
438.172413793103,314.563218390805,77.0602757670672,26,4
437.954545454545,316.545454545455,86.9939622854684,33,4
437.746835443038,317.367088607595,-83.823935247469,15,4
437.886075949367,319.481012658228,-72.7682385019597,30,4
437.977011494253,320.689655172414,-74.0068772116742,26,4
438.141176470588,322.658823529412,-79.3698749144881,34,4
438.139534883721,324.953488372093,-89.8159226067697,35,4
438.157894736842,325.486842105263,86.6474419070528,14,4
438.329411764706,328.188235294118,-88.2360726177917,37,4
438.235294117647,328.823529411765,-86.9171104592081,14,4
438.233333333333,330.4,-76.6875920827929,25,4
438.577777777778,332.244444444444,-74.3741670075574,28,4
438.564705882353,332.941176470588,-76.3937934333557,13,4
438.837209302326,334.953488372093,-85.3568123101991,27,4
438.906976744186,336.151162790698,-89.3056491111034,20,4
439.139534883721,338.43023255814,82.7811137445657,30,4
438.966292134831,340.033707865169,88.9699643912112,29,4
438.977272727273,340.829545454545,-87.6025596389463,17,4
438.97619047619,342.833333333333,-77.939540940667,30,4
439.033707865169,343.921348314607,-76.3056953655661,17,4
439.055555555556,345.933333333333,-83.0852240005371,33,4
438.910112359551,347.831460674157,86.2361116861556,31,4
439,349.158536585366,78.3779407386513,17,4
438.439024390244,351.170731707317,79.4061156180621,34,4
438.337209302326,351.848837209302,83.7905052028607,10,4
438.060975609756,353.609756097561,-89.0215907121194,28,4
437.814814814815,356.296296296296,-85.858583722649,35,4
437.619047619048,356.690476190476,-88.2924456973555,15,4
437.270588235294,358.788235294118,82.6461787659282,33,4
437.011764705882,359.470588235294,78.3864570786417,20,4
436.611764705882,361.282352941176,74.6597629387212,30,4
436.121951219512,363.463414634146,80.7236433137705,33,4
435.988372093023,364.383720930233,84.6712911933136,16,4
435.650602409639,366.373493975904,-83.7424835315693,31,4
435.397590361446,367.21686746988,-82.5303757999116,22,4
435.05,369.4,88.3187751208374,33,4
434.47619047619,370.619047619048,82.4696943276217,28,4
434.417721518987,371.025316455696,77.9751463385026,15,4
433.756756756757,373.972972972973,79.8872507514285,41,4
433.53164556962,374.772151898734,79.4400661247218,13,4
433.148648648649,376.648648648649,-86.505833422705,29,4
432.851351351351,378.864864864865,-83.3713126048307,32,4
432.735294117647,379.676470588235,-85.8695590228808,14,4
432.463768115942,381.63768115942,83.2308759408175,27,4
432.140845070423,382.718309859155,80.0219201723924,20,4
431.733333333333,384.533333333333,75.822519107338,32,4
431.493333333333,386.146666666667,80.7142830844756,26,4
431.149253731343,387.477611940299,88.5672055153504,18,4
431.112676056338,389.295774647887,-86.1272314967607,28,4
430.958904109589,390.13698630137,-84.2358789919362,16,4
430.952380952381,392.809523809524,89.6160030290269,34,4
430.719298245614,395.228070175439,78.0164671293662,28,4
430.619047619048,395.52380952381,80.3742187254768,14,4
430.442857142857,396.685714285714,85.409765570085,27,4
430.514705882353,397.279411764706,87.6707149704883,10,4
430.547945205479,399,-83.8563770466815,29,4
430.602739726027,400.547945205479,-79.9880860713271,22,4
430.611111111111,400.763888888889,-78.9968502787958,9,4
430.666666666667,400.733333333333,-76.0471297632331,13,4
430.684210526316,401.013157894737,-75.8352526930617,9,4
431.197183098592,401.929577464789,-74.3097090488225,17,4
431.09756097561,401.365853658537,-74.1373400956907,13,4
431.219512195122,401.524390243902,-71.2508723154538,16,4
431.650602409639,401.807228915663,-66.0891922089877,17,4
431.8,401.75,-65.9719522844593,7,4
431.853333333333,401.826666666667,-64.3440851410595,17,4
432.628571428571,402.428571428571,-77.2727335971581,21,4
432.520547945205,402.123287671233,-75.6857993740503,7,4
432.5,402.256756756757,-73.0875645352355,13,4
432.532467532468,401.688311688312,-68.4212336705061,15,4
433.333333333333,402.064102564103,-62.779324741401,29,4
433.880952380952,402.130952380952,-55.472174769841,24,4
433.8125,402.0875,-53.6356540056581,16,4
435.014925373134,403.074626865672,-55.5906574058138,23,4
435.3125,403.203125,-58.8331384052472,7,4
435.220779220779,402.415584415584,-62.6093643721994,13,4
435.45,402.3125,-63.030318341524,13,4
435.743902439024,402.365853658537,-58.4798229356318,14,4
436.141176470588,402.529411764706,-51.4360999829198,17,4
