434.454545454545,272.515151515152,-45.0999937910959,NaN,1
434.251497005988,272.40119760479,-44.4807831449129,8,1
434.057471264368,272.005747126437,-44.755588389615,13,1
434.163742690058,272.105263157895,-44.8612057097285,7,1
434.305882352941,272.405882352941,-44.5659169370762,17,1
434.135593220339,272.333333333333,-47.6737872910242,63,1
434.368715083799,272.871508379888,-55.7172209914559,30,1
435.264900662252,274.854304635762,-61.5751421299311,66,1
436.116666666667,277.2,-58.7025083732703,65,1
440.305084745763,282.508474576271,-52.9109424151615,135,1
443.725714285714,285.794285714286,-36.1906841874319,112,1
445.474285714286,286.897142857143,-35.8468242134695,56,1
448.329479768786,288.335260115607,-39.7875342440865,94,1
449.96511627907,289.436046511628,-50.1759211993598,49,1
452.222891566265,291.289156626506,-62.8057067029263,82,1
453.771084337349,293.060240963855,-81.8513389480403,66,1
454.096385542169,293.831325301205,87.1290069587955,30,1
454.415662650602,295.343373493976,72.9930996997187,46,1
454.375757575758,295.884848484848,70.7878292208508,19,1
453.705521472393,296.822085889571,69.6327964970366,42,1
452.801242236025,298.32298136646,69.3576233474174,50,1
452.358024691358,299.037037037037,70.0379965176643,27,1
451.873417721519,300.03164556962,72.7297972509672,38,1
451.868421052632,300.789473684211,71.5082294852349,28,1
451.25,302.032894736842,73.2427103861951,36,1
450.401408450704,303.859154929577,79.505485530442,44,1
450.241379310345,304.213793103448,77.9123465603897,17,1
449.776223776224,304.874125874126,76.5699784151112,22,1
449.356164383562,305.808219178082,74.3902735604028,23,1
449.072368421053,306.986842105263,72.7566493865332,26,1
448.594936708861,307.962025316456,69.8761326458718,34,1
448.320987654321,308.660493827161,70.6723598980578,22,1
448.154838709677,309.574193548387,68.7744598501198,29,1
447.905660377359,310.182389937107,69.6441574691681,16,1
447.534161490683,311.496894409938,73.3171734762362,36,1
447.140127388535,313.235668789809,77.650200838467,36,1
446.843137254902,313.928104575163,79.5832550631216,14,1
446.25,316.125,81.0859335324689,43,1
446.053333333333,316.46,79.5769697908137,16,1
445.854304635762,317.192052980132,78.7214198874993,23,1
445.377358490566,318.440251572327,75.521718519001,32,1
445.3625,319.15625,74.6369009646721,19,1
445.085526315789,320.25,70.4198529935773,24,1
444.736842105263,321.151315789474,69.6702894623516,24,1
444.55900621118,322.409937888199,72.9271033516093,27,1
444.341614906832,323.583850931677,73.348762408402,34,1
444.223684210526,324.125,74.3246495142306,21,1
443.530201342282,326.275167785235,79.0659094753859,41,1
443.403973509934,327.006622516556,80.3795272688798,18,1
442.993243243243,328.060810810811,78.3560097839044,29,1
442.542483660131,329.732026143791,75.2488118974388,31,1
442.385620915033,330.281045751634,74.3357956629907,22,1
442.091503267974,331.777777777778,70.4231667827441,32,1
441.954248366013,332.241830065359,69.1254399296827,12,1
441.670886075949,333.550632911392,66.6972646378901,37,1
441.48717948718,334.480769230769,67.6575183824462,26,1
441.179487179487,335.211538461538,69.753088429749,22,1
440.545454545455,337.422077922078,74.4997056636536,42,1
440.328947368421,338.006578947368,74.5648272553005,22,1
439.857142857143,339.802721088435,77.3925960375087,35,1
439.18,341.18,75.3957661823319,31,1
438.921568627451,341.797385620915,73.7922344721965,21,1
438.575163398693,342.843137254902,69.7044326984105,28,1
438.301886792453,343.446540880503,68.7793474481978,26,1
438,344.814102564103,65.0688829592554,29,1
437.58125,346.275,65.6494884087676,30,1
437.217948717949,347.25641025641,66.7305518953556,22,1
436.7,348.413333333333,69.0007254337918,28,1
436.519480519481,349.266233766234,71.099347633146,22,1
435.815068493151,351.232876712329,74.8466131986113,40,1
435.070921985816,353.085106382979,76.6628806960415,43,1
434.841379310345,353.944827586207,76.1028118015171,22,1
434.335616438356,355.054794520548,69.7332849242795,33,1
434.219178082192,355.883561643836,69.55008600622,22,1
433.73717948718,356.967948717949,67.9469111365657,32,1
433.243421052632,358.388157894737,65.6909327046037,34,1
433.139240506329,358.96835443038,66.2638257073117,20,1
432.607843137255,360.601307189542,66.8598779747369,41,1
432.296774193548,361.296774193548,67.792610061374,30,1
431.959459459459,362.871621621622,71.4090904683546,33,1
431.101351351351,364.72972972973,74.5363554383891,36,1
430.648648648649,365.885135135135,73.9701892178258,26,1
430.131034482759,366.931034482759,73.5934972993031,27,1
429.823129251701,367.809523809524,71.9827242879565,22,1
429.409395973154,369.174496644295,69.8570005989552,30,1
428.986842105263,370.585526315789,66.1603460059285,35,1
428.697986577181,371.442953020134,65.9890838218756,19,1
428.164383561644,372.972602739726,67.9202014972559,37,1
427.985815602837,373.836879432624,69.7051892633345,19,1
427.695945945946,375.101351351351,73.3354847700707,29,1
427.076388888889,376.888888888889,75.2349561705427,36,1
426.691780821918,377.876712328767,76.737590300918,24,1
426.115384615385,379.653846153846,74.742117335102,40,1
425.848484848485,380.333333333333,72.8980530989146,18,1
425.260273972603,381.534246575342,69.9842783448194,30,1
424.72602739726,382.691780821918,67.815597485087,32,1
424.326241134752,383.971631205674,62.365385343705,27,1
423.857142857143,384.9,61.0763309147218,31,1
423.638888888889,385.75,62.0293998257918,24,1
423.237410071942,386.956834532374,64.7783363566216,27,1
422.70802919708,388.335766423358,66.5540911165034,34,1
422.198473282443,389.458015267176,68.3778243429016,22,1
421.383333333333,391.558333333333,70.9921468577411,37,1
421.04132231405,392.404958677686,71.5537904582261,19,1
420.429752066116,393.338842975207,67.5263946100208,28,1
419.824427480916,394.442748091603,64.7553823663624,32,1
419.5,395.428571428571,60.0495044242419,19,1
418.904,396.768,59.7513495698444,41,1
418.834710743802,397.214876033058,61.3462683971478,14,1
418.414634146341,398.292682926829,62.2823363612825,34,1
417.247787610619,400.398230088496,66.0818882881169,40,1
416.765306122449,401.561224489796,67.5584262261222,23,1
415.612903225806,404.236559139785,71.486156325882,39,1
415.663265306122,404.275510204082,70.3640894227238,13,1
414.959183673469,404.908163265306,61.3366204186317,24,1
414.561224489796,404.938775510204,61.1639755676122,26,1
413.827956989247,406.086021505376,45.0845450711251,23,1
413.147058823529,406.392156862745,38.838968023451,21,1
412.69696969697,406.525252525253,36.9712030876631,13,1
412.320388349515,406.446601941748,35.7660038315207,14,1
411.757009345794,406.392523364486,33.2300879467472,20,1
411.660377358491,406.415094339623,32.8717117888446,7,1
411.264150943396,406.415094339623,32.1006990872845,16,1
410.768518518519,406.518518518519,30.8137033965708,12,1
410.019047619048,406.619047619048,30.3447882461115,15,1
409.462264150943,406.679245283019,29.881601267141,11,1
408.960784313725,406.843137254902,28.6624738913617,14,1
408.121212121212,406.737373737374,22.1086488267328,27,1
408,406.666666666667,18.8088054747952,13,1
407.52,406.79,14.1498702581228,18,1
407.019230769231,406.615384615385,12.6393980643544,20,1
NaN,NaN,NaN,104,1
443.025641025641,249.538461538462,-88.9112776461029,NaN,2
443.02614379085,249.601307189542,-89.2920868076333,9,2
443.024844720497,250.180124223602,-88.8916165659487,10,2
443.018181818182,250.430303030303,-88.4461699953009,6,2
443.203296703297,251.587912087912,-87.8033287653727,33,2
443.242268041237,251.969072164948,-88.1983842204058,34,2
442.951219512195,248.634146341463,57.5263651065886,91,2
443.665198237885,250.801762114537,73.8305244527277,126,2
445.045161290323,246.78064516129,29.6158933334883,66,2
447.016483516484,245.318681318681,43.4557482008374,135,2
447.019138755981,245.626794258373,48.6353127622785,73,2
449.515306122449,243.438775510204,56.0531759658821,123,2
452.910714285714,238.083333333333,43.5837682183597,104,2
453.527472527473,237.472527472527,38.4920949698642,40,2
455.254143646409,235.46408839779,15.9946909643248,91,2
455.961325966851,235.005524861878,12.6078315053741,42,2
458.28125,234.3125,2.28317732761585,69,2
460.496551724138,234.193103448276,-2.99008446944427,53,2
461.167701863354,234.16149068323,-2.92259956561256,24,2
462.558139534884,234.418604651163,-1.58144713003375,45,2
463.556756756757,234.92972972973,-0.178832694922327,37,2
465.627906976744,234.982558139535,6.42719948500674,55,2
467.191860465116,234.825581395349,4.63345059376143,58,2
468.487804878049,234.707317073171,9.98704124438964,46,2
469.872727272727,234.866666666667,7.51160392603172,57,2
470.657894736842,235.118421052632,6.31800665830685,39,2
471.817073170732,235.34756097561,-0.680842510210522,52,2
472.846153846154,235.241758241758,-5.23568834295936,38,2
474.105882352941,235.252941176471,-7.81943026914569,34,2
476.213414634146,235.780487804878,-9.9297112975591,46,2
477.389937106918,236.213836477987,-8.71128725103059,37,2
479.386904761905,236.470238095238,-7.11026499104523,45,2
481.652694610778,236.413173652695,-2.47769766720452,57,2
483.406976744186,236.354651162791,-1.14796529681805,47,2
485.239766081871,236.473684210526,-0.671139084205665,53,2
486.31843575419,236.458100558659,-7.36206943438424,36,2
488.138554216867,236.921686746988,-13.2659109193917,47,2
489.604938271605,237.197530864198,-17.5302352743747,44,2
490.680981595092,237.263803680982,-20.9034746244449,29,2
492.543859649123,237.865497076023,-18.1022729845115,46,2
493.380681818182,238.005681818182,-18.1953217296944,25,2
495.508571428571,238.685714285714,-16.1379805891821,57,2
497.584795321637,239.12865497076,-10.8061070341468,58,2
498.892857142857,239.494047619048,-11.2235599013579,37,2
500.71686746988,239.55421686747,-10.3385119895394,54,2
502.05487804878,239.762195121951,-9.70000858919239,32,2
503.928143712575,240.14371257485,-12.4751663001085,43,2
505.789156626506,240.590361445783,-18.1459228036979,51,2
506.552941176471,240.770588235294,-18.3464898299993,24,2
508.457831325301,241.144578313253,-19.7031351040929,50,2
509.148571428571,241.297142857143,-19.6855564127408,27,2
511.321637426901,241.865497076023,-16.790457139398,56,2
512.910994764398,242.078534031414,-12.0317462344547,50,2
514.07650273224,242.245901639344,-10.9133841939726,34,2
516.320652173913,242.527173913043,-9.14529572143299,53,2
516.956756756757,242.762162162162,-10.8783939772368,29,2
519.296089385475,243.173184357542,-18.8764588794068,50,2
520.925714285714,243.714285714286,-23.608335701265,52,2
522.179012345679,244.407407407407,-26.5076756885249,43,2
523.974358974359,245.102564102564,-25.431739295186,44,2
524.874251497006,245.245508982036,-26.2587321014936,25,2
527.072289156627,246.012048192771,-23.9744044077543,49,2
528.775147928994,246.715976331361,-20.4854586914147,41,2
529.821428571429,247.172619047619,-18.5060546449891,25,2
531.704819277108,247.55421686747,-16.7851753542963,48,2
532.502923976608,247.976608187135,-16.2273844762408,29,2
534.975460122699,248.699386503067,-19.1476223787539,50,2
536.428571428571,249.154285714286,-23.427249006254,42,2
537.381818181818,249.993939393939,-25.4671671438567,34,2
539.430303030303,250.624242424242,-29.1219010121691,52,2
540.183431952663,250.798816568047,-27.753481438155,22,2
542.029411764706,251.747058823529,-25.7720086950286,45,2
543.676136363636,252.318181818182,-20.3693636055673,42,2
544.785714285714,252.730769230769,-19.3122642625536,28,2
546.994117647059,253.488235294118,-14.8538873045498,56,2
547.870056497175,253.757062146893,-15.5584388986662,29,2
550.057471264368,254.298850574713,-20.6331918436982,51,2
551.615384615385,255.082840236686,-27.5249085771182,47,2
552.909638554217,255.813253012048,-34.3405550206555,41,2
554.426829268293,256.634146341463,-31.6289236823806,44,2
555.519553072626,257,-33.1994659755487,33,2
557.220338983051,257.90395480226,-30.9105911600115,44,2
559.257142857143,258.994285714286,-24.1815130335905,52,2
560.333333333333,259.587878787879,-20.9442844610887,32,2
562.363636363636,260.454545454545,-21.527828792345,57,2
563.022988505747,260.752873563218,-20.4650072275272,24,2
565.314285714286,261.56,-25.1982739977681,57,2
566.834355828221,262.588957055215,-27.6661201761993,50,2
567.621301775148,263.082840236686,-28.8298793820674,34,2
569.722543352601,264.150289017341,-32.7334798062051,46,2
570.591715976331,264.556213017751,-31.8328307931993,22,2
572.165714285714,265.388571428571,-29.6783123899229,38,2
573.906432748538,266.27485380117,-23.2696893118122,50,2
575.260115606936,266.838150289017,-21.9266425748366,34,2
577.098837209302,267.127906976744,-17.3899110520153,57,2
578.038461538462,267.642857142857,-19.1528238423475,36,2
580.40625,268.6875,-19.6610792065186,64,2
581.936708860759,269.613924050633,-26.9333802709739,48,2
583.182926829268,269.969512195122,-30.9314964771585,34,2
584.900621118012,270.534161490683,-33.6786025557759,39,2
585.963414634146,271.274390243902,-33.0512173605146,35,2
587.591463414634,272.158536585366,-28.7249051426027,40,2
589.232142857143,273.071428571429,-25.341219920714,44,2
590.386503067485,273.527607361963,-21.5772483252445,23,2
592.180790960452,274.497175141243,-24.163522220177,62,2
593.258241758242,274.851648351648,-22.6227890790182,33,2
595.089285714286,276.255952380952,-28.1543108113771,56,2
596.3,277.105882352941,-33.9386142238879,38,2
597.411042944785,277.601226993865,-37.3078109134922,31,2
598.805882352941,278.458823529412,-39.8142941672143,43,2
599.627906976744,278.796511627907,-40.0194060413397,28,2
601.376470588235,280.070588235294,-37.4919668416041,52,2
602.874285714286,281.154285714286,-34.3291720131186,43,2
604.136363636364,282.0625,-32.0035245873627,33,2
605.90625,283.13125,-25.4704203523906,50,2
606.650602409639,283.867469879518,-28.2957689792937,32,2
608.076023391813,285.029239766082,-29.1694939484265,45,2
609.754491017964,286.167664670659,-33.9899061770452,48,2
610.537572254335,286.468208092486,-40.2616552434347,34,2
612.361445783133,287.542168674699,-41.4153367481414,45,2
613.102409638554,288.204819277108,-43.0906371086644,28,2
614.280487804878,289.19512195122,-39.6853326433506,40,2
615.831395348837,290.43023255814,-35.806702493015,44,2
616.325581395349,290.552325581395,-33.8099129368434,20,2
618.331428571429,292.262857142857,-29.8098234715854,61,2
618.849162011173,292.581005586592,-28.9301616991383,18,2
620.316666666667,293.788888888889,-30.3003177917266,47,2
621.354651162791,294.78488372093,-33.8147278799523,40,2
622.381818181818,295.315151515152,-36.6056867626339,31,2
623.927272727273,296.557575757576,-41.3163048404831,42,2
624.345238095238,296.958333333333,-42.9366352168512,23,2
626.107954545455,298.1875,-42.2818971853674,42,2
627.333333333333,299.198830409357,-40.5712576428617,37,2
628.247126436782,299.988505747126,-38.1831969521495,31,2
629.179190751445,300.468208092486,-33.906437201414,35,2
630.344444444444,301.461111111111,-33.954442842591,33,2
631.486033519553,302.648044692737,-33.4737417607679,39,2
633.104651162791,304.209302325581,-36.5839903850696,55,2
633.45251396648,304.715083798883,-39.7476405279754,27,2
634.89880952381,306.005952380952,-44.5548244664665,49,2
635.638036809816,306.282208588957,-47.4440661352961,29,2
637.267080745342,307.652173913043,-50.3483732872653,42,2
638.503067484663,309.177914110429,-50.7184317134533,40,2
639.125748502994,309.77245508982,-46.4433389933541,28,2
640.274725274725,310.818681318681,-44.906213495789,39,2
640.703910614525,311.374301675978,-43.3765833026367,21,2
641.988372093023,312.866279069767,-37.9809266751244,49,2
643.395061728395,314.382716049383,-38.5892061272732,50,2
632,306,0,27,2
644.928571428571,316.160714285714,-43.6934707512299,37,2
645.693251533742,316.736196319018,-45.9692357064842,25,2
646.90243902439,318.170731707317,-52.8324822987182,43,2
647.935294117647,319.164705882353,-54.9584381088219,40,2
648.482142857143,319.833333333333,-54.1744582048338,26,2
649.680722891566,321.21686746988,-51.8153415889214,42,2
650.158536585366,321.670731707317,-51.2998315973813,20,2
651.126436781609,322.787356321839,-48.1278730653934,40,2
652.039548022599,323.966101694915,-45.3504904975679,39,2
652.622857142857,324.662857142857,-44.5781099366019,24,2
654.060975609756,326.621951219512,-44.4114094432661,49,2
654.220238095238,326.85119047619,-44.710368144499,28,2
655.609467455621,328.461538461538,-50.0382401596287,47,2
656.372093023256,329.075581395349,-51.4785574051231,37,2
656.895348837209,329.889534883721,-52.4662121077062,28,2
658.166666666667,331.197530864198,-55.5149992296833,44,2
658.650602409639,331.879518072289,-56.4797229942981,22,2
659.90243902439,333.207317073171,-53.6787082082513,38,2
660.622754491018,334.071856287425,-49.5790284326008,39,2
661.325443786982,334.846153846154,-47.7487622649805,26,2
661.970930232558,336.075581395349,-45.192594537525,39,2
662.367816091954,336.551724137931,-44.1013902598362,22,2
663.619883040936,338.099415204678,-45.1664997296549,43,2
664.254237288136,338.926553672316,-46.9367774467098,34,2
665.307228915663,340.024096385542,-51.3892335359196,33,2
666.075581395349,340.831395348837,-54.4900580721583,30,2
666.562130177515,341.526627218935,-55.8024259951418,31,2
667.878048780488,342.859756097561,-55.5190317592919,41,2
668.871165644172,343.901840490798,-53.7475669692803,27,2
669.509316770186,344.732919254658,-52.1541910705986,26,2
670.344370860927,345.801324503311,-47.1213550339875,34,2
671.09375,346.70625,-48.6635106487793,29,2
672.051282051282,348.057692307692,-45.8468142973592,42,2
672.841772151899,349.417721518987,-45.799051568092,34,2
673.422077922078,350.12987012987,-48.1553557296131,26,2
674.588235294118,351.483660130719,-55.4758061697087,39,2
674.993464052288,351.960784313725,-59.4773828730433,20,2
676.333333333333,353.694444444444,-67.4663128584157,43,2
676.986577181208,355.03355704698,-67.1494596430003,31,2
677.456953642384,355.721854304636,-64.8368490465093,18,2
678.033783783784,357.081081081081,-63.1523340986151,29,2
678.398692810458,357.830065359477,-60.8225085621777,19,2
679.08904109589,358.993150684931,-57.014722930372,31,2
679.826666666667,360.366666666667,-56.5137295740397,30,2
680.283687943262,361.148936170213,-54.1021127101507,21,2
680.884353741497,362.489795918367,-56.5781156704698,38,2
680.876712328767,362.849315068493,-57.3024835479262,17,2
681.806666666667,364.166666666667,-58.9820899459328,32,2
682.689873417722,365.462025316456,-62.492642135109,36,2
683.3375,366.1875,-64.4801623364425,24,2
684.311377245509,367.37125748503,-61.3021683365753,35,2
684.71511627907,367.755813953488,-61.5009048426451,25,2
685.491525423729,368.943502824859,-58.9431259329811,31,2
685.71978021978,369.703296703297,-59.828133145715,27,2
685.896739130435,370.097826086957,-58.7750249406487,26,2
686.172413793103,370.925287356322,-57.1670196177682,28,2
686.428571428571,371.834285714286,-58.4679410282303,25,2
686.644970414201,373.041420118343,-60.7606816882864,36,2
686.866279069767,374.005813953488,-65.5446859471002,23,2
687.149700598802,374.682634730539,-67.4686707804445,17,2
687.502923976608,376.005847953216,-75.3433420882641,32,2
687.505747126437,376.32183908046,-77.523819440858,19,2
687.664804469274,377.234636871508,-82.6082220186945,21,2
687.951612903226,378.247311827957,-87.5310779901608,23,2
688,378.616216216216,-87.9551705252077,19,2
688.027027027027,379.335135135135,-88.7801395316555,24,2
688.010810810811,379.886486486486,88.527303320657,16,2
688.236263736264,380.626373626374,88.3145353112324,25,2
688.032085561497,381.577540106952,85.8232244812148,27,2
688.047872340426,381.856382978723,85.3738280351096,15,2
688.112244897959,382.760204081633,86.0796729912548,20,2
688.113402061856,382.989690721649,86.0672786088597,12,2
688.035714285714,383.622448979592,86.2694770645199,18,2
688.125628140703,384.110552763819,87.2539403241148,19,2
688.169154228856,384.44776119403,87.1071734574451,12,2
687.985148514852,385.287128712871,86.0693014489983,25,2
688.019801980198,385.59900990099,86.0197854943895,16,2
688.086294416244,385.817258883249,86.9503830755193,15,2
687.990099009901,386.252475247525,86.2139347976759,15,2
687.899497487437,386.753768844221,85.0346062137937,17,2
687.717171717172,387.449494949495,85.2696650439573,19,2
687.550505050505,387.681818181818,84.1150376015887,14,2
687.253807106599,388.324873096447,81.7499370899262,17,2
686.959798994975,389.065326633166,76.2532627501557,24,2
686.811881188119,389.321782178218,72.243994245174,9,2
686.524752475248,390.222772277228,64.9184367503183,26,2
686.419191919192,390.424242424242,61.223037802687,12,2
685.94387755102,391.474489795918,53.8881317968427,36,2
685.544554455446,392.163366336634,51.5588939957017,22,2
685.526829268293,392.521951219512,52.8598474245302,13,2
684.912195121951,393.49756097561,57.4721882740699,36,2
684.554502369668,393.919431279621,58.4092878854419,22,2
683.955665024631,394.724137931034,64.0227580415948,40,2
683.197802197802,395.785714285714,67.8680384788588,45,2
682.587209302326,396.296511627907,68.54525395963,24,2
681.981927710843,397.650602409639,70.0217297591761,40,2
681.788819875776,398.037267080745,69.4596555967991,13,2
681.245033112583,399.377483443709,67.3899064801286,30,2
680.619047619048,400.741496598639,60.166062552352,36,2
680.307142857143,401.6,53.4872360689143,19,2
679.8984375,402.46875,46.5655362603466,22,2
679.454545454545,402.931818181818,45.7390372392322,18,2
678.961538461538,403.369230769231,43.4735096083916,20,2
678.0703125,403.984375,40.2239393824467,30,2
677.768,404.224,39.2994973003319,11,2
676.881355932203,404.906779661017,37.1398123577789,21,2
676.256637168142,405.442477876106,37.0436666533717,11,2
NaN,NaN,NaN,113,2
423.715189873418,251.810126582278,71.9500641713474,NaN,3
423.660256410256,251.929487179487,72.0517875695996,12,3
423.662576687117,251.705521472393,72.1896150319622,9,3
423.7125,251.6875,72.2417904149942,3,3
423.628205128205,252.00641025641,72.5584115681292,8,3
423.584415584416,252.032467532468,72.7861754484316,6,3
423.605095541401,251.96178343949,73.4926248730211,7,3
423.591194968553,252.006289308176,73.1439582922273,4,3
423.582278481013,251.892405063291,72.8063835569554,3,3
423.614906832298,251.708074534161,73.0456682526524,5,3
423.525,251.78125,73.5073766399794,7,3
423.530120481928,251.584337349398,73.9574085186685,8,3
423.533742331288,251.644171779141,73.9023235354524,3,3
423.5125,251.68125,73.7804938315845,5,3
423.506172839506,251.567901234568,73.955456075925,8,3
423.521472392638,251.601226993865,73.9244670881626,5,3
423.525,251.69375,73.6700408688733,7,3
423.401234567901,251.765432098765,73.6859361118114,8,3
423.540372670807,251.55900621118,73.8568446417513,7,3
423.527272727273,251.490909090909,74.6769093378966,8,3
423.560975609756,251.414634146341,74.8884164749212,3,3
423.518292682927,251.530487804878,74.4472354628278,2,3
423.479041916168,251.437125748503,74.5417690071721,5,3
423.380116959064,251.479532163743,74.4569768552401,6,3
423.422619047619,251.434523809524,74.4781687785744,3,3
423.435294117647,251.305882352941,74.8431789606507,4,3
423.556886227545,251.155688622754,74.8928053803315,9,3
423.426900584795,251.345029239766,75.610802999935,12,3
423.376470588235,251.364705882353,75.4201048084784,3,3
423.485207100592,251.207100591716,74.4429026618568,7,3
423.416184971098,251.375722543353,75.3957203310753,8,3
423.382352941176,251.429411764706,75.8282398778366,3,3
423.40350877193,251.415204678363,75.0415074430383,7,3
423.458823529412,251.358823529412,75.5202618560897,7,3
423.311764705882,251.482352941176,75.7555577726519,12,3
423.423529411765,251.347058823529,75.029163580477,10,3
423.397660818713,251.473684210526,75.4246677524622,7,3
423.390532544379,251.278106508876,74.9903320313587,10,3
423.335365853659,251.451219512195,74.8651147617954,7,3
423.355029585799,251.526627218935,75.1021602512293,9,3
423.453488372093,251.354651162791,75.8455671751034,11,3
423.333333333333,251.386904761905,75.5274549878575,10,3
423.382352941176,251.2,75.7638670658603,12,3
423.351515151515,251.466666666667,75.6876385663039,13,3
423.603550295858,250.680473372781,76.1696942513079,30,3
423.8,249.983333333333,76.5527150512548,23,3
423.666666666667,250.836477987421,74.1723475317088,35,3
423.395209580838,251.335329341317,69.1871464565124,68,3
423.231707317073,251.829268292683,46.6987485719642,45,3
422.379888268156,252.486033519553,14.5222191286613,67,3
421.925531914894,252.627659574468,10.3731076360355,33,3
419.386503067485,252.687116564417,5.93974768275329,83,3
418.832369942197,252.421965317919,11.6879925750862,76,3
418.075581395349,252.877906976744,11.2727708266561,45,3
416.723163841808,252.090395480226,18.81492760557,63,3
416.291666666667,251.598958333333,26.6420189382872,37,3
414.989847715736,251.670050761421,35.5711942220425,49,3
413.482142857143,253.303571428571,34.7561238498067,75,3
413.292397660819,253.333333333333,34.1886932201306,23,3
411.855421686747,254.180722891566,38.3333551495492,39,3
411.177914110429,254.478527607362,39.9435438210612,17,3
410.316129032258,255.651612903226,32.3757711865174,38,3
410.398601398601,256.265734265734,34.7817980832012,54,3
409.865384615385,256.698717948718,34.2042445588109,25,3
408.909090909091,256.993939393939,27.5851468938828,47,3
408.455,257.125,27.449920645151,43,3
407.717821782178,257.638613861386,22.6776046796973,42,3
405.968421052632,258.789473684211,19.9832186006534,64,3
405.06043956044,259.208791208791,22.624449764164,32,3
404.106741573034,259.848314606742,25.9342403193201,40,3
403.029761904762,260.625,27.0391446348158,32,3
401.43125,261.65625,32.6366958727977,46,3
400.397590361446,262.475903614458,36.4656698659772,40,3
399.44512195122,262.939024390244,40.2447299650702,28,3
398.018867924528,263.77358490566,38.2125543446294,39,3
397.358974358974,264.192307692308,37.7869363979847,13,3
396.37037037037,264.79012345679,32.3002764438965,28,3
395.636904761905,265.077380952381,28.7266813328147,22,3
395.325581395349,265.203488372093,26.6358127645722,18,3
394.376404494382,265.533707865169,24.4268063072874,26,3
394.060109289618,265.650273224044,23.3374159459423,17,3
392.792134831461,266.337078651685,21.4783713188708,39,3
390.927710843374,267.006024096386,20.3608210523324,36,3
390.433734939759,267.156626506024,20.3371125374352,14,3
388.809523809524,267.869047619048,26.6840616017113,40,3
388.163636363636,268.145454545455,25.5542030976428,21,3
386.792682926829,268.670731707317,30.2806604822605,31,3
385.463414634146,269.414634146341,29.5762606509851,34,3
384.846625766871,269.766871165644,29.4748300697871,21,3
383.351515151515,270.375757575758,31.2422691070504,34,3
382.603658536585,270.676829268293,30.5536344680028,15,3
381.691860465116,271.029069767442,27.2438682846373,26,3
380.449101796407,271.652694610778,24.9020316412966,35,3
380.121387283237,271.751445086705,22.7400133915582,14,3
378.792134831461,272.365168539326,21.5529450014203,31,3
378.433333333333,272.405555555556,19.9318774644894,20,3
377.575268817204,272.704301075269,19.9993099318954,26,3
376.088888888889,273.294444444444,19.6236855228805,34,3
375.068571428571,273.691428571429,23.119688093879,23,3
373.692307692308,274.260355029586,27.0996814152459,34,3
373.176470588235,274.494117647059,26.6381243427287,22,3
372.125,274.940476190476,31.1861367837594,31,3
370.923976608187,275.549707602339,32.7426283048811,31,3
369.683544303797,276.145569620253,37.4186837656792,27,3
368.567073170732,276.475609756098,32.6370140919795,34,3
368.390243902439,276.719512195122,29.8392797595532,16,3
366.957055214724,277.625766871166,24.8841417217396,37,3
366.053571428571,277.952380952381,20.2151860504978,25,3
365.505813953488,278.127906976744,16.7306362809882,18,3
364.672131147541,278.48087431694,16.3109437475608,25,3
364.245901639344,278.540983606557,13.0706958029595,24,3
362.989189189189,278.989189189189,14.1005106274722,32,3
361.160220994475,279.491712707182,14.2521552908713,42,3
360.761111111111,279.561111111111,13.1457234073594,17,3
359.472826086957,280.114130434783,16.5137292843408,40,3
358.228571428571,280.337142857143,18.9170929862761,27,3
357.152542372881,280.632768361582,20.5902535560621,30,3
355.151515151515,281.266666666667,22.9429850014163,48,3
354.587878787879,281.484848484848,22.2329673555243,18,3
353.725714285714,281.782857142857,19.580266805172,38,3
352.733333333333,282.109090909091,15.6429666819859,28,3
351.994047619048,282.261904761905,10.4979422764478,31,3
350.611428571429,282.502857142857,5.14951276506859,35,3
350.109195402299,282.620689655172,3.9037782968737,15,3
348.668604651163,283.023255813953,-0.0632708890966921,44,3
347.623529411765,282.941176470588,0.619736605129553,28,3
346.132530120482,283.132530120482,-0.393385562037094,32,3
344.726744186047,283.093023255814,3.99268113199162,36,3
343.890804597701,283.275862068966,6.59425368282799,22,3
343.005714285714,283.354285714286,7.69322045804339,29,3
342.471264367816,283.459770114943,9.34817879219837,21,3
340.917647058824,283.452941176471,13.7634716964278,38,3
339.392857142857,283.696428571429,13.895584325752,34,3
338.6,283.945454545455,12.0724966348851,19,3
337.378698224852,284.082840236686,9.34777880149999,24,3
336.715976331361,284.248520710059,9.00712695575494,20,3
335.728323699422,284.271676300578,6.26113282660966,26,3
334.874285714286,284.348571428571,3.85239081667889,24,3
333.936781609195,284.5,2.66957044339536,19,3
332.594117647059,284.664705882353,1.33238973253854,28,3
331.705202312139,284.953757225434,2.90733181706962,25,3
330.538461538462,284.98224852071,4.68837898821431,28,3
329.151162790698,285.337209302326,8.93583379796308,31,3
328.658823529412,285.435294117647,10.638310883667,18,3
327.228070175439,285.643274853801,12.5872957611717,37,3
326.936781609195,285.649425287356,15.7649999099479,19,3
325.323529411765,286.041176470588,17.7542511631659,36,3
324.087209302326,286.261627906977,19.7453523870631,28,3
323.291666666667,286.446428571429,17.546562596659,20,3
322.694117647059,286.723529411765,17.2694848933976,24,3
321.952662721893,286.89349112426,15.0036848371367,21,3
321.080924855491,287.150289017341,15.4230140740929,24,3
320.01724137931,287.385057471264,12.5828354582637,29,3
319.517441860465,287.622093023256,12.3968312755002,18,3
318.402366863905,288.076923076923,13.5657329557577,27,3
317.541176470588,288.211764705882,13.7647952091977,17,3
316.384615384615,288.556213017751,19.4088746347793,31,3
315.145348837209,289.209302325581,23.1185914970145,31,3
314.754285714286,289.537142857143,26.5842388446864,15,3
313.965714285714,289.828571428571,29.894244997458,22,3
313.525714285714,289.931428571429,29.349565719667,16,3
312.167630057803,290.468208092486,34.1964331077216,38,3
311.129411764706,291.258823529412,34.5078361900259,27,3
310.578034682081,291.705202312139,34.5299660267992,21,3
309.511764705882,292.176470588235,31.9985476426505,31,3
308.909638554217,292.55421686747,29.2230180578028,22,3
308.122807017544,292.795321637427,26.5006410104037,19,3
307.251396648045,293.340782122905,23.1302142212569,30,3
306.779661016949,293.80790960452,22.8140680850947,18,3
306.032258064516,294.08064516129,21.3078281427189,21,3
305.597883597884,294.338624338624,20.8524973142916,19,3
304.693548387097,294.94623655914,18.228175323962,31,3
303.558011049724,295.408839779006,18.2675939006401,29,3
303.005617977528,295.724719101124,19.143184372723,13,3
301.988571428571,296.108571428571,21.3053401670189,31,3
301.630681818182,296.25,20.7570383084831,15,3
300.536723163842,296.762711864407,25.1790368496968,33,3
299.793296089385,297.162011173184,25.3351432462231,20,3
299.362162162162,297.594594594595,25.4404030415479,24,3
297.488636363636,298.238636363636,26.9406819956878,39,3
297.415300546448,298.327868852459,24.5505632259212,21,3
296.472222222222,298.672222222222,19.728704177182,29,3
295.567415730337,299.101123595506,14.4106441703567,28,3
294.936046511628,299.232558139535,11.0969399078777,20,3
294.153846153846,299.39010989011,5.04029371674503,36,3
293.681318681319,299.510989010989,3.34777531359162,18,3
292.527777777778,299.844444444444,-0.196730728074728,42,3
290.528735632184,300.034482758621,-0.956590289161934,46,3
289.584337349398,300.048192771084,0.993962034036141,22,3
288.832402234637,300.307262569832,6.79147002185469,37,3
288.416666666667,300.272222222222,10.6612275084234,19,3
287.548387096774,300.505376344086,12.9596120836302,24,3
285.994565217391,300.972826086957,19.8390347984829,44,3
285.229508196721,301.03825136612,24.9443851480279,27,3
284.027027027027,301.67027027027,23.6694967052807,38,3
283.423913043478,301.891304347826,23.7328638256601,27,3
282.362162162162,302.243243243243,23.355641798554,35,3
280.732240437158,302.945355191257,18.7241782145023,40,3
280.420765027322,303.114754098361,18.2294693035206,16,3
279.412087912088,303.516483516484,12.9523760389735,37,3
278.707446808511,303.893617021277,13.6911683412714,26,3
277.236842105263,304.463157894737,14.8410938536646,38,3
276.069518716578,305.069518716578,17.4006445630436,31,3
274.967567567568,305.405405405405,24.3096958634744,32,3
274.239361702128,305.675531914894,27.0395252649296,25,3
273.594594594595,306.032432432432,28.5963492960061,23,3
272.196721311475,306.573770491803,31.5843335247302,36,3
270.646408839779,307.309392265193,31.9097446553746,40,3
270.207446808511,307.691489361702,32.398307068308,23,3
269.24043715847,308.273224043716,30.678076074667,29,3
268.697802197802,308.538461538462,27.6713692096806,21,3
267.511235955056,309.11797752809,21.6540664206866,34,3
266.809523809524,309.677248677249,21.9103098306987,27,3
266.4,310.005128205128,21.8474209319444,20,3
265.383419689119,310.40932642487,20.3236101381573,28,3
264.865,310.76,20.2724535031948,27,3
262.977653631285,311.670391061453,25.1483543826139,43,3
261.597765363128,312.435754189944,33.2585345895851,36,3
261.2,312.877777777778,34.9850273137413,19,3
260.716577540107,313.032085561497,36.388532689906,29,3
259.785714285714,313.587912087912,41.628908108232,25,3
258.561797752809,314.337078651685,42.2460326110732,36,3
256.965714285714,315.788571428571,41.3916844937545,49,3
256.651428571429,315.971428571429,39.455883104784,12,3
255.963855421687,316.807228915663,34.4982082148341,31,3
255.451428571429,317.274285714286,34.3448723826103,23,3
254.878453038674,317.530386740331,31.901494897849,24,3
253.861878453039,318.348066298343,28.8946192719746,34,3
253.564245810056,318.603351955307,26.9158197585226,16,3
252.630208333333,319.432291666667,27.9527910402006,35,3
251.953367875648,319.870466321243,29.0030321487271,21,3
250.596685082873,320.723756906077,33.7823496880085,40,3
249.758064516129,321.123655913978,36.3354685652572,27,3
249.389189189189,321.464864864865,38.1446241047835,19,3
247.907103825137,322.502732240437,41.9704473797874,42,3
247.233333333333,322.972222222222,44.228097860942,27,3
246.562841530055,323.360655737705,42.7509874872796,25,3
245.422222222222,324.438888888889,41.3917812155718,35,3
245.038674033149,325.016574585635,40.7305436694717,19,3
244.119565217391,325.559782608696,37.5774909012487,25,3
243.872928176796,325.861878453039,36.0775638961807,17,3
243.079787234043,326.558510638298,34.4117440927759,25,3
242.494845360825,326.927835051546,33.7258338812863,22,3
242.021052631579,327.394736842105,32.662622798937,14,3
241.389473684211,328.136842105263,31.6376800291529,28,3
241.015544041451,328.507772020725,31.8605068203129,19,3
240.11170212766,329.303191489362,33.7512465594344,29,3
238.846994535519,330.03825136612,38.8870211117893,31,3
238.150837988827,330.608938547486,43.5540475772108,20,3
237.705555555556,330.95,43.7788307954228,17,3
237.12972972973,331.264864864865,47.4384656005372,25,3
236.237569060773,331.867403314917,48.9422600275304,32,3
235.151162790698,333.21511627907,45.7370049284322,39,3
234.581005586592,333.664804469274,43.8226996356656,19,3
234.033898305085,334.418079096045,39.8955372423477,28,3
233.70652173913,334.521739130435,38.1934282794069,17,3
232.955801104972,335.226519337017,34.2805925009544,29,3
232.216216216216,335.854054054054,32.6279132522869,26,3
232.026315789474,336.115789473684,33.8419691211069,13,3
231.283505154639,336.90206185567,34.3254992389552,34,3
230.80612244898,337.408163265306,34.5406724475991,22,3
229.32044198895,338.453038674033,40.3659098356493,35,3
228.464480874317,339.273224043716,44.0714576871003,30,3
227.879781420765,339.737704918033,49.1307500744847,20,3
227.322751322751,340.291005291005,50.6221208639853,26,3
226.804232804233,340.925925925926,53.0006600812621,20,3
225.791666666667,341.791666666667,56.5631996567443,33,3
225.070652173913,342.809782608696,55.0797078979004,30,3
224.937853107345,343.045197740113,54.1484814985524,13,3
224.309782608696,344.16847826087,53.3730431011476,31,3
223.994505494505,344.412087912088,50.6286690658445,16,3
223.550802139037,345.053475935829,47.9110311465913,23,3
223.083333333333,345.588541666667,46.2718868392503,23,3
222.489473684211,346.315789473684,45.7582788149921,24,3
222.137362637363,346.884615384615,44.3899522979879,20,3
221.695187165775,347.379679144385,44.5270812364688,21,3
221.192513368984,348.021390374332,45.3252740384636,18,3
220.558510638298,348.835106382979,47.0921185797785,31,3
219.88829787234,349.457446808511,49.7209593750747,24,3
219.33152173913,350.108695652174,50.9123004834412,22,3
218.828729281768,350.635359116022,54.1408924074517,19,3
218.52972972973,351.016216216216,54.5052601289666,30,3
217.805405405405,351.908108108108,54.2705554647645,26,3
217.451612903226,352.258064516129,52.8329628297032,13,3
216.94623655914,352.881720430108,53.7139276634872,18,3
216.904761904762,352.968253968254,54.2108363611037,13,3
216.489247311828,353.494623655914,52.2966281702375,21,3
216.082051282051,353.969230769231,50.5097314892998,25,3
215.825396825397,354.449735449735,50.9517386223378,14,3
215.40932642487,354.865284974093,47.5052222552415,20,3
215.336734693878,354.964285714286,47.9869010984605,17,3
214.775510204082,355.673469387755,46.9909855903271,26,3
214.58883248731,355.928934010152,46.7581440403993,9,3
214.434554973822,356.193717277487,46.4150690636321,16,3
213.739361702128,357.031914893617,45.9284961381595,27,3
213.647058823529,357.192513368984,46.2649864452395,19,3
213.272251308901,357.821989528796,46.8462542284672,20,3
212.887096774194,358.247311827957,48.7761618534234,23,3
212.781420765027,358.377049180328,48.243910279278,11,3
212.258241758242,359.038461538462,49.3036990567449,23,3
212.122994652406,359.07486631016,49.7958698993037,9,3
211.508021390374,359.727272727273,50.9974421203429,18,3
211.085561497326,360.080213903743,50.963826894788,18,3
210.868421052632,360.315789473684,50.375956804344,11,3
210.44385026738,360.973262032086,52.035164251262,19,3
210.526041666667,360.666666666667,51.31573678928,15,3
209.979381443299,361.087628865979,49.9925321659509,18,3
209.756476683938,361.414507772021,49.6739417951753,13,3
209.680412371134,361.59793814433,48.9145318021103,11,3
209.46,361.925,48.9946297720071,14,3
209.308080808081,362.035353535354,48.6339584434719,10,3
208.94387755102,362.433673469388,47.9882456353423,16,3
208.760204081633,362.765306122449,46.735986631963,14,3
208.69587628866,362.974226804124,47.0190508458044,12,3
208.412060301508,363.125628140703,46.0454523853076,17,3
208.328205128205,363.307692307692,44.6677393961295,14,3
208.030150753769,363.718592964824,44.8289071930812,12,3
207.909547738693,364.065326633166,45.3554206542292,14,3
207.766169154229,364.059701492537,44.3775563881436,12,3
207.525252525253,364.388888888889,43.3979588170519,15,3
207.468292682927,364.458536585366,44.2998463861666,11,3
207.308457711443,364.691542288557,42.8132861883029,12,3
207.133333333333,364.964102564103,42.0138817088292,14,3
206.99494949495,364.954545454545,41.9826295370404,9,3
206.89,365.175,42.505970727144,8,3
206.816425120773,365.285024154589,43.1136129787,9,3
206.59512195122,365.453658536585,42.1365959408655,12,3
206.671717171717,365.565656565657,41.9684678678315,11,3
206.48743718593,365.743718592965,41.9522403141717,9,3
206.269607843137,365.921568627451,41.5111744476714,7,3
206.278846153846,365.961538461538,41.6895809724178,8,3
206.00505050505,366.29797979798,41.3435576405836,14,3
205.836633663366,366.371287128713,40.9699075484079,12,3
205.791044776119,366.412935323383,40.1825349733001,7,3
205.691542288557,366.721393034826,41.236817087365,14,3
205.686274509804,366.740196078431,41.5001527664933,7,3
205.565,367.03,41.249086346062,14,3
205.282178217822,367.054455445545,40.4699783965271,12,3
205.177339901478,367.133004926108,40.0873967473816,3,3
205.004901960784,367.367647058824,41.7864881751527,15,3
205.140776699029,367.199029126214,40.7432944732119,12,3
205.150753768844,367.356783919598,41.0090683937782,11,3
204.673170731707,367.751219512195,41.3443666616639,18,3
204.553921568627,367.808823529412,41.1339471889191,9,3
NaN,NaN,NaN,204,3
412.612121212121,240.89696969697,-35.6032219698416,NaN,4
412.71686746988,240.927710843373,-35.4588015699152,5,4
412.625766871166,240.883435582822,-35.3109276794594,7,4
412.618181818182,240.884848484848,-35.0972929684385,6,4
412.763636363636,240.969696969697,-34.728972555565,14,4
413.596590909091,242.130681818182,-40.9764394017595,43,4
413.268656716418,242.567164179104,-41.384395531466,57,4
409.910828025478,239.898089171975,10.4419917727121,93,4
409.005586592179,240.374301675978,17.2094907775058,64,4
405.471962616822,241.696261682243,-10.0162584237112,166,4
401.091346153846,241.75,-18.9847360691678,164,4
399.052631578947,241.305263157895,-4.36594971945754,78,4
395.015,241.585,3.00895171224437,118,4
392.573604060914,241.421319796954,0.0880607108321808,75,4
389.647058823529,241.395721925134,-17.8263894330991,106,4
385.041420118343,240.798816568047,-29.583031361853,108,4
383.550898203593,240.48502994012,-26.0106138500012,38,4
381.220994475138,239.497237569061,-23.2165420591868,70,4
380.367567567568,239.275675675676,-19.6503932361599,50,4
377.845303867403,238.232044198895,-17.797282685759,84,4
374.454545454545,237.533333333333,-31.1629037472739,72,4
373.696428571429,237.35119047619,-29.1921700820577,33,4
371.59748427673,236.119496855346,-34.1809020748093,55,4
370.822085889571,235.80981595092,-33.0708242208891,20,4
369.348684210526,234.947368421053,-25.9581214962853,39,4
368.2125,234.26875,-17.7785146926224,50,4
367.269230769231,233.75641025641,-14.7714558874077,28,4
366.345454545455,233.448484848485,-12.4092890331613,37,4
365.497005988024,233,-10.9477485857611,34,4
363.607594936709,232.411392405063,-15.9654548057537,51,4
361.865771812081,231.630872483221,-22.7125902233397,55,4
361.533333333333,231.493333333333,-25.4080988776975,19,4
359.027972027972,230.293706293706,-38.892223150406,59,4
358.344370860927,229.980132450331,-40.4297126169401,26,4
356.647435897436,228.762820512821,-42.7084986545538,49,4
355.412903225806,228.058064516129,-37.310436216296,41,4
354.579268292683,227.579268292683,-34.4598615648051,29,4
353.591463414634,227.115853658537,-32.8972715124383,30,4
352.771084337349,226.379518072289,-33.7341281298443,26,4
351.262857142857,225.382857142857,-34.5257282564556,55,4
349.537037037037,224.302469135802,-39.3195701164719,47,4
348.638709677419,223.593548387097,-43.090792901057,31,4
346.447368421053,221.802631578947,-49.4920974716902,55,4
345.664473684211,221.098684210526,-50.1855267252374,28,4
343.940397350993,219.688741721854,-51.0973997892828,41,4
342.959731543624,218.691275167785,-48.6787034365471,28,4
342.228758169935,217.915032679739,-45.1017109838719,26,4
341.229813664596,216.813664596273,-42.4195202651056,36,4
340.664596273292,216.527950310559,-38.0580884114038,26,4
339.880239520958,215.694610778443,-36.3657759416445,44,4
338.520710059172,214.378698224852,-37.1611940261877,44,4
338.139393939394,213.769696969697,-37.3678998273681,34,4
336.868055555556,212.611111111111,-40.0965274507389,37,4
335.945578231293,211.619047619048,-44.9106176520548,29,4
334.687074829932,210.285714285714,-53.9700353145995,42,4
333.530201342282,209.006711409396,-55.0480773573944,44,4
332.952054794521,208.294520547945,-54.9667417066369,17,4
331.823529411765,207.065359477124,-52.9682370589389,37,4
331.591194968553,206.836477987421,-51.4602966271091,16,4
330.766467065868,205.988023952096,-47.7923674205236,40,4
329.77380952381,204.60119047619,-45.1570778113768,43,4
329.082840236686,203.781065088757,-44.5093217639169,25,4
328.263473053892,202.850299401198,-47.4342315526514,28,4
327.70625,202.09375,-48.076421544879,25,4
326.313725490196,200.43137254902,-55.8619602322457,41,4
324.878378378378,198.844594594595,-63.0705836667771,41,4
324.432432432432,197.966216216216,-64.7268936580395,18,4
324.167741935484,197.490322580645,-61.7078029504845,27,4
323.376623376623,196.402597402597,-61.0211208218481,27,4
322.791139240506,195.329113924051,-59.8256399345088,26,4
322,194.083832335329,-56.2625773115299,37,4
321.836363636364,193.618181818182,-56.0046204103715,14,4
320.98773006135,192.018404907975,-55.1345230335297,40,4
320.725609756098,191.384146341463,-55.2906466112472,19,4
320.284848484849,190.309090909091,-56.5477801824216,29,4
319.320261437908,188.549019607843,-63.5114579786995,40,4
318.960264900662,187.933774834437,-66.0872028585193,18,4
318.059602649007,186.337748344371,-69.5336293870441,38,4
317.886666666667,185.7,-71.6760689493254,19,4
317.212903225806,184.141935483871,-72.4010228971753,31,4
316.5,182.5625,-69.9922858743613,37,4
316.301886792453,181.974842767296,-68.7645697359997,17,4
315.679012345679,180.382716049383,-64.8880986570318,37,4
315.368098159509,179.668711656442,-62.6031488328982,19,4
314.969512195122,178.603658536585,-61.5757072159202,33,4
314.298136645963,176.981366459627,-60.6703431923448,35,4
313.987096774194,176.4,-61.6619502574686,14,4
313.3625,174.96875,-64.0013164191954,37,4
312.863354037267,174.16149068323,-66.4213616241171,17,4
312.059210526316,172.335526315789,-70.3494957719072,35,4
311.243243243243,170.810810810811,-69.3649888222111,38,4
310.914473684211,170.013157894737,-69.1536443990157,16,4
310.464968152866,169.31847133758,-65.867833031939,25,4
310.213836477987,168.584905660377,-63.9668865932687,18,4
309.451219512195,167.170731707317,-59.5471973829599,39,4
309.04347826087,166.248447204969,-59.5231117937299,27,4
308.899371069182,165.767295597484,-56.5657926168628,20,4
307.911392405063,164.050632911392,-58.7802193044455,39,4
307.841463414634,163.481707317073,-60.9684443272163,20,4
306.682119205298,161.443708609272,-65.6040669835183,45,4
305.72972972973,159.777027027027,-72.0574514381527,37,4
305.414965986395,158.836734693878,-71.8164504793174,17,4
304.900662251656,157.64238410596,-69.7358750684243,30,4
304.56862745098,156.843137254902,-69.8238949097546,20,4
303.941935483871,155.61935483871,-65.0268391031921,32,4
303.225,154.55,-62.3005901540417,33,4
303.165605095541,153.866242038217,-59.3541406643667,23,4
302.543209876543,152.679012345679,-58.7919424485584,37,4
302.240740740741,151.901234567901,-58.0541515041279,24,4
301.848484848485,150.909090909091,-59.6777153669234,33,4
300.982558139535,149.488372093023,-63.8531930184629,37,4
300.469135802469,148.771604938272,-66.2587126727873,20,4
299.54375,147.025,-68.1727724381007,40,4
299.296052631579,146.328947368421,-69.8104058846397,20,4
298.541935483871,145.303225806452,-69.6201478121855,41,4
297.896774193548,143.954838709677,-66.1721361334643,36,4
297.597402597403,143.305194805195,-63.8508538897325,17,4
296.8375,141.94375,-61.8164951798332,32,4
296.491017964072,141.341317365269,-59.8203094640348,23,4
296.16265060241,140.234939759036,-59.6314053362487,37,4
295.512195121951,138.914634146341,-60.6645898527418,32,4
295.270440251572,138.534591194969,-60.6900658993629,21,4
294.161290322581,136.574193548387,-68.8250062237239,38,4
293.929032258065,136.01935483871,-69.273140506646,16,4
293.161290322581,134.838709677419,-70.0123516284965,34,4
292.289473684211,133.039473684211,-71.405929219874,35,4
291.974358974359,132.448717948718,-70.3146937274468,18,4
291.352941176471,131.411764705882,-67.2627623100537,25,4
290.948387096774,130.709677419355,-65.79938626236,18,4
290.463414634146,129.713414634146,-62.6835527180829,31,4
289.987421383648,128.534591194969,-61.3123491581054,33,4
289.543209876543,127.66049382716,-61.5963502936972,21,4
289.056603773585,126.591194968553,-63.9219652265191,27,4
288.827160493827,125.83950617284,-65.153782535677,29,4
288.056962025316,124.329113924051,-72.4408321589,34,4
287.264516129032,122.612903225806,-76.5942582312115,39,4
286.853333333333,121.44,-76.1923530757969,29,4
286.296052631579,120.144736842105,-78.2627621431744,28,4
286.033112582781,119.456953642384,-76.8605440163088,17,4
285.46835443038,118.582278481013,-73.5323928199478,29,4
284.835526315789,117.151315789474,-68.1245290487797,36,4
284.628205128205,116.596153846154,-67.8334864819016,20,4
284.20253164557,115.405063291139,-66.1143725057593,32,4
284.025477707006,114.738853503185,-65.8940787949021,21,4
283.506493506493,113.558441558442,-67.7085112317893,27,4
282.930379746835,112.284810126582,-72.8481596673247,30,4
282.700636942675,111.292993630573,-72.3782161062969,25,4
281.835526315789,110.269736842105,-78.6384178357268,89,4
281.477124183007,109.222222222222,-79.2598517986101,44,4
280.703883495146,104.199029126214,-83.2475420814606,98,4
284.696078431373,100.447712418301,33.3105607996443,82,4
283.616883116883,100.038961038961,35.9820358769207,76,4
284.428571428571,99.5869565217391,26.6839695854089,56,4
281.697916666667,99.9722222222222,64.2390392228227,72,4
283.25,98.5365853658537,19.5631357178284,66,4
285.34126984127,97.1957671957672,9.35211106841391,102,4
283.191304347826,97.1652173913044,9.13050792772428,69,4
283.31884057971,97.095652173913,8.69294045684348,56,4
NaN,NaN,NaN,345,4
NaN,NaN,NaN,0,4
NaN,NaN,NaN,0,4
NaN,NaN,NaN,0,4
NaN,NaN,NaN,0,4
NaN,NaN,NaN,0,4
NaN,NaN,NaN,0,4
NaN,NaN,NaN,0,4
NaN,NaN,NaN,0,4
NaN,NaN,NaN,0,4
NaN,NaN,NaN,0,4
NaN,NaN,NaN,0,4
NaN,NaN,NaN,0,4
NaN,NaN,NaN,0,4
NaN,NaN,NaN,0,4
NaN,NaN,NaN,0,4
NaN,NaN,NaN,0,4
NaN,NaN,NaN,0,4
NaN,NaN,NaN,0,4
NaN,NaN,NaN,0,4
NaN,NaN,NaN,0,4
NaN,NaN,NaN,0,4
NaN,NaN,NaN,0,4
