380.147058823529,238.254901960784,-67.1964242100617,NaN,1
380.13,238.26,-67.3108143451508,6,1
380.09900990099,238.168316831683,-67.0729241096457,3,1
380.147058823529,238.156862745098,-67.2354310325924,3,1
380.174757281553,238.281553398058,-67.9345994919692,3,1
380.19801980198,238.19801980198,-67.7609047075252,2,1
380.165048543689,238.349514563107,-67.2567253659645,4,1
380.156862745098,238.205882352941,-67.6601013345997,5,1
380.168316831683,238.168316831683,-67.436191859114,1,1
380.147058823529,238.156862745098,-67.2354310325924,3,1
380.17,238.31,-66.3809067030267,8,1
380.269230769231,238.5,-66.7677704414547,6,1
380.51376146789,239.137614678899,-67.0591917355933,11,1
380.721739130435,239.6,-66.692990864438,8,1
381.088709677419,239.943548387097,-64.044273942469,39,1
381.4,240.386206896552,-66.4016559141077,69,1
381.042253521127,240.084507042254,68.1317934736731,41,1
381.608695652174,239.094202898551,30.9130180599563,66,1
382.42962962963,238.577777777778,29.0494769939423,37,1
385.015151515152,237.204545454545,50.2199173247999,65,1
388.112903225806,234.362903225806,65.0538335520138,80,1
389.443396226415,232.764150943396,48.7218713132798,44,1
392.565217391304,229.70652173913,36.4435597023169,76,1
394.142857142857,227.69387755102,60.8323092618719,46,1
395.79347826087,224.804347826087,84.8177417875133,58,1
397.021978021978,221.065934065934,79.8470684377995,63,1
397.717647058824,218.952941176471,63.9058086781277,32,1
399.188888888889,215.166666666667,63.0185609956349,65,1
399.886597938144,213.494845360825,68.8889916697256,33,1
401.25,209.641304347826,84.0593895536019,67,1
402.105263157895,205.852631578947,72.1666904338134,61,1
402.807228915663,204.036144578313,59.8947991471586,32,1
404.583333333333,200.428571428571,68.408883972872,63,1
405.10752688172,198.483870967742,77.5926096465309,35,1
405.977528089888,194.674157303371,89.2503648690274,62,1
406.828282828283,191.090909090909,77.8808413863742,58,1
407.477777777778,189.055555555556,68.6262322239181,35,1
408.75,186.011904761905,67.5586667329312,56,1
409.430107526882,183.817204301075,77.574610240797,39,1
410.354166666667,180.65625,83.6239675151839,55,1
411.389473684211,177.178947368421,74.525007841159,59,1
411.835051546392,175.556701030928,69.7523330765804,28,1
412.842696629213,172.707865168539,71.8091181053312,54,1
413.137254901961,170.372549019608,85.2791317331652,37,1
413.552083333333,166.708333333333,-85.9464343852429,60,1
413.831683168317,163.316831683168,80.5619389460324,57,1
413.94623655914,161.698924731183,75.9979440693508,28,1
414.348314606742,158.662921348315,83.6068008002329,52,1
414.450980392157,156.107843137255,-87.3498382585246,41,1
414.151515151515,152.646464646465,-87.4572028472731,63,1
414.450980392157,148.960784313725,75.7952981563443,63,1
414.663157894737,147.421052631579,76.8002348999544,27,1
415.073684210526,143.894736842105,89.3991034717795,58,1
415.020202020202,142.111111111111,-84.1187103204594,32,1
415.326732673267,138.782178217822,-88.476380611562,56,1
415.47,135.12,79.3956717085529,61,1
415.782608695652,133.271739130435,81.7026619534307,30,1
416.09756097561,130.292682926829,-80.4070981691329,52,1
415.904255319149,127.914893617021,-75.7703581418234,38,1
415.625,124.645833333333,-82.1065109140828,52,1
415.382978723404,121.053191489362,86.165041061551,58,1
415.366666666667,119.622222222222,-89.8731631488835,22,1
415.151162790698,116.616279069767,-75.8950981330945,52,1
414.928571428571,114.80612244898,-75.8714538588362,30,1
414.726315789474,111.757894736842,-86.2109397298264,51,1
414.659090909091,108.079545454545,85.0821542457061,57,1
414.771084337349,106.698795180723,-89.0013831769863,21,1
414.325581395349,103.058139534884,-71.2648483266549,57,1
414.043010752688,101.247311827957,-75.952349957313,33,1
413.86170212766,97.7234042553192,89.2008957637003,55,1
414.234042553192,93.8829787234042,88.4946816222501,62,1
414.202380952381,92.0595238095238,-77.398090622017,30,1
413.652631578947,88.9052631578947,-70.4401368659431,57,1
413.518867924528,87.1132075471698,-76.1480679957919,33,1
413.217821782178,85.1881188118812,85.5960513109343,35,1
413.546391752577,83.8453608247423,86.8863851365476,30,1
413.425531914894,83.7234042553192,-87.4261243096691,11,1
413.364583333333,83.75,-84.50392911776,26,1
413.229885057471,83.6896551724138,-83.9419879596975,11,1
413.329787234043,83.8297872340426,87.1614250820423,33,1
413.666666666667,83.5858585858586,85.6350306596048,33,1
413.545454545455,83.5353535353535,89.0947730935972,14,1
413.268041237113,82.0412371134021,-76.963594868069,44,1
413.083333333333,82.0833333333333,-77.9740597328629,23,1
412.41935483871,81.7634408602151,-81.9743518950186,33,1
412.326530612245,81.9183673469388,-75.9723043810027,25,1
412.12,82.09,-71.6369147759589,28,1
411.20202020202,82.2323232323232,-61.0506084528462,55,1
410.56,82.46,-58.4310598720195,29,1
409.794117647059,83.2450980392157,-60.7164713783155,48,1
408.653465346535,82.6237623762376,-55.4917741254458,39,1
407.824074074074,82.4351851851852,-52.2210569301515,23,1
406.330357142857,82.3214285714286,-41.2105569025488,52,1
405.63025210084,82.4957983193277,-36.7647053749261,35,1
403.269841269841,82.8888888888889,-46.2848380402719,69,1
401.809090909091,81.8363636363636,-38.5052185414751,52,1
400.972972972973,81.6486486486486,-34.503753501064,25,1
399.862903225806,81.7983870967742,-28.856752407198,49,1
399.8,82.144,-26.1828451790503,37,1
NaN,NaN,NaN,125,1
362.311320754717,245.367924528302,39.6514064141806,NaN,2
362.256880733945,245.348623853211,40.1333355902902,3,2
362.25,245.480769230769,39.4524431913711,7,2
362.22641509434,245.415094339623,39.6398125350298,2,2
362.345454545455,245.445454545455,40.5780669388127,6,2
362.299065420561,245.485981308411,40.4993843289786,3,2
362.225225225225,245.468468468468,40.7579365475225,4,2
362.333333333333,245.371428571429,39.4719169985603,6,2
362.403669724771,245.229357798165,39.7598351568835,4,2
362.161904761905,245.542857142857,39.9593990356094,8,2
362.175925925926,245.592592592593,40.3318052357876,7,2
362.280373831776,245.383177570093,39.5534071019467,9,2
362.339449541284,245.403669724771,39.9238721127758,6,2
362.336448598131,245.392523364486,39.2155837256539,2,2
362.416666666667,245.259259259259,39.6637244120063,3,2
362.096153846154,245.519230769231,39.7711692858207,6,2
362.412844036697,245.311926605505,40.1323789191357,7,2
362.37962962963,245.305555555556,40.3203142889808,1,2
362.38679245283,245.283018867925,39.6862716829162,4,2
362.300970873786,245.417475728155,38.9642930900691,7,2
362.235294117647,245.5,39.077201181352,5,2
362.278846153846,245.403846153846,39.2548922118544,2,2
362.297297297297,245.432432432432,40.5767537878344,7,2
362.339285714286,245.375,40.9509665388109,1,2
362.357798165138,245.311926605505,39.7397427719067,5,2
362.435185185185,245.25,39.8931539619928,3,2
362.299065420561,245.429906542056,39.643845480704,5,2
362.259615384615,245.413461538462,39.7184801689549,7,2
362.308411214953,245.401869158878,39.8226851095477,3,2
362.228571428571,245.6,39.3217536559781,4,2
362.15,245.68,39.687536546445,5,2
362.252427184466,245.543689320388,39.4844434446332,5,2
362.280373831776,245.588785046729,39.9630469639671,4,2
362.326923076923,245.384615384615,38.9920977171272,7,2
362.217821782178,245.60396039604,38.2122885343296,7,2
362.219047619048,245.457142857143,39.3435970583894,6,2
362.233009708738,245.611650485437,38.9142461887171,6,2
362.211538461538,245.538461538462,39.7609463330569,7,2
362.238095238095,245.533333333333,39.210364612222,5,2
362.178217821782,245.524752475248,39.0764577082628,6,2
362.433962264151,245.349056603774,38.4614466416676,5,2
362.392523364486,245.392523364486,39.5902878932012,3,2
362.27619047619,245.514285714286,39.1420044676495,2,2
362.257142857143,245.52380952381,39.1410506974918,2,2
362.311320754717,245.462264150943,39.5158364229743,1,2
362.358490566038,245.443396226415,39.2491839171043,2,2
362.235294117647,245.558823529412,38.4316924928096,4,2
362.198113207547,245.603773584906,38.506015955071,6,2
362.235294117647,245.5,39.077201181352,6,2
362.271844660194,245.504854368932,38.8459976839238,1,2
362.182692307692,245.625,40.3432804341004,3,2
362.283018867925,245.537735849057,39.6867627157666,6,2
362.336448598131,245.392523364486,39.2155837256539,3,2
362.416666666667,245.333333333333,39.0686961305159,1,2
362.390476190476,245.371428571429,39.6299015630646,5,2
362.342857142857,245.485714285714,39.637743285677,2,2
362.117647058824,245.705882352941,39.0128981107472,5,2
362.342857142857,245.485714285714,39.637743285677,5,2
362.211538461538,245.644230769231,39.1944641556371,3,2
362.254716981132,245.462264150943,39.1304942266003,4,2
362.43119266055,245.321100917431,38.7379260579611,5,2
362.317757009346,245.401869158878,39.1577509437064,4,2
362.269230769231,245.557692307692,39.3297184271571,7,2
362.303921568627,245.539215686275,40.3170893647792,4,2
362.184466019417,245.592233009709,38.9997072370718,7,2
362.201923076923,245.5,38.6385954290283,3,2
362.303921568627,245.509803921569,39.13592786905,4,2
362.144230769231,245.586538461538,38.4229250705683,4,2
362.237623762376,245.673267326733,39.0914196478188,5,2
362.174757281553,245.699029126214,38.7799745428255,4,2
362.115384615385,245.778846153846,39.3360140442667,3,2
362.307692307692,245.673076923077,39.9708276028907,6,2
362.207920792079,245.772277227723,39.492500519418,3,2
362.45871559633,245.532110091743,41.9354873073379,8,2
362.283185840708,245.637168141593,47.095013592778,28,2
362.478260869565,245.4,53.6994161554962,28,2
361.71568627451,247.06862745098,83.7338370822448,41,2
360.979797979798,249.919191919192,78.7441370423448,55,2
360.464646464646,250.979797979798,63.6815849741713,30,2
359.292929292929,253.070707070707,49.14553420466,56,2
358.612612612613,254.342342342342,55.1894971331863,30,2
356.247524752475,257.891089108911,73.7583448969142,76,2
354.537037037037,260.972222222222,58.0942613628809,61,2
352.780821917808,263.821917808219,20.4283288824726,61,2
349.358974358974,265.448717948718,16.1292552304846,57,2
347.415584415584,266.545454545455,27.8958043394341,37,2
343.615384615385,268.551282051282,31.8179428446029,61,2
340.785714285714,269.72619047619,7.65664374274911,54,2
338.2125,270.3125,-5.3753633217771,36,2
335.063291139241,270.316455696203,0.293345582334813,47,2
333.511627906977,270.302325581395,10.58687458375,27,2
330.481927710843,270.734939759036,15.9807416845482,55,2
326.948717948718,271.423076923077,1.55303023589332,41,2
324.532467532468,271.61038961039,-7.61653420819796,27,2
321.344444444444,271.2,-6.56624915738872,45,2
319.285714285714,271.032967032967,-1.09248257305278,33,2
315.5,270.614583333333,-1.60432182980281,53,2
311.865979381443,269.938144329897,-25.4880751312252,59,2
309.924731182796,269.354838709677,-24.4826948132294,36,2
305.417721518987,267.443037974684,-8.65750421637733,70,2
303.602409638554,267.192771084337,-7.71610902883343,28,2
300.468085106383,266.287234042553,-20.193543439731,53,2
296.674157303371,264.662921348315,-34.8414637115005,67,2
295.135416666667,263.802083333333,-31.8641946184322,35,2
290.95,261.94,-21.3629523659557,76,2
289.339805825243,261.106796116505,-19.7513276816452,39,2
285.873786407767,260.067961165049,-33.0326647189741,68,2
282.17,258.3,-38.487884528352,65,2
280.838095238095,258.047619047619,-28.5738095816818,31,2
277.12380952381,256.542857142857,-16.4125092951397,66,2
275.168224299065,255.822429906542,-17.0656113767604,42,2
271.78,254.64,-32.7994524525855,57,2
268.542056074766,252.971962616822,-39.3877373663369,59,2
266.849056603774,251.981132075472,-30.9806755630473,33,2
263.219047619048,250.219047619048,-21.1935587076362,67,2
261.464646464646,249.474747474747,-18.6343874209202,36,2
258.29,248.17,-30.6941265395068,57,2
255.028571428571,246.647619047619,-28.2356461133181,57,2
252.626168224299,245.570093457944,-19.1297484107797,40,2
249.480392156863,244.578431372549,-8.11311964660444,63,2
247.798076923077,244.163461538462,-10.8050504690066,34,2
243.84,242.84,-28.1177289662702,68,2
239.844660194175,241.349514563107,-17.9285825724412,73,2
238.30303030303,240.838383838384,-10.6038504115117,34,2
234.414141414141,240.30303030303,-5.82002235370645,60,2
232.82,239.96,-10.149871967156,33,2
228.891089108911,239.217821782178,-22.0334507767043,63,2
225.467889908257,238.192660550459,-14.243360662889,60,2
222.919191919192,237.808080808081,-2.10247598419798,42,2
219.585858585859,237.747474747475,-2.24457771786248,58,2
217.692307692308,237.432692307692,-11.3887984086066,39,2
213.821782178218,236.90099009901,-23.2386828070793,65,2
210.37037037037,236.101851851852,-13.0016051077796,57,2
208.049019607843,235.617647058824,-3.88104895058347,36,2
204.388888888889,235.083333333333,-7.52311445455804,60,2
203.127272727273,235.036363636364,-10.6833125225761,26,2
199.180952380952,234.190476190476,-22.1017995110568,69,2
195.863636363636,233.572727272727,-10.9957915882346,59,2
193.904761904762,233.47619047619,-1.9972267278208,39,2
189.990566037736,232.924528301887,-7.18446496779316,63,2
188.27358490566,232.820754716981,-14.8378231161927,32,2
184.897196261682,231.990654205607,-23.2827030132672,61,2
181.477477477477,231.09009009009,-9.81947331131896,60,2
179.339285714286,230.732142857143,-6.8073281147755,35,2
175.588785046729,230.514018691589,-6.01754080476639,59,2
174.171171171171,230.252252252252,-12.3732737891001,30,2
170.454545454545,229.327272727273,-18.681225008737,65,2
166.991379310345,228.491379310345,-7.68950666470091,62,2
164.821428571429,228.205357142857,-4.69484412117557,38,2
161.271929824561,227.763157894737,-9.07366282012551,62,2
160.176470588235,227.613445378151,-13.1423837364322,33,2
156.887931034483,226.922413793103,-22.3939564314315,61,2
153.37037037037,226.018518518519,-9.70726474600945,64,2
151.52427184466,225.669902912621,-3.41565290798911,35,2
148.091836734694,224.969387755102,-10.0977110116109,61,2
146.494845360825,224.876288659794,-13.0422846793627,27,2
142.558139534884,223.755813953488,-21.7356858140334,61,2
138.694117647059,223.082352941176,-3.28746946971316,55,2
137.438202247191,222.76404494382,-3.8530519828832,20,2
136.56043956044,222.56043956044,-6.20973380341668,16,2
135.895348837209,222.220930232558,-9.8427957411753,17,2
135.402298850575,221.850574712644,-14.5411162403628,31,2
134.58024691358,221.493827160494,-10.2042287111635,24,2
133.272727272727,220.974025974026,-10.6220084594349,24,2
132.293333333333,220.666666666667,-19.8156552333806,16,2
132.219512195122,220.390243902439,-29.2969058845357,19,2
131.548780487805,219.390243902439,-33.7123612684645,30,2
131.060975609756,218,-27.1733896123706,38,2
130.79012345679,217.271604938272,-29.5624071456619,17,2
131.054347826087,216.684782608696,-40.8574372352808,35,2
131.106382978723,216.287234042553,-49.9782604755903,24,2
130.556962025316,213.873417721519,-56.7005630652346,47,2
131.168831168831,212.415584415584,-42.586791196845,46,2
131.101265822785,211.696202531646,-43.8791597757651,20,2
NaN,NaN,NaN,79,2
389.161904761905,247.057142857143,-25.6968051230474,NaN,3
389.018518518519,247.037037037037,-26.6543437200143,7,3
389,246.971698113208,-27.1215039863262,8,3
389.009523809524,246.914285714286,-27.0083127641204,7,3
389.095238095238,247.066666666667,-26.949995615987,6,3
389.247619047619,246.980952380952,-26.4514302726409,8,3
389.134615384615,247.019230769231,-26.4066471552408,3,3
389.192307692308,247.105769230769,-27.2892094100565,6,3
389.169811320755,247.037735849057,-26.9568054526923,4,3
389.223300970874,247.126213592233,-26.936284143055,3,3
389.209523809524,247.047619047619,-27.4680325432237,2,3
389.163461538462,247.115384615385,-26.5898841679003,3,3
389.271844660194,247.009708737864,-27.3012159486078,5,3
389.086538461538,246.961538461538,-26.7993390230563,3,3
388.869158878505,246.822429906542,-28.5434659377247,7,3
389.009523809524,246.904761904762,-28.0167074982349,6,3
389.047619047619,246.847619047619,-28.2275644172931,4,3
388.907407407407,246.805555555556,-27.8433268192759,5,3
389.490384615385,247.153846153846,-24.560924258368,20,3
389.601769911504,246.902654867257,-14.2873932788227,33,3
389.956140350877,247,4.22382576526049,29,3
393.009009009009,246.45045045045,22.1941146893428,59,3
395.915094339623,246.22641509434,-1.12647685308057,59,3
398.6875,246.052083333333,-11.2302734044664,46,3
401.764150943396,246.688679245283,-5.96532311294734,62,3
403.588785046729,247.009345794393,0.665993165005045,31,3
407.609523809524,247.285714285714,-0.507952199217026,74,3
412.073684210526,248.442105263158,-28.905305476644,80,3
414.030927835052,249.329896907216,-33.0063384536083,36,3
418.903225806452,252.010752688172,-22.0719226178347,86,3
420.146788990826,252.330275229358,-19.1228778411572,32,3
424.07,254.4,-21.7148666925343,79,3
427.818181818182,256.636363636364,-53.7249435149898,77,3
429.170454545455,257.852272727273,-49.845042873705,31,3
432.642105263158,261.957894736842,-42.8402341912115,85,3
434.130841121495,263.411214953271,-43.0734642081546,42,3
436.636363636364,266.336363636364,-50.213309042942,69,3
438.98,269.71,-74.2579344917658,72,3
439.827586206897,271.413793103448,-74.0687954645108,33,3
441.484536082474,275.443298969072,-57.1789901805285,72,3
442.596153846154,277.586538461538,-55.6314464031807,43,3
444.378640776699,281.184466019417,-67.0231127783153,67,3
445.541666666667,285.625,-88.8173226813519,77,3
445.931818181818,286.965909090909,-81.4614636559053,26,3
446.941860465116,291.43023255814,-69.242348022186,72,3
447.494845360825,293.443298969072,-71.6114527277779,35,3
448.081632653061,296.867346938775,87.7775176677473,59,3
448.16,300.86,83.6398363334913,70,3
448.086021505376,302.548387096774,-87.7475637205283,31,3
448.436170212766,306.265957446808,-81.0164993420791,63,3
448.682692307692,308.442307692308,-81.5908157113694,38,3
448.66,312.32,82.36049452041,66,3
448.545454545455,316.424242424242,-89.9512307639402,67,3
448.559523809524,317.738095238095,-79.3050841325074,23,3
449.114942528736,321.574712643678,-76.0840352515443,61,3
449.32,324.14,-84.073640633615,41,3
449.37,328.17,77.7211055325485,68,3
449.271844660194,331.893203883495,89.0713220919835,65,3
449.164705882353,333.6,-84.2211971224958,30,3
449.705128205128,337.974358974359,89.4738299462576,67,3
449.549450549451,339.824175824176,78.8125442155179,31,3
448.810526315789,343.484210526316,66.4911382590233,62,3
447.897959183673,347.244897959184,80.1271476928834,63,3
447.709677419355,348.655913978495,86.5220136959647,25,3
446.978947368421,352.610526315789,78.6947303527369,66,3
446.514563106796,354.291262135922,70.3082630021526,32,3
445.40404040404,357.909090909091,65.8093471300209,64,3
444.212121212121,361.555555555556,86.0282942389128,64,3
443.869565217391,362.836956521739,85.2790468502665,29,3
442.863636363636,367.170454545455,72.3598094830066,70,3
442.340425531915,368.670212765957,66.2909211805514,28,3
441.212121212121,371.858585858586,67.4645474513023,57,3
439.868131868132,375.659340659341,84.53611914647,64,3
439.451219512195,377.475609756098,80.2895007656724,29,3
438.277777777778,380.788888888889,63.4420191613847,56,3
437.47311827957,382.301075268817,56.1022298255261,29,3
435.755319148936,385.712765957447,63.0690823854944,61,3
434.021052631579,389.115789473684,77.4907382333029,61,3
433.372340425532,390.755319148936,70.6281282179232,31,3
431.731182795699,393.774193548387,51.8462521189835,59,3
430.592233009709,395.52427184466,51.2833406395562,38,3
428.980582524272,396.436893203883,49.9615081846656,36,3
426.852631578947,397.547368421053,40.284177913161,44,3
426.360824742268,397.659793814433,31.1164287995552,22,3
424.088888888889,398.477777777778,24.2727567852785,47,3
423.63829787234,398.202127659574,28.4365900685284,18,3
422.522222222222,398.188888888889,36.6130455218019,32,3
419.511904761905,399.5,38.2992516106445,52,3
418.690721649485,399.309278350515,33.2724986835338,25,3
417.058823529412,399.519607843137,32.9542142726943,41,3
416.109090909091,399.163636363636,35.3933724448496,40,3
413.594339622641,398.88679245283,43.1444688127605,72,3
411.838095238095,399,40.555900478254,63,3
409.593023255814,400.488372093023,25.1968284027663,43,3
405.558823529412,401.176470588235,6.18674605192876,62,3
404.386666666667,401.04,9.23777915599912,21,3
403.029411764706,399.529411764706,35.3110522656422,67,3
398.901098901099,400.395604395604,18.17645656283,75,3
397.392857142857,400.607142857143,12.5414422363248,27,3
394.483516483516,400.318681318681,8.26606896174951,53,3
393.133333333333,399.644444444444,14.7549424125352,35,3
390.720430107527,399.172043010753,23.7339587615317,49,3
388.030927835052,399.40206185567,13.9332750293677,46,3
386.724489795918,399.377551020408,8.92541894171678,21,3
383.673913043478,399.25,-3.23951917741035,52,3
382.477777777778,399.211111111111,-1.40245108704605,24,3
NaN,NaN,NaN,90,3
377.225225225225,240.63963963964,28.0349165637342,NaN,4
376.990825688073,240.752293577982,26.8943629539769,4,4
376.907407407407,240.805555555556,28.943993779427,7,4
376.971698113208,240.839622641509,27.3399433755503,4,4
376.933333333333,240.752380952381,29.7547355088856,5,4
376.794392523364,240.85046728972,28.5709587344414,6,4
377.234234234234,240.693693693694,29.0196971561702,8,4
377.315315315315,240.621621621622,28.2349448347453,2,4
376.981308411215,240.775700934579,27.9230197698067,6,4
377.102803738318,240.747663551402,28.1542921234142,4,4
377.093457943925,240.785046728972,27.3232178739816,2,4
377.212962962963,240.648148148148,29.1338598979434,5,4
377.157407407407,240.694444444444,28.5347824535126,2,4
377.037037037037,240.712962962963,28.3488133823249,6,4
377.101851851852,240.87037037037,26.4666706246696,8,4
377.392857142857,240.589285714286,27.498240978939,6,4
377.893442622951,240.262295081967,31.176502017572,12,4
377.952755905512,240.086614173228,32.5850378140749,11,4
377.634146341463,240.317073170732,39.3524402416461,46,4
376.683673469388,241.857142857143,80.4698417639377,49,4
376.322916666667,242.84375,80.1543259625391,26,4
375.377358490566,244.801886792453,63.6167717899745,46,4
375.078947368421,245.087719298246,59.3519512235068,16,4
373.362903225806,246.741935483871,46.284605514876,54,4
371.102564102564,249.230769230769,50.5884712088598,71,4
369.905982905983,250.333333333333,46.6815438476722,36,4
366.769230769231,253.269230769231,32.5022118387059,81,4
365.871559633028,254.110091743119,16.6722360872863,37,4
361.976744186047,256.197674418605,-1.59639890948115,87,4
357.821428571429,257.119047619048,15.0313258452325,62,4
355.602564102564,257.615384615385,18.6421371811795,34,4
351.278481012658,259.037974683544,10.1051271327841,63,4
349.666666666667,259.469135802469,2.16734806872135,30,4
346.02380952381,259.595238095238,-9.42955975168234,57,4
342.440476190476,259.416666666667,2.06523372846347,50,4
340.922222222222,259.344444444444,8.39987721271897,28,4
337.512195121951,259.707317073171,8.28395223444427,54,4
335.679012345679,259.753086419753,6.30421432064695,23,4
332.897435897436,259.961538461538,-5.7531823051573,39,4
330,259.529411764706,-5.59470386408883,45,4
327.716049382716,259.604938271605,7.30665129834401,32,4
325.460674157303,259.61797752809,4.54068661874099,40,4
323.635294117647,259.835294117647,6.12013054242877,28,4
321.068181818182,259.806818181818,-16.6095364495275,41,4
317.988372093023,259.011627906977,-22.8057186654617,56,4
316.417582417582,258.835164835165,-14.1867309906607,27,4
313.257731958763,258.041237113402,-0.499796087157341,58,4
311.840425531915,258.212765957447,0.508595074146547,27,4
308.589473684211,257.894736842105,-10.3787419609967,53,4
305.054347826087,256.967391304348,-29.5173064407399,61,4
303.775280898876,256.494382022472,-23.9867886695797,25,4
300.188235294118,254.988235294118,-13.0445723637871,62,4
298.931034482759,254.862068965517,-10.260873463936,22,4
295.860465116279,254.116279069767,-7.79392886075893,49,4
292.941860465116,253.418604651163,-23.6759772237898,46,4
291.647058823529,253,-22.9102042746725,23,4
288.83908045977,251.747126436782,-23.4845904320334,50,4
287.105882352941,251.235294117647,-19.4692063616427,30,4
284.157303370787,250.606741573034,-4.3631995458244,46,4
281.25,250.1875,-8.66285693734336,51,4
279.968085106383,250.170212765957,-10.0822969230714,20,4
276.411111111111,248.977777777778,-29.1393898267821,60,4
274.786516853933,248.23595505618,-31.9902849335732,29,4
271.838709677419,247.096774193548,-15.6493915034096,56,4
268.839622641509,246.141509433962,-7.30527264289303,59,4
267.533980582524,245.961165048544,-8.93228115763377,25,4
264.538461538462,245.413461538462,-19.9729644855198,55,4
263.25,245.057692307692,-27.5336638055547,34,4
260.07,244.16,-28.1571658708869,60,4
257.133333333333,243.209523809524,-16.3468673059811,55,4
255.28431372549,242.588235294118,-7.33454053684025,33,4
252.191919191919,242.272727272727,-5.26891644384305,51,4
250.60396039604,241.782178217822,-7.77525198763995,32,4
247.395833333333,241.177083333333,-24.694381117133,57,4
244.20202020202,239.868686868687,-27.1658510380409,61,4
242.70297029703,239.188118811881,-21.3514168130289,34,4
239.378947368421,238.178947368421,-7.08913128633526,54,4
238.08,237.74,-5.83201189277455,33,4
234.960784313725,236.941176470588,-12.5986603804743,54,4
231.632653061224,235.908163265306,-29.6698148063814,60,4
230.21,235.4,-29.3830194835887,24,4
227,234.067961165049,-20.1438115218145,61,4
225.780952380952,233.609523809524,-18.1510938674747,28,4
222.571428571429,232.714285714286,-8.10402721898116,59,4
219.268041237113,232.247422680412,-15.5097138237343,55,4
217.647058823529,231.705882352941,-23.2444045953842,29,4
214.50495049505,230.306930693069,-32.3186049262246,59,4
213.300970873786,230,-31.3565536342657,26,4
210.471698113208,228.896226415094,-18.2287721028129,55,4
207.009433962264,228.028301886792,-8.55865512412513,62,4
205.247619047619,227.419047619048,-16.8244243602897,31,4
202.925531914894,226.936170212766,-15.5153984991728,47,4
201.09900990099,226.158415841584,-28.0532925780088,35,4
198.049019607843,225.137254901961,-29.8839387683379,55,4
195.417475728155,224.04854368932,-17.3899730996146,51,4
193.368932038835,223.26213592233,-8.22009457330723,40,4
190.272727272727,222.838383838384,-9.72992085620158,56,4
188.772277227723,222.475247524752,-13.5133433630756,26,4
185.88,221.87,-27.1297484760798,49,4
182.877358490566,220.61320754717,-27.8987723257869,54,4
181.232142857143,219.803571428571,-22.8583663610195,36,4
178.361904761905,218.866666666667,-11.704304362619,55,4
177.43119266055,218.614678899083,-5.87438157112033,20,4
174.226086956522,217.75652173913,-10.8502899771133,60,4
171.745614035088,216.938596491228,-20.5898683444351,49,4
169.981651376147,216.05504587156,-23.5160241713497,37,4
167.21568627451,215.303921568627,-23.9097050470776,51,4
165.833333333333,214.564814814815,-19.5908443907527,32,4
163.100917431193,213.660550458716,-6.4278201674649,51,4
160.201834862385,212.688073394495,-10.6775714921235,58,4
158.794642857143,212.214285714286,-16.8577730962327,29,4
156.302752293578,211.660550458716,-24.6790190052177,49,4
154.846153846154,210.798076923077,-28.3439358634958,31,4
152.083333333333,209.614583333333,-24.5179804502728,48,4
148.913043478261,208.467391304348,-9.41972208045385,54,4
147.3,208.177777777778,-7.75831600545382,26,4
143.974358974359,207.025641025641,-15.4173185461609,54,4
142.645569620253,206.860759493671,-21.1371703978324,17,4
139.506172839506,205.592592592593,-29.2111187673879,46,4
137.072289156627,204.361445783133,-24.4241201969028,42,4
136.621951219512,203.682926829268,-23.8881393535299,17,4
135.481012658228,202.784810126582,-23.6275782831559,25,4
134.926829268293,201.987804878049,-36.6674432334273,17,4
134.369047619048,200.380952380952,-54.4056227266138,44,4
133.653333333333,197.76,-63.3560203291732,41,4
133.626666666667,196.413333333333,-52.7189901250809,30,4
133.851351351351,195.202702702703,-37.42334244522,41,4
133.511363636364,193.852272727273,-44.8186427420969,32,4
132.888888888889,191.9,-53.024028026946,36,4
131.828947368421,189.131578947368,-64.4102778539682,46,4
132.166666666667,188.809523809524,-64.4868791508154,18,4
132.379310344828,187.275862068966,-63.1677563815423,35,4
132.5,186.576086956522,-60.4595915165693,19,4
132.223529411765,184.776470588235,-57.1279624425498,29,4
131.564102564103,182.679487179487,-65.0975031544865,33,4
131.597402597403,182.181818181818,-71.4639161592931,11,4
131.738636363636,181.056818181818,-76.8271583730061,23,4
131.836956521739,180.597826086957,-79.7693574121346,14,4
131.694117647059,178.258823529412,-80.5833991199077,37,4
131.827160493827,176.456790123457,-74.1705998087487,28,4
131.846153846154,176.012820512821,-71.3330196954219,9,4
131.487179487179,174.423076923077,-73.4579509341024,26,4
