414.547445255474,242.087591240876,5.2369961818442,NaN,1
414.689393939394,242.075757575758,4.83796518018986,11,1
414.707692307692,241.961538461538,5.18850295354193,8,1
414.698529411765,241.889705882353,4.86945857939208,10,1
414.942028985507,241.789855072464,5.97697694053447,10,1
414.807407407407,241.985185185185,4.5863906239268,21,1
414.887218045113,242.09022556391,4.48682149281117,12,1
414.854961832061,242.099236641221,4.67278200196058,2,1
415,242.097744360902,4.746845050001,10,1
414.887218045113,242.195488721805,4.82658361369421,8,1
414.826086956522,242.210144927536,4.98857615744864,9,1
414.830769230769,242.215384615385,4.37317454886789,18,1
415.022222222222,242.140740740741,4.67580110839332,9,1
415.471014492754,242.072463768116,5.21918518242054,11,1
415.140740740741,242.2,5.7879399664578,13,1
414.954887218045,242.263157894737,4.57999408119812,12,1
415.014492753623,242.36231884058,4.06121000060043,15,1
415.111111111111,242.444444444444,3.29008525870072,7,1
415.113636363636,242.530303030303,4.21091672622162,13,1
415.215384615385,242.523076923077,4.54158374562962,8,1
415.030769230769,242.638461538462,4.03466703540471,8,1
415.143939393939,242.666666666667,3.84377372685806,10,1
414.90625,242.6875,3.41153691572563,10,1
414.893129770992,242.69465648855,3.59693594478592,5,1
414.931297709924,242.748091603053,3.58266230370954,4,1
415.282442748092,242.732824427481,3.6020586072874,8,1
415.161538461538,242.761538461538,3.73745682087729,7,1
415.169230769231,242.776923076923,3.63003725639024,4,1
415.515625,242.734375,4.48968844327907,8,1
415.508064516129,242.717741935484,3.85746153103744,10,1
415.1640625,242.75,4.22750492472834,6,1
415.596774193548,242.91935483871,4.58886701979917,10,1
415.595238095238,242.952380952381,4.40631851662297,8,1
415.341085271318,243,4.37206709884473,7,1
415.550387596899,242.984496124031,3.75140286323844,6,1
415.646616541353,243.03007518797,2.89893421798117,8,1
415.612403100775,242.992248062016,3.85341700561627,6,1
415.340909090909,243.05303030303,3.90351712653845,11,1
415.669230769231,243.046153846154,3.05665314085325,10,1
415.646153846154,243.115384615385,3.77502679929295,6,1
415.5,243.097014925373,3.0774942120618,8,1
415.762962962963,243.177777777778,3.5194300655533,11,1
415.699248120301,243.210526315789,3.84200156217058,6,1
415.859259259259,243.22962962963,3.74834539894126,6,1
415.75572519084,243.297709923664,3.022157751102,4,1
415.75572519084,243.267175572519,3.22147394252882,6,1
415.533834586466,243.443609022556,2.42449923752973,12,1
415.825396825397,243.47619047619,2.8370703856993,7,1
415.716417910448,243.365671641791,3.48660848362046,10,1
415.742424242424,243.295454545455,3.72749644352387,4,1
415.92700729927,243.48905109489,2.0256452496582,9,1
415.78102189781,243.401459854015,3.2649155138875,14,1
415.905109489051,243.394160583942,2.53457730773971,12,1
415.755555555556,243.511111111111,2.58262052249787,10,1
415.8,243.515384615385,2.04100966693829,7,1
415.847328244275,243.687022900763,2.39471230083539,11,1
415.955223880597,243.589552238806,2.37570892508075,9,1
416.037037037037,243.644444444444,2.41835305965775,5,1
416.25,243.628787878788,2.84106135597871,15,1
416.151515151515,243.522727272727,2.59969843684643,8,1
416.15503875969,243.658914728682,2.37819687568758,13,1
416.48031496063,243.669291338583,1.64299501572986,10,1
416.224,243.888,1.43015097085498,12,1
416.221374045802,243.908396946565,0.432048173361224,10,1
416.436090225564,243.864661654135,0.759408929363719,14,1
415.860294117647,244.25,-3.54154493847141,25,1
415.691056910569,244.382113821138,-10.5285891641773,33,1
415.806722689076,244.193277310924,-18.7675728938984,24,1
415.483333333333,244.608333333333,-25.281697189728,35,1
415.433333333333,244.516666666667,-42.9006359587749,26,1
415.213740458015,244.75572519084,73.8687784733008,47,1
414.702702702703,244.75,54.1864566957484,37,1
414.428571428571,244.701298701299,50.2191184740193,26,1
413.751633986928,245.725490196078,39.0618138606367,45,1
413.470198675497,246.013245033113,34.6101905977447,20,1
412.556291390728,246.582781456954,32.982082004866,36,1
411.569620253165,247.012658227848,31.0220441249602,27,1
411.092715231788,247.225165562914,30.7251206566702,19,1
409.993710691824,247.880503144654,32.6299995729345,30,1
409.224358974359,248.288461538462,31.6543655605043,21,1
407.68275862069,249.386206896552,31.8369106732964,37,1
406.333333333333,250.485507246377,34.6386274856506,37,1
405.832116788321,250.78102189781,35.1533031453916,13,1
404.610687022901,251.557251908397,36.1991035640694,32,1
404.007692307692,252.061538461538,36.043336380019,17,1
402.706766917293,252.947368421053,32.9992757069882,31,1
401.581395348837,253.736434108527,24.7890126711165,30,1
401.045801526718,253.984732824427,23.080379098214,22,1
400.382352941176,254.110294117647,21.4165695861392,21,1
399.416666666667,254.742424242424,21.7053519711322,30,1
398.457746478873,254.93661971831,18.7860832578059,32,1
396.34126984127,256.150793650794,17.6496028259442,46,1
395.716535433071,256.314960629921,19.4340165693189,15,1
393.775,257.15,24.2346448216867,37,1
393.235772357724,257.284552845528,23.478407510311,19,1
391.84496124031,257.813953488372,25.3569206401014,28,1
390.792,258.48,25.5636218599277,30,1
390.672,258.696,23.8200462143698,18,1
389.402985074627,259.149253731343,23.3396168828192,25,1
388.871212121212,259.393939393939,22.4612063312621,16,1
387.785185185185,259.696296296296,18.3460514061362,29,1
386.920863309353,259.956834532374,17.1988425650911,24,1
385.761538461538,260.484615384615,14.3641857411902,23,1
384.284552845528,260.845528455285,11.3157671634166,35,1
383.184,261.16,11.9509263256028,22,1
381.893442622951,261.639344262295,15.4859453879935,29,1
380.634146341463,261.869918699187,18.6589692509638,27,1
379.838461538462,261.869230769231,19.9887129332547,19,1
378.698529411765,262.5,23.9923363736662,28,1
378.30985915493,262.605633802817,23.4399135178967,24,1
377.169014084507,263.007042253521,25.8308930914628,36,1
375.888888888889,263.368055555556,22.0850104666394,30,1
375.308724832215,263.664429530201,20.3568669376708,25,1
374.150326797386,263.895424836601,16.6729928384154,28,1
373.470198675497,264.165562913907,15.7493324226792,16,1
371.787671232877,264.691780821918,14.6934284963903,43,1
370.02962962963,265.17037037037,13.474672989625,33,1
369.260869565217,265.471014492754,16.1654877419369,17,1
367.984962406015,265.729323308271,19.6230835230607,25,1
367.586956521739,265.81884057971,19.6566931284452,15,1
366.321428571429,266.328571428571,22.0862092273916,30,1
364.732394366197,266.894366197183,26.087807526063,32,1
363.746376811594,267.268115942029,26.083314909753,24,1
362.827586206897,267.51724137931,22.3703816362979,29,1
362.103448275862,267.744827586207,22.5461531660632,16,1
360.895104895105,268.097902097902,17.6972120138716,26,1
359.888888888889,268.326797385621,17.7651198272873,24,1
358.933774834437,268.549668874172,13.7690043623562,26,1
357.486301369863,268.828767123288,13.0347477865569,31,1
356.772413793103,269.034482758621,12.8336159910059,21,1
355.335570469799,269.436241610738,15.6218582613283,26,1
353.666666666667,269.795918367347,21.1287751149827,34,1
352.841726618705,270.071942446043,19.9587190875971,22,1
351.668874172185,270.582781456954,21.6494866525708,26,1
350.743055555556,270.784722222222,24.8455920221822,21,1
349.131944444444,271.326388888889,24.1569765107621,30,1
347.79020979021,271.734265734266,20.3838489296745,27,1
347.053333333333,271.866666666667,17.9672391442639,15,1
345.746575342466,272.287671232877,13.1477830121509,34,1
344.767605633803,272.394366197183,11.2126270598145,20,1
343.445945945946,272.554054054054,9.06693283282098,34,1
341.080882352941,273.044117647059,8.35521134590285,42,1
340.357142857143,273.078571428571,10.4485738655004,18,1
338.781690140845,273.422535211268,17.0870023315871,34,1
338.007246376812,273.528985507246,18.0975710345346,18,1
336.786206896552,273.751724137931,20.1918393098534,27,1
335.22972972973,274.175675675676,22.5405686473523,33,1
334.469387755102,274.340136054422,20.8045230559045,17,1
333.350649350649,274.746753246753,20.4403406560319,25,1
NaN,NaN,NaN,154,1
397.724137931034,233.827586206897,-58.382626684829,NaN,2
397.747899159664,233.890756302521,-58.4092104942182,3,2
397.694915254237,233.847457627119,-58.7437091643727,5,2
397.655462184874,233.840336134454,-58.1927499356222,5,2
397.625,233.825,-58.2045940203846,5,2
397.65625,233.8671875,-62.5553700296541,26,2
397.809523809524,233.730158730159,-69.5557634964487,24,2
398.044776119403,233.65671641791,70.7911929986872,64,2
398.790697674419,230.697674418605,63.919330146929,71,2
399.445378151261,229.949579831933,68.6592518259329,30,2
400.073770491803,226.401639344262,89.7012191561353,73,2
400.022900763359,224.282442748092,-77.4107667367016,41,2
399.153846153846,220.307692307692,-65.172808304972,74,2
398.25641025641,218.145299145299,-65.5571446394102,48,2
397.534482758621,216.818965517241,-63.6161547748896,27,2
396.119266055046,214.605504587156,-51.1548908088561,41,2
395.739495798319,214.193277310924,-50.5692350612334,20,2
394.294117647059,213.051470588235,-33.8273911458911,57,2
392.401515151515,212.113636363636,-29.2391211975932,52,2
391.428571428571,211.451127819549,-30.8166350505008,31,2
389.9140625,211.1328125,-32.4998204629431,47,2
388.702479338843,210.396694214876,-37.989665242483,29,2
386.698412698413,209.293650793651,-39.7120364280271,55,2
384.5859375,207.953125,-36.9815404306173,56,2
383.271317829457,207.162790697674,-30.0807825490495,27,2
381.046875,206.3671875,-11.9744426788609,47,2
380.455223880597,206.313432835821,-11.9082085720351,20,2
378.85401459854,206.051094890511,-4.47748833217517,35,2
376.779411764706,205.75,-0.28124492503177,49,2
375.613138686131,205.78102189781,2.75771717274089,27,2
373.449612403101,205.542635658915,-5.10963711570363,46,2
372.453846153846,205.5,-11.3666920212661,23,2
370.12030075188,204.954887218045,-17.3225390159347,59,2
365.946564885496,204.091603053435,-18.0318709239575,78,2
364.798507462687,203.910447761194,-12.6300669676825,27,2
361.731343283582,203.335820895522,1.19868398336443,56,2
360.611111111111,203.638888888889,7.56159175275134,34,2
358.125874125874,203.825174825175,19.8029219309735,53,2
355.4,204.392592592593,23.9833037091504,56,2
354.385714285714,204.671428571429,26.1899082518641,29,2
352.259259259259,205.525925925926,25.4318263018585,47,2
351.290780141844,205.808510638298,26.0975862003834,26,2
349.671532846715,206.452554744526,22.544760101206,40,2
348.028368794326,207.31914893617,23.0316314751455,40,2
347.079136690647,207.812949640288,22.0436782480005,26,2
345.727272727273,208.370629370629,24.6301535243776,32,2
344.873134328358,208.977611940299,24.4355902184915,29,2
343.461538461538,209.515384615385,27.1493302505982,30,2
342.210526315789,210.270676691729,31.9873464267606,29,2
341.651851851852,210.688888888889,33.9250750759408,16,2
340.811023622047,211.015748031496,32.5924380534362,24,2
340.143939393939,211.818181818182,38.351240176724,21,2
338.643356643357,212.762237762238,40.3915780122169,35,2
337.544217687075,213.21768707483,39.1658937539082,34,2
336.694444444444,214.027777777778,37.614665058918,23,2
335.821428571429,214.614285714286,34.3464086920332,30,2
335.007092198582,215.106382978723,34.125248800655,19,2
333.709219858156,215.914893617021,30.5826905119164,30,2
332.380281690141,216.661971830986,29.0455102094843,33,2
331.910447761194,217.119402985075,28.9416715838767,20,2
330.103174603175,218.198412698413,30.6107675099441,36,2
329.531746031746,218.515873015873,32.411749917283,12,2
328.362204724409,219.346456692913,36.4175169845875,27,2
327.227642276423,220.170731707317,41.7532245863317,30,2
326.837398373984,220.50406504065,42.4352480306821,12,2
325.515384615385,221.892307692308,45.4540726742437,35,2
325.333333333333,222.007575757576,45.8724616163613,10,2
324.583333333333,222.712121212121,44.3864120841315,32,2
323.583333333333,223.522727272727,43.0465538099619,24,2
323.06015037594,224.12030075188,42.6506759260892,15,2
322.165413533835,224.744360902256,39.1469307148483,24,2
321.881481481482,225.185185185185,39.728354900634,18,2
320.770992366412,226.175572519084,36.9836809138831,30,2
319.446153846154,227.346153846154,36.5483086814536,33,2
318.842105263158,227.842105263158,37.5667734267774,17,2
317.57264957265,228.854700854701,38.5060364542323,28,2
317.072580645161,229.33064516129,41.7379060304258,19,2
316.15625,230.34375,45.6824322921884,24,2
315.1796875,231.2734375,49.0910980123045,24,2
314.961832061069,231.541984732824,50.4170111311519,13,2
314.272727272727,232.113636363636,48.8277767706973,25,2
313.971014492754,232.5,49.7546430535,18,2
312.744680851064,233.943262411348,47.0625270450508,33,2
311.885714285714,234.7,43.9366335525375,25,2
311.496453900709,235.120567375887,43.4720172434937,19,2
310.661870503597,236.021582733813,41.3150446276015,26,2
310.380597014925,236.223880597015,40.8337085074245,15,2
309.270676691729,237.466165413534,39.2370394903484,31,2
307.976377952756,238.464566929134,40.0550857572345,32,2
307.491525423729,238.864406779661,41.3663405624907,13,2
306.693548387097,239.879032258065,45.7006136204294,28,2
306.109243697479,240.411764705882,46.6193879733828,15,2
305.478632478633,241.230769230769,50.0059539358971,20,2
304.661538461538,242,50.624109328492,25,2
304.289256198347,242.578512396694,49.4354579726169,17,2
303.2578125,243.703125,49.4199556990965,27,2
302.963235294118,243.845588235294,48.8818934426606,16,2
302.42962962963,244.511111111111,46.8138614635298,21,2
301.525925925926,245.4,44.8105877377631,28,2
300.840909090909,246.015151515152,42.5150886381838,23,2
299.824427480916,247.12213740458,42.2453921190405,25,2
299.798507462687,247.186567164179,44.6396351729135,21,2
298.638461538462,248.438461538462,45.2493381766566,30,2
297.793650793651,249.349206349206,47.6747204550904,24,2
297.208,250.048,51.2303786798264,15,2
296.519379844961,250.961240310078,53.7306884928096,28,2
296.248062015504,251.124031007752,54.4457714563357,10,2
295.153846153846,252.430769230769,58.3394534721836,27,2
294.545454545455,253.409090909091,56.3546335297886,28,2
294.259259259259,253.8,54.3588215988936,13,2
293.578571428571,254.785714285714,52.4457257548654,25,2
293.260563380282,255.070422535211,50.8642780998304,18,2
292.666666666667,255.775510204082,49.0820526219015,27,2
291.615384615385,257.13986013986,47.9417501222045,30,2
291.428571428571,257.385714285714,45.7903284471133,21,2
290.285714285714,258.828571428571,46.8790241040609,34,2
289.85401459854,259.204379562044,47.7053327776347,19,2
289.043795620438,260.459854014599,50.7914582516797,30,2
288.328467153285,261.576642335766,55.1674711892638,24,2
288.088888888889,261.918518518519,54.4684530933901,20,2
287.482014388489,262.68345323741,57.2589484722568,22,2
287.223776223776,263.006993006993,56.9433365622516,14,2
286.395833333333,264.041666666667,57.2666659991975,27,2
285.703448275862,265.006896551724,54.5570332416205,25,2
285.353333333333,265.326666666667,52.9994699130311,17,2
284.786666666667,266.166666666667,49.6852013084802,28,2
284.297297297297,266.756756756757,48.0523671383022,18,2
283.265306122449,267.727891156463,46.1721276867867,29,2
282.034965034965,269.104895104895,44.7462842705892,34,2
281.258992805755,269.784172661871,48.3734214443251,22,2
280.709219858156,270.617021276596,51.2843431054318,22,2
280.095588235294,271.227941176471,53.2655975531878,17,2
279.264285714286,272.442857142857,58.4326573195116,26,2
278.422222222222,273.533333333333,58.8242028928391,33,2
278.211267605634,273.795774647887,59.3627757925115,13,2
277.354609929078,274.985815602837,57.8503687712622,29,2
277.171428571429,275.207142857143,57.0000862614137,9,2
276.337931034483,276.089655172414,55.0765181738459,25,2
275.480263157895,276.894736842105,52.186393330378,27,2
275.159722222222,277.465277777778,51.8277730321433,18,2
273.952702702703,279.006756756757,50.6795847732753,36,2
273.48275862069,279.558620689655,50.6397194837427,17,2
272.77397260274,280.486301369863,51.0617944179145,23,2
272.111888111888,281.363636363636,54.233998860555,23,2
271.598591549296,282.06338028169,55.8220253383412,19,2
270.86231884058,283.239130434783,59.1122252925219,24,2
270.640287769784,283.755395683453,60.8505359924902,13,2
269.542857142857,284.878571428571,62.4309205684716,31,2
268.929078014184,286.099290780142,62.3491276187036,25,2
268.506944444444,286.659722222222,61.352111638936,15,2
268.034482758621,287.213793103448,59.2212694043802,15,2
267.791946308725,287.577181208054,59.3915478805113,16,2
266.846666666667,288.786666666667,55.6129950304744,29,2
266.246753246753,289.519480519481,54.9905596144373,22,2
265.947368421053,289.888157894737,55.1675983564079,12,2
265.255033557047,290.738255033557,53.6746311668232,23,2
264.746666666667,291.313333333333,53.0176597187118,19,2
264.156862745098,292.169934640523,55.0814995007084,33,2
262.924657534247,293.952054794521,60.2881066368529,37,2
262.602739726027,294.287671232877,61.9684368162143,20,2
261.816901408451,295.711267605634,66.8571202910965,30,2
261.453237410072,296.510791366906,67.6484805195705,17,2
260.884892086331,297.446043165468,68.5109060726632,26,2
260.183098591549,298.591549295775,68.951477231132,27,2
259.951388888889,299.020833333333,67.642366286184,12,2
259.420689655172,299.806896551724,65.0313234684819,19,2
259.054421768707,300.340136054422,64.122574274084,16,2
258.456375838926,301.053691275168,61.5750348666328,22,2
257.835616438356,302.047945205479,59.1753359630759,25,2
257.462585034014,302.571428571429,59.3061335281082,17,2
256.856209150327,303.673202614379,59.2989108675282,24,2
256.69387755102,304.08843537415,60.0520485535963,16,2
255.834437086093,305.086092715232,62.2899812615367,30,2
254.978102189781,306.759124087591,68.1861150003342,34,2
254.68115942029,307.45652173913,69.1469268052522,13,2
254.205882352941,308.441176470588,71.2577784602503,26,2
253.94964028777,309.057553956835,72.7838949309968,15,2
253.448529411765,310.161764705882,73.1651942111555,25,2
253.070921985816,310.936170212766,71.2146552669734,15,2
252.678571428571,311.635714285714,70.5965199354637,15,2
252.132867132867,312.783216783217,68.7172471942217,27,2
251.90780141844,313.085106382979,67.746343821517,14,2
251.396103896104,313.753246753247,64.1007158102072,29,2
251.051612903226,314.445161290323,64.8630089140959,21,2
250.653846153846,315.01282051282,63.7719835208825,17,2
250.119205298013,316.099337748344,64.885419302171,25,2
249.769736842105,316.980263157895,66.129239895137,17,2
249.135714285714,318.6,68.5614720904,32,2
248.723404255319,319.63829787234,73.8621929283925,27,2
248.468531468531,320.307692307692,74.2797998864841,18,2
248.035460992908,321.510638297872,74.3497339142424,24,2
NaN,NaN,NaN,141,2
394.916129032258,238.922580645161,-7.39637117609299,NaN,3
394.986842105263,238.934210526316,-7.51161862950459,9,3
394.876623376623,238.811688311688,-8.37933755983924,8,3
394.75,238.894736842105,-7.77329424347504,8,3
395.11038961039,238.961038961039,-6.92250344523703,6,3
394.879194630872,238.859060402685,-8.25430868909562,9,3
394.828767123288,238.965753424658,-7.57972986941072,9,3
394.731543624161,238.906040268456,-8.08208270422474,7,3
395.019607843137,238.928104575163,-7.10064869535817,10,3
394.718120805369,238.798657718121,-8.62146244708843,10,3
394.834482758621,238.855172413793,-8.15771082308437,10,3
394.72602739726,238.883561643836,-8.69681648797476,7,3
394.951724137931,238.875862068966,-8.05110316429203,9,3
395.026845637584,238.731543624161,-8.70483196402427,8,3
395.045751633987,238.78431372549,-7.38660881791576,14,3
395.006666666667,238.673333333333,-8.30784898103906,9,3
395.093959731544,238.758389261745,-7.54471002213003,7,3
394.946666666667,238.766666666667,-8.06013870678966,5,3
395.039735099338,238.675496688742,-7.67386145503141,9,3
394.993421052632,238.743421052632,-7.2877459646146,9,3
395.868421052632,238.861842105263,-7.66010987264163,24,3
396.339622641509,239.106918238994,-8.75262554000597,13,3
396.697142857143,239.285714285714,-10.4811608659009,24,3
396.794285714286,239.388571428571,-10.2693851805664,16,3
396.601092896175,239.234972677596,-9.21958175024629,18,3
396.463687150838,239.27374301676,-8.50783643152938,14,3
396.474860335196,239.150837988827,-7.4113608603817,16,3
396.405882352941,239.094117647059,-9.33508498206146,17,3
396.178571428571,239.071428571429,-9.19596743054415,10,3
396.78488372093,239.110465116279,-9.81783816900988,16,3
396.862857142857,239.205714285714,-9.31767759516464,9,3
396.988505747126,239.247126436782,-9.08895588211367,9,3
396.724137931034,239.086206896552,-9.59310932751183,8,3
396.692737430168,239.078212290503,-10.0575123962907,13,3
396.625698324022,238.966480446927,-9.60170844442978,14,3
396.76404494382,238.915730337079,-8.54518707474102,11,3
396.795454545455,239.011363636364,-9.25411025442468,10,3
397.162162162162,239.221621621622,-9.57994827791818,17,3
397.247252747253,239.148351648352,-8.10443395677118,15,3
397.277777777778,239.077777777778,-7.62945131337557,8,3
396.978021978022,239.126373626374,-8.2763515890445,10,3
397.120879120879,239.038461538462,-8.4304870337488,8,3
397.258426966292,239.033707865169,-7.67515457490612,8,3
397.022598870056,239.022598870056,-8.67171404011097,3,3
397.285714285714,238.983516483516,-7.98175205211728,9,3
397.161111111111,239.033333333333,-8.18326284223665,6,3
397.11797752809,239.011235955056,-8.78653589913901,6,3
397.27868852459,238.96174863388,-8.23432079608532,11,3
397.168539325843,238.966292134831,-8.13991262345183,11,3
397.373626373626,239.005494505495,-7.68771577265447,10,3
396.9,238.955555555556,-7.91459000476687,14,3
397.020942408377,238.926701570681,-7.88067006601539,23,3
396.945355191257,239.196721311475,-12.0171067551969,46,3
396.610810810811,239.589189189189,-23.080212304129,40,3
395.404371584699,238.945355191257,-42.2192378708903,72,3
392.479041916168,236.652694610778,-39.9013064565141,90,3
388.323741007194,233.812949640288,-20.2208264088655,82,3
384.651162790698,232.635658914729,-10.1768806430796,84,3
381.941176470588,231.897058823529,-12.8999764419408,53,3
378.221374045802,230.954198473282,-16.3662865366556,75,3
374.373983739837,230.154471544715,-2.12405099195133,68,3
372.341666666667,230.083333333333,11.1729326752447,37,3
369.078260869565,230.173913043478,24.5453805041093,59,3
367.918032786885,230.524590163934,28.0035446147178,29,3
364.776923076923,231.769230769231,24.5925525099252,58,3
362.466165413534,232.586466165414,15.8860648728852,49,3
360.936507936508,232.952380952381,12.6229017958059,31,3
358.261538461538,233.807692307692,18.7387172476069,52,3
356.793893129771,234.030534351145,26.0916415883808,33,3
354.626865671642,235.253731343284,35.0092429576888,51,3
352.840277777778,236.798611111111,39.9420863314359,50,3
352.047619047619,237.551020408163,39.3299886917986,27,3
350.622377622378,238.867132867133,33.2499082315053,50,3
349.856164383562,239.705479452055,32.3018129015595,31,3
348.605633802817,240.87323943662,30.4871450977862,36,3
347.189781021898,242.007299270073,29.4387939965358,53,3
345.959016393443,243.081967213115,30.65376488024,33,3
344.01724137931,244.603448275862,43.2894295655757,46,3
343.595041322314,245.537190082645,48.7800840057174,23,3
342.452991452991,246.854700854701,57.0432208550861,36,3
341.5546875,248.0625,61.1120190844518,33,3
341.015384615385,248.807692307692,62.7644178625263,16,3
340.06106870229,250.114503816794,59.7729102057846,37,3
339.762589928058,250.654676258993,58.3774939339476,22,3
339.050724637681,251.652173913043,55.7342565479363,31,3
337.992647058824,253.264705882353,52.2322987295854,42,3
337.496240601504,254.172932330827,50.9217043376716,23,3
336.55223880597,255.246268656716,48.0152656537683,31,3
335.838235294118,256.272058823529,48.1957855381898,26,3
334.251968503937,258.173228346457,50.6843174307911,43,3
333.279069767442,259.643410852713,55.3889747720496,30,3
332.566929133858,260.590551181102,59.2981667555639,24,3
331.736842105263,261.548872180451,57.1511355920583,28,3
331.310606060606,262.363636363636,57.7208592311689,19,3
330.515151515152,263.575757575758,55.6123325349632,28,3
329.94964028777,264.381294964029,52.596888032478,25,3
329.577181208054,264.691275167785,52.4943661741637,22,3
328.767123287671,265.965753424658,49.6138708658092,35,3
328.342281879195,266.677852348993,48.1950096445814,31,3
327.204379562044,268.394160583942,46.5632803608659,40,3
326,269.925925925926,49.4014033710026,36,3
325.255474452555,270.868613138686,52.0041063953852,22,3
324.067669172932,272.421052631579,57.4962951245256,38,3
323.514492753623,272.963768115942,58.7798319504029,17,3
322.921428571429,273.778571428571,56.8437023703605,26,3
322.062937062937,275.041958041958,54.2786399355664,33,3
321.673202614379,275.183006535948,52.323976194383,18,3
320.8125,276.25625,49.8219677827614,37,3
320.39751552795,276.782608695652,48.514772551805,27,3
319.547770700637,277.745222929936,46.8898686302915,34,3
318.50641025641,278.891025641026,45.0009000538736,39,3
317.879432624113,279.581560283688,44.7492120285275,27,3
316.303703703704,281.459259259259,49.1150909341795,44,3
315.748148148148,281.955555555556,51.5196923155644,16,3
314.90977443609,283.195488721805,54.1833517546153,34,3
313.992537313433,284.649253731343,58.8359107967268,35,3
313.533333333333,285.140740740741,59.0747331217622,19,3
312.492957746479,286.408450704225,57.3641443307871,33,3
312.387323943662,286.542253521127,55.5116339793707,14,3
311.360759493671,287.518987341772,52.5913041805952,30,3
310.402597402597,288.863636363636,48.5787983598141,38,3
309.935064935065,289.428571428571,47.2208618574453,22,3
308.900621118012,290.32298136646,46.7379620438899,41,3
308.307692307692,290.929487179487,45.576332501827,21,3
307.055555555556,292.333333333333,52.4243532319013,36,3
305.827338129496,293.805755395683,52.0601372888077,43,3
305.312056737589,294.269503546099,54.3912656307472,24,3
304.154411764706,295.463235294118,55.5926396381209,33,3
303.611510791367,296.287769784173,59.4719890978014,23,3
302.652482269504,297.432624113475,56.5450494102739,28,3
301.797297297297,298.432432432432,54.3415733427787,29,3
301.351351351351,299.202702702703,54.1086221507486,18,3
300.657718120805,299.657718120805,49.7389684865657,23,3
300.210526315789,300.131578947368,49.8727676218245,21,3
299.320987654321,301.049382716049,48.621411881818,34,3
298.15625,302.3,47.7184118264097,34,3
297.539473684211,302.835526315789,47.8109650368772,20,3
295.736111111111,304.694444444444,51.3853181837623,46,3
295.337837837838,305.027027027027,51.2767143604825,18,3
294.328859060403,306.006711409396,55.0404804834768,35,3
293.493055555556,307.041666666667,55.7249194883921,33,3
293.075342465753,307.534246575342,54.4765276851273,12,3
292.155405405405,308.175675675676,54.030399059204,30,3
291.775641025641,308.641025641026,51.4845038582073,18,3
290.78064516129,309.709677419355,47.7264942163976,35,3
290.049382716049,310.438271604938,45.3170442159535,25,3
289.374233128834,311.128834355828,44.3230756944805,21,3
288.524137931034,311.931034482759,41.2668067105962,32,3
288.006849315069,312.534246575342,43.1204642677349,17,3
286.801324503311,313.754966887417,45.4565753282224,35,3
285.503448275862,315.213793103448,49.1295691424873,36,3
284.934782608696,315.898550724638,49.9164373949872,19,3
284.028776978417,317.158273381295,51.582540891855,31,3
283.553191489362,317.617021276596,51.1328429025612,18,3
282.194444444444,318.916666666667,48.7318068502622,35,3
281.366666666667,319.746666666667,46.4142864895337,24,3
280.76821192053,320.165562913907,43.2884041768713,15,3
279.797385620915,321.02614379085,41.727633426967,34,3
279.155844155844,321.603896103896,40.0436986545593,19,3
278.284810126582,322.164556962025,39.8416049539991,30,3
276.418918918919,323.540540540541,40.617742281536,40,3
275.813793103448,323.931034482759,42.0798104620946,15,3
274.782894736842,324.953947368421,44.2180233121717,31,3
273.979166666667,325.527777777778,47.7656549074977,20,3
273.082191780822,326.452054794521,47.231861159411,26,3
271.764285714286,327.735714285714,49.1783084732181,34,3
271.638888888889,327.951388888889,46.9053452749658,16,3
270.631944444444,328.631944444444,45.016244839169,26,3
270.054421768707,329.265306122449,43.5533490018087,17,3
269.193333333333,329.953333333333,41.3072396221106,25,3
268.357142857143,330.538961038961,38.8396791204283,20,3
268.087837837838,330.608108108108,37.764516653006,12,3
266.891025641026,331.564102564103,37.7887148106571,38,3
266.270967741935,332.032258064516,38.2852737507088,17,3
264.582191780822,333.41095890411,41.5310850262582,39,3
263.506666666667,334.1,43.2278312451668,28,3
262.966216216216,334.668918918919,44.8960534684785,16,3
262.140939597315,335.275167785235,47.1282726348074,21,3
261.881578947368,335.657894736842,48.5131554917224,13,3
260.614864864865,336.689189189189,52.3456116732038,30,3
259.574324324324,337.641891891892,51.4596578555457,26,3
259.206896551724,338.062068965517,48.372197117615,19,3
258.307189542484,338.882352941176,48.0676422285363,26,3
257.781456953642,339.417218543046,44.7748991291064,18,3
256.815789473684,340.059210526316,42.2558638032232,25,3
256.37012987013,340.422077922078,41.5711853591943,26,3
255.709677419355,341.01935483871,42.7645204122131,23,3
254.797297297297,341.72972972973,40.004008875404,27,3
254.216216216216,342.182432432432,41.6094427987614,22,3
252.939189189189,343.202702702703,44.9299169192784,30,3
251.980132450331,343.887417218543,47.8512374704874,29,3
251.638157894737,344.342105263158,48.4842781857794,19,3
250.804054054054,345.148648648649,50.5908781476676,26,3
250.295302013423,345.724832214765,51.2360410697387,19,3
249.417218543046,346.754966887417,50.5557089032187,34,3
248.578947368421,347.381578947368,48.4636211752626,27,3
247.705479452055,348.205479452055,48.7631774417427,18,3
246.986928104575,348.921568627451,47.3123482766096,23,3
246.655405405405,349.243243243243,46.6550459453444,15,3
245.610738255034,350.06711409396,43.75954517545,27,3
244.758389261745,350.724832214765,41.36630304625,28,3
244.202614379085,351.124183006536,42.65085274788,18,3
242.935714285714,352.178571428571,40.5155513679002,29,3
242.454545454545,352.545454545455,42.9383684717416,17,3
241.696551724138,353.2,45.5341543135857,22,3
240.885906040268,353.818791946309,45.7492655180797,26,3
240.237762237762,354.251748251748,48.2252963323916,18,3
239.615384615385,355.034965034965,48.9868594481384,20,3
239.301369863014,355.184931506849,49.0089080817364,13,3
238.605442176871,355.829931972789,46.3213905526272,19,3
238.141891891892,356.101351351351,45.527440793358,17,3
237.87074829932,356.414965986395,43.0372084757142,11,3
237.128378378378,356.824324324324,42.4361945045068,23,3
236.783783783784,357.121621621622,40.8913430762218,12,3
236.24025974026,357.642857142857,41.303455871525,18,3
235.76582278481,357.987341772152,41.003892955695,16,3
NaN,NaN,NaN,158,3
409.204081632653,233.34693877551,-42.7479430934705,NaN,4
409.406896551724,233.489655172414,-43.1616651779422,10,4
409.394366197183,233.5,-42.7193546219755,3,4
409.326388888889,233.569444444444,-42.2791178619576,6,4
409.238095238095,233.43537414966,-43.5056764650582,9,4
409.197278911565,233.469387755102,-42.9320566477574,4,4
409.377622377622,233.559440559441,-43.6644177103023,6,4
409.397163120567,233.574468085106,-43.2789680675549,4,4
409.412587412587,233.58041958042,-42.8119370860395,2,4
409.461538461538,233.657342657343,-43.0028200484352,6,4
409.416666666667,233.569444444444,-42.7101957584687,3,4
409.368055555556,233.444444444444,-42.8340790060383,6,4
409.326530612245,233.428571428571,-43.0717425563985,5,4
409.420689655172,233.510344827586,-43.3149516463804,6,4
409.374149659864,233.340136054422,-42.6615139724061,8,4
409.417808219178,233.342465753425,-43.3581599275538,7,4
409.376712328767,233.36301369863,-43.2573557172107,4,4
409.556338028169,233.457746478873,-42.7295634508956,6,4
409.510638297872,233.41134751773,-42.8232849096656,7,4
409.766423357664,233.569343065693,-43.3950363367078,6,4
409.585714285714,233.428571428571,-43.2225810715803,3,4
409.581560283688,233.41134751773,-43.0546028977464,3,4
409.802919708029,233.605839416058,-43.0036852609334,4,4
409.802919708029,233.525547445255,-42.6794013933386,2,4
409.890510948905,233.540145985401,-42.7151034569906,2,4
409.769784172662,233.41726618705,-42.834495645863,2,4
409.741007194245,233.402877697842,-42.6976562085376,2,4
409.557142857143,233.264285714286,-43.0646123258936,5,4
409.624113475177,233.382978723404,-43.2026649561356,5,4
409.913043478261,233.550724637681,-43.754168176363,5,4
409.855072463768,233.557971014493,-43.5155959230873,2,4
409.804347826087,233.557971014493,-44.1124102934204,6,4
409.855072463768,233.586956521739,-43.4883882596003,4,4
409.669064748201,233.410071942446,-42.7340145699557,7,4
409.776978417266,233.474820143885,-42.5439736502422,6,4
409.557971014493,233.391304347826,-42.4714604940122,7,4
409.598591549296,233.274647887324,-42.8852487031607,6,4
409.685714285714,233.364285714286,-43.0528899853643,6,4
409.635714285714,233.307142857143,-42.9012849057102,6,4
409.68345323741,233.374100719424,-42.8493176380271,5,4
409.676258992806,233.402877697842,-43.2706435888631,4,4
409.65,233.321428571429,-43.2279543948092,3,4
409.75,233.514285714286,-43.8212284071725,4,4
409.721428571429,233.471428571429,-43.3853639440933,6,4
409.735714285714,233.371428571429,-44.0062364651329,6,4
409.785714285714,233.371428571429,-43.9088234491327,8,4
409.985074626866,233.641791044776,-43.8893105766685,8,4
409.874074074074,233.437037037037,-43.1886118527965,5,4
409.94776119403,233.492537313433,-43.4187087581975,1,4
409.913043478261,233.492753623188,-43.5069089352033,6,4
409.949275362319,233.514492753623,-43.1633758956111,2,4
409.948905109489,233.357664233577,-44.1522557681922,9,4
409.970149253731,233.738805970149,-60.9907806272807,63,4
409.913043478261,233.920289855072,-82.2591828296791,32,4
409.5078125,235.6171875,69.1089942975992,62,4
409.115107913669,237.230215827338,69.862304153777,47,4
408.34,240.106666666667,85.12600487871,75,4
407.219178082192,244.321917808219,86.6455749521637,88,4
406.492857142857,247.2,69.7952976747576,50,4
404.552,250.52,54.3801676036129,85,4
403.289655172414,253.365517241379,68.0462075272256,66,4
401.624113475177,257.985815602837,83.4692228880268,94,4
399.972602739726,263.308219178082,76.9116572165554,101,4
399.352941176471,264.897058823529,68.7216317937189,40,4
397.076923076923,269.630769230769,57.3809472606624,96,4
395.795774647887,272.654929577465,61.3459343184033,60,4
393.649635036496,276.372262773723,66.8729639366791,79,4
391.68275862069,279.751724137931,61.9876105042183,70,4
390.223880597015,282.149253731343,52.2986949086973,45,4
388.223880597015,284.65671641791,42.5356162769944,66,4
387.11724137931,286.062068965517,46.7430790924991,39,4
385.622516556291,288.092715231788,51.5782184467844,54,4
383.198581560284,290.957446808511,65.6849866242546,64,4
382.297872340426,292.248226950355,63.7728694862516,34,4
380.699300699301,294.538461538462,58.8577625555762,48,4
379.847222222222,295.597222222222,53.7465955977538,29,4
378.493333333333,297.34,46.6597477223947,48,4
377.101351351351,298.817567567568,47.6266037740073,48,4
375.65625,300.0234375,47.0201737567397,32,4
374.057553956835,301.856115107914,58.5954536078217,47,4
373.338235294118,302.911764705882,62.8023864713691,27,4
371.878571428571,304.435714285714,66.4868974426061,44,4
370.773722627737,306.087591240876,64.3003228266408,37,4
370.127659574468,307.014184397163,61.2210514397892,22,4
368.878571428571,308.7,55.6364083271293,41,4
368.478873239437,308.957746478873,54.4784018585261,18,4
367.280821917808,310.335616438356,53.9001277728606,38,4
365.769230769231,312.188811188811,57.7809568497522,49,4
365.345323741007,312.877697841727,59.3272350775435,22,4
364.242424242424,314.734848484848,64.8483312111334,39,4
363.81679389313,315.564885496183,65.8184186377579,23,4
362.550724637681,317.297101449275,65.1514055105919,39,4
361.952054794521,318.465753424658,64.150208812513,32,4
361.281690140845,319.394366197183,60.2919121240776,24,4
359.96,320.9,55.2498615649047,46,4
359.716129032258,321.290322580645,54.7890541765422,25,4
358.212903225806,323.129032258065,54.9565329062295,52,4
356.549295774648,325.830985915493,59.9593243804126,59,4
355.970149253731,326.880597014925,60.8957473869072,22,4
354.706766917293,328.93984962406,67.2178906137281,45,4
354.10447761194,330.126865671642,68.8160747681364,27,4
353.185185185185,331.481481481481,67.4484279102406,37,4
352.44,332.68,62.1604124593035,35,4
352.06,333.366666666667,59.285773736984,20,4
350.883116883117,334.863636363636,54.9082604369413,44,4
350.288461538462,335.839743589744,54.528224274247,32,4
348.739726027397,338.27397260274,56.9410605738169,54,4
347.619047619048,339.843537414966,61.2691675442363,39,4
347.021276595745,340.843971631206,63.6675392096231,26,4
346.013986013986,342.671328671329,64.7786837210496,44,4
345.355072463768,343.869565217391,65.5816837613101,25,4
344.425675675676,345.391891891892,61.8755416420835,34,4
343.540880503145,346.716981132075,58.3348422056286,37,4
343.235294117647,347.176470588235,55.4115512173567,22,4
342.194968553459,348.666666666667,53.0376892746183,42,4
341.61038961039,349.532467532468,52.7288633292044,23,4
340.418300653595,351.006535947712,55.328487784663,37,4
339.43537414966,352.639455782313,61.8176233299782,38,4
338.979166666667,353.555555555556,62.9593738027034,25,4
337.808219178082,355.260273972603,66.5518243694433,34,4
337.35,356.178571428571,65.7797039885138,18,4
336.152777777778,358.111111111111,61.989857180274,44,4
335.445205479452,359.321917808219,57.934371247207,30,4
334.972972972973,360.040540540541,57.4476334678013,18,4
334.173611111111,361.291666666667,53.2347416023012,32,4
333.503355704698,362.221476510067,54.0407980875058,23,4
332.356164383562,363.979452054795,55.8473445096065,39,4
330.992907801418,365.879432624113,60.391125905467,39,4
330.482014388489,366.654676258993,62.2766054298659,22,4
329.651851851852,368.451851851852,64.445279714456,38,4
329.088888888889,369.496296296296,63.7906093129139,22,4
328.2,371.133333333333,61.0285209840852,32,4
327.278571428571,372.4,56.9799839804072,33,4
326.697183098592,373.12676056338,54.6208077906509,22,4
325.673611111111,374.395833333333,53.5115936465925,34,4
325.264285714286,375.085714285714,51.4896992565328,22,4
324.107142857143,376.607142857143,52.0457249068182,34,4
322.859259259259,378.266666666667,56.8602764173471,35,4
322.30303030303,378.984848484848,59.5893775796676,21,4
321.107692307692,380.961538461538,62.2136630058114,40,4
320.527131782946,381.821705426357,64.0086829525479,19,4
319.622047244094,383.354330708661,62.4240257186111,32,4
318.628787878788,384.689393939394,56.1657020746715,33,4
318,385.636363636364,54.6623958233029,22,4
316.964788732394,386.915492957746,53.2530610087089,32,4
316.531914893617,387.567375886525,52.8241740866618,19,4
315.10071942446,389.381294964029,53.0626409418901,40,4
313.923076923077,390.867132867133,58.4775270705729,38,4
313.607142857143,391.321428571429,58.2811643849975,13,4
312.375,393.159722222222,63.272906826458,42,4
311.845637583893,394.046979865772,64.0882002946739,23,4
310.876712328767,395.198630136986,60.9382697333967,31,4
309.88198757764,395.962732919255,53.3293251123233,29,4
309.603658536585,395.926829268293,49.6385987020884,19,4
308.858757062147,396.242937853107,40.3495593183491,27,4
308.603351955307,396.379888268156,38.7371306739197,16,4
307.448648648649,396.691891891892,31.1035868311563,34,4
306.867724867725,396.915343915344,26.0333067701381,22,4
306.047619047619,397.121693121693,24.5333319938694,26,4
305.356783919598,397.226130653266,22.9412804507704,24,4
305.028846153846,397.163461538462,22.2322999764075,21,4
304.087804878049,397.326829268293,20.5837354526121,25,4
303.242990654206,397.336448598131,19.3068064737213,25,4
302.652380952381,397.390476190476,18.4650980814782,16,4
302.128571428571,397.419047619048,16.7209336056994,22,4
301.282407407407,397.449074074074,13.6682898736571,24,4
300.777251184834,397.336492890995,10.7467395053992,25,4
299.986175115207,397.345622119816,6.98017887546468,30,4
299.399082568807,397.490825688073,6.59917319391618,17,4
298.356481481481,397.555555555556,0.801950460425655,38,4
298.15625,397.491071428571,0.82586489817644,26,4
296.973214285714,397.616071428571,-1.83104419289759,32,4
295.700934579439,397.696261682243,-5.62596623884569,32,4
295.075829383886,397.800947867299,-7.08475617828827,19,4
293.966507177034,397.760765550239,-9.24600931609504,26,4
293.575471698113,397.731132075472,-9.23236668827295,11,4
292.738317757009,397.467289719626,-9.82699480825302,26,4
291.747747747748,397.328828828829,-9.66345560179426,24,4
291.144859813084,397.121495327103,-9.01887497950214,20,4
NaN,NaN,NaN,214,4
400.9296875,226.484375,15.8227173270815,NaN,5
400.977611940299,226.39552238806,16.4417907792645,6,5
400.779411764706,226.551470588235,16.0142168503527,10,5
400.992647058824,226.176470588235,17.3337225250423,16,5
400.911111111111,226.274074074074,21.1398554264039,29,5
401.352941176471,226.25,49.3661151901705,75,5
401.787401574803,225.889763779528,87.7723920623197,45,5
401.626984126984,222.992063492063,-80.5439982932515,71,5
401.840909090909,219.439393939394,80.2443074908629,76,5
401.991935483871,218.120967741935,67.4721599836283,42,5
403.767857142857,213.3125,55.4914152971892,94,5
405.087591240876,210.175182481752,67.3553222251138,59,5
407.014598540146,205.021897810219,74.2523013580958,104,5
408.533834586466,200.067669172932,63.5786602265682,88,5
409.628318584071,197.87610619469,63.7056393920389,46,5
411.300884955752,192.610619469027,89.0257534356381,104,5
411.572519083969,189.854961832061,-79.2588388417428,60,5
411.348148148148,185.659259259259,-76.2430073439955,70,5
410.187969924812,181.503759398496,-68.6091302611353,78,5
409.35652173913,179.008695652174,-53.4006120637872,44,5
407.3515625,175.90625,-43.2160315059923,74,5
406.233576642336,174.233576642336,-45.2611120948681,48,5
404.186206896552,171.724137931034,-50.0087164075787,58,5
401.169117647059,168.477941176471,-54.6637267782937,71,5
399.752066115702,166.809917355372,-45.000840841483,37,5
397.700787401575,165.062992125984,-38.4503650442476,56,5
396.744827586207,163.889655172414,-43.2262721675402,34,5
395.22641509434,162.358490566038,-48.2253478386129,50,5
391.863945578231,158.918367346939,-56.967556250053,80,5
389.978260869565,156.724637681159,-49.5035400084496,51,5
387.424,154.152,-29.6612788494352,67,5
386.330935251799,153.287769784173,-29.9313767305265,34,5
384.582781456954,152.05298013245,-35.0686818177116,52,5
381.463235294118,149.544117647059,-48.2568424196326,69,5
380.045454545455,148.159090909091,-48.9164320483371,40,5
377.484848484848,145.568181818182,-41.795373211066,62,5
376.656488549618,144.732824427481,-35.4386317867043,27,5
374.695652173913,143.108695652174,-31.1393918185004,53,5
372.463768115942,141.420289855072,-36.5968636858459,52,5
371.07874015748,140.267716535433,-43.113283832783,35,5
369.1875,138.21875,-50.4638593380276,55,5
368.488372093023,137.279069767442,-49.1415553065356,27,5
366.071428571429,134.896825396825,-36.064049142615,57,5
363.815384615385,133.161538461538,-24.2914365208851,56,5
362.53488372093,132.333333333333,-22.6947462403061,35,5
360.100775193798,130.93023255814,-32.2077242976324,50,5
358.75572519084,129.778625954198,-38.3735981751687,36,5
356.384615384615,127.938461538462,-42.7885343998095,57,5
353.412698412698,125.634920634921,-34.1533790374739,66,5
351.880952380952,124.65873015873,-23.4827667365078,40,5
350.141843971631,123.978723404255,-19.5369072324111,45,5
348.938775510204,123.394557823129,-17.8644626330609,40,5
345.751773049645,122.063829787234,-23.4169220062973,64,5
342.370629370629,120.405594405594,-36.749842386723,68,5
341.028985507246,119.398550724638,-34.5726346558759,41,5
337.437037037037,117.57037037037,-20.6884282433882,69,5
336.211678832117,116.941605839416,-16.4014418831094,32,5
333.597122302158,116.21582733813,-10.3084664021185,62,5
329.898550724638,115.289855072464,-12.3171704949197,69,5
328.127819548872,114.857142857143,-20.5631488624829,41,5
325.368794326241,114.007092198582,-27.2141612788228,58,5
323.629370629371,113.286713286713,-28.6364070928249,38,5
320.265151515152,111.757575757576,-18.6282461072797,69,5
317.539568345324,111.165467625899,-8.64702365375127,53,5
315.707692307692,110.784615384615,-4.90205690390061,41,5
312.721428571429,110.228571428571,-12.4893601837763,66,5
311.12676056338,109.830985915493,-18.1819657344117,34,5
307.978260869565,108.934782608696,-29.983607133088,64,5
304.748201438849,107.561151079137,-25.2092493625953,67,5
302.839694656489,106.793893129771,-16.885240033694,36,5
299.207692307692,106.084615384615,-3.33459750754953,65,5
297.844444444444,106.051851851852,-2.16564687291937,33,5
294.641791044776,105.731343283582,-6.25405558456277,61,5
291.621428571429,105.378571428571,-17.5322567116155,58,5
290.239436619718,104.816901408451,-19.1956156764647,40,5
286.968992248062,103.875968992248,-16.9833581400947,63,5
285.384,103.504,-12.7235271512354,30,5
282.84328358209,103.216417910448,-1.54015248033361,45,5
279.801526717557,103.053435114504,3.54553359505064,53,5
278.312977099237,103.06106870229,1.6079755813372,34,5
276.031746031746,103.02380952381,-5.803310953483,47,5
274.392,102.84,-10.0102992265667,31,5
271.738461538462,102.607692307692,-13.2772375584007,45,5
268.93984962406,102.406015037594,-5.70801956808721,53,5
267.062992125984,102.244094488189,0.886793160876953,34,5
264.388888888889,102.365079365079,7.23673384458831,55,5
263.224,102.376,8.12952210330917,21,5
260.48031496063,102.755905511811,-0.610688153825476,48,5
258.419117647059,102.742647058824,-9.98574448085666,45,5
256.787878787879,102.575757575758,-11.6685525789696,30,5
254.386861313869,102.277372262774,-10.7887369043655,47,5
252.864661654135,102.067669172932,-8.69414335692845,36,5
250.340909090909,101.719696969697,-4.40947897734452,47,5
246.697674418605,101.496124031008,1.63978227101573,55,5
245.459259259259,101.288888888889,-4.20381317386187,28,5
243.860294117647,101.044117647059,-6.36950718749326,35,5
242.386861313869,100.934306569343,-11.8961986248651,29,5
239.847826086957,100.253623188406,-13.8939555718696,55,5
236.556390977444,99.6390977443609,-7.72798753559289,57,5
234.935483870968,99.4274193548387,-0.812040280725729,35,5
232.234375,99.34375,5.16365615391895,46,5
230.826771653543,99.3070866141732,5.65711452041937,29,5
227.8515625,99.453125,-0.858163798426095,49,5
225.389705882353,99.3529411764706,-7.63076024959429,44,5
224.216417910448,99.2537313432836,-9.71559172031528,32,5
220.984251968504,98.9527559055118,-10.3793271969597,51,5
219.849206349206,98.7698412698413,-7.83589250895796,29,5
216.709923664122,98.7175572519084,1.51133584341239,49,5
214.216417910448,98.6417910447761,5.08247056293028,53,5
212.514492753623,98.6811594202899,4.65877535031382,32,5
210.234042553192,98.6666666666667,2.12127609200996,41,5
209.34693877551,98.578231292517,-0.535888202634193,26,5
206.931034482759,98.4275862068965,-4.54881912552576,50,5
203,98.1060606060606,-6.46658094187445,63,5
201.889763779528,97.9842519685039,-3.78690995789473,25,5
199.873134328358,97.910447761194,0.588614527274154,39,5
198.933823529412,97.9411764705882,3.4773297413475,26,5
196.064516129032,97.991935483871,7.44116688425944,48,5
194.377777777778,98.1259259259259,5.38488190559406,37,5
193.492957746479,98.1408450704225,4.94483249133315,19,5
190.822222222222,98.3851851851852,1.10387873038231,43,5
189.68115942029,98.3478260869565,0.734027511689023,21,5
187.06106870229,98.2442748091603,0.840260550282886,45,5
184.634328358209,98.589552238806,6.71852576136825,45,5
NaN,NaN,NaN,134,5
413.265060240964,258.807228915663,-19.1141116626162,NaN,6
413.333333333333,258.85119047619,-19.365129017983,12,6
413.625730994152,258.847953216374,-17.9133079324939,13,6
413.457317073171,258.896341463415,-18.4948364599027,15,6
413.315476190476,258.85119047619,-19.289493147823,10,6
413.189349112426,258.87573964497,-19.9338184260206,9,6
413.235294117647,258.958823529412,-19.7890137642707,15,6
413.39880952381,259.02380952381,-19.9647965397763,10,6
413.103658536585,259.103658536585,-21.1325692435142,14,6
412.945454545455,259.163636363636,-19.9350532709704,17,6
412.993827160494,259.179012345679,-19.8599931190253,7,6
413.117283950617,259.240740740741,-19.902231645487,14,6
413.087209302326,259.203488372093,-21.1585096389616,16,6
413.090361445783,259.228915662651,-20.7081992117383,8,6
413.12962962963,259.240740740741,-20.6246388310645,6,6
413.170731707317,259.396341463415,-22.0190277755338,8,6
413.15243902439,259.317073170732,-21.001244531904,8,6
413.147239263804,259.460122699386,-21.0937812625318,11,6
412.987654320988,259.462962962963,-22.3016535260862,9,6
413.516556291391,260.046357615894,-27.6053212026929,39,6
413.053333333333,260.073333333333,-34.8054772169617,35,6
413.728571428571,261.085714285714,-66.9678090868578,76,6
414.775510204082,263.421768707483,-70.7167622536932,99,6
416.048387096774,266.298387096774,-63.1616872386609,47,6
417.671140939597,269.919463087248,-61.709513223183,75,6
418.274285714286,271.714285714286,-67.2610960460103,52,6
420.067901234568,276.179012345679,-72.0181957092588,103,6
422.875,282.375,-61.1602111252568,108,6
423.455172413793,283.11724137931,-56.2522820445406,35,6
426.671755725191,288.717557251908,-63.1129133727121,116,6
427.777027027027,291.459459459459,-70.6297911295898,59,6
429.943661971831,296.93661971831,-71.9650100968255,104,6
432,300.64375,-61.2489244919985,84,6
432.92,302.5,-56.3965128932612,42,6
435.152777777778,306.666666666667,-57.2161357946517,90,6
436.193333333333,308.646666666667,-60.8566496683766,50,6
438.237410071942,312.503597122302,-65.854437133712,79,6
439.784722222222,315.756944444444,-62.183434786454,63,6
440.417808219178,316.801369863014,-59.4960238617873,28,6
441.503401360544,318.816326530612,-53.9209590678262,53,6
442.241830065359,320.091503267974,-52.5559001964316,28,6
443.41975308642,322.123456790123,-52.7918057336586,53,6
445.064935064935,324.649350649351,-61.1922229455613,54,6
445.8,325.965517241379,-64.7386272724768,29,6
446.964028776978,328.381294964029,-68.410451938572,50,6
447.676470588235,329.897058823529,-69.0726106156835,31,6
448.496402877698,331.525179856115,-64.2831458130803,33,6
449.444444444444,333.1875,-58.1770458888126,39,6
449.605633802817,333.683098591549,-54.6798810215501,18,6
450.420689655172,335.344827586207,-51.0785861885526,43,6
450.754838709677,336.077419354839,-53.7799507278215,22,6
451.865384615385,337.75,-57.9043989814333,41,6
452.66,339.566666666667,-62.9012170118204,42,6
453.352112676056,340.647887323944,-62.3333537468978,24,6
454.728571428571,343.135714285714,-63.1195926158137,54,6
455.112676056338,343.992957746479,-60.3280829682131,22,6
456.082191780822,345.465753424658,-52.5244776634736,38,6
457.137931034483,346.986206896552,-49.5259043709944,35,6
457.444444444444,347.458333333333,-47.4860258725583,17,6
459.032894736842,349.085526315789,-46.2669788199077,44,6
459.645161290323,350.174193548387,-48.4303406493881,27,6
460.986928104575,351.901960784314,-52.8285048295624,44,6
462.72972972973,354.067567567568,-55.7201464292214,53,6
463.527777777778,355.138888888889,-54.7841277437504,28,6
465.020833333333,357.222222222222,-53.3535337420459,52,6
465.565517241379,357.868965517241,-50.4186986715565,19,6
466.613793103448,359.206896551724,-45.4451346286776,40,6
468.052631578947,360.888157894737,-41.9322733890444,47,6
468.554140127389,361.643312101911,-39.6418334345908,29,6
469.924050632911,363,-38.6408850842303,45,6
470.149068322981,363.329192546584,-39.0138940994439,21,6
472.066225165563,365.145695364238,-42.3604766325505,52,6
473.691275167785,366.953020134228,-47.9384522882864,50,6
474.426573426573,367.692307692308,-48.9844079768867,20,6
475.894366197183,369.478873239437,-49.5188550664275,47,6
476.503448275862,370.344827586207,-48.9994739199424,23,6
477.821428571429,371.935714285714,-47.127898531911,35,6
478.888111888112,373.076923076923,-43.2144799366939,27,6
479.450704225352,373.852112676056,-42.9611167215368,19,6
480.661870503597,375.388489208633,-41.1399911066485,37,6
481.021428571429,375.807142857143,-39.7533707176038,15,6
482.007299270073,376.978102189781,-41.4775522086066,31,6
483.014084507042,378.098591549296,-44.3338082893832,33,6
483.605839416058,378.897810218978,-46.2016436448749,23,6
484.95652173913,380.202898550725,-50.4574346488841,33,6
485.55223880597,381.126865671642,-50.6048456260186,20,6
486.887218045113,382.533834586466,-50.6785745629272,33,6
488.089552238806,383.910447761194,-48.3395089559194,33,6
488.583333333333,384.409090909091,-46.6703649223978,14,6
489.69014084507,385.570422535211,-44.6749356785668,30,6
490.298611111111,386.104166666667,-42.7960516910457,14,6
491.80985915493,387.429577464789,-40.888448355977,40,6
492.698630136986,388.417808219178,-41.6009939954986,28,6
493.370860927152,389.039735099338,-43.8927262070489,23,6
494.354166666667,389.881944444444,-43.9172449995864,25,6
495.105960264901,390.801324503311,-49.2246172887591,25,6
496.053691275168,391.879194630872,-52.4438178068768,30,6
497.315436241611,393.597315436242,-55.1932987972714,40,6
497.822368421053,394.394736842105,-54.2984484285124,21,6
498.986842105263,395.756578947368,-53.3398835627122,38,6
499.202614379085,396,-51.5185416270996,13,6
500.153374233129,396.570552147239,-45.9784300151103,28,6
501.035928143713,397.287425149701,-38.3821354724312,26,6
501.521739130435,397.478260869565,-34.7030609809883,20,6
502.280701754386,397.74269005848,-27.35406277645,30,6
502.534090909091,397.607954545455,-27.2973618579591,15,6
503.545945945946,397.92972972973,-22.2230868832442,29,6
504.427807486631,397.866310160428,-20.4479108035232,34,6
504.898395721925,397.914438502674,-18.8981738903209,18,6
506.063157894737,398.031578947368,-17.3742049466481,33,6
506.652631578947,398.026315789474,-16.5748716093218,16,6
507.532994923858,398.055837563452,-16.9275801163691,27,6
508.664974619289,398.106598984772,-18.4387598296092,40,6
509.308080808081,398.19696969697,-19.1371105236163,15,6
510.353535353535,398.267676767677,-18.282486883661,30,6
511.020202020202,398.333333333333,-17.6546858962829,22,6
512.642857142857,398.510204081633,-15.8822096417871,34,6
512.871921182266,398.453201970443,-13.7029280715222,25,6
513.303482587065,398.497512437811,-12.6672414327116,14,6
514.880829015544,398.715025906736,-8.71481669279161,42,6
515.603174603175,398.835978835979,-5.79163502173484,22,6
516.57671957672,398.931216931217,-3.63866575245665,22,6
518.054644808743,398.907103825137,-0.371350000893318,36,6
518.794594594595,398.864864864865,2.37355227024581,22,6
520.050279329609,399.111731843575,3.39067701090862,30,6
520.316384180791,398.960451977401,3.88363640225143,14,6
521.772727272727,398.914772727273,3.03603759703035,37,6
522.166666666667,398.908045977012,1.45210098333049,16,6
522.533707865169,398.921348314607,1.03888926117329,12,6
523.646408839779,398.801104972376,0.248877513945578,31,6
524.15,398.733333333333,-1.23748478694549,17,6
524.72131147541,398.704918032787,-2.55134314949404,21,6
525.819209039548,398.785310734463,-5.77636587054819,30,6
526.505434782609,398.913043478261,-8.20122386077624,17,6
527.485549132948,398.884393063584,-8.47482901590119,33,6
527.875706214689,398.977401129944,-9.05164200308833,24,6
529.170454545455,398.988636363636,-8.97635472264033,27,6
530.212643678161,399.01724137931,-8.34126288386892,32,6
530.867403314917,399.193370165746,-7.58098485306542,23,6
531.849710982659,399.225433526012,-8.11665148440532,28,6
531.954022988506,399.195402298851,-7.41351131982407,19,6
533.29012345679,399.672839506173,-6.61595113458346,32,6
534.062111801242,399.614906832298,-7.98921040035269,21,6
534.471698113208,399.679245283019,-8.20028070782372,18,6
535.647435897436,399.76282051282,-10.0489756771831,23,6
535.865030674847,399.711656441718,-10.1532573578739,13,6
536.761006289308,399.754716981132,-10.8148259844866,22,6
537.55900621118,399.540372670807,-10.5605198313642,22,6
537.640243902439,399.506097560976,-10.0552719244785,9,6
538.647798742138,399.679245283019,-11.0700040500804,27,6
539.126582278481,399.670886075949,-11.4135359903908,17,6
539.8,399.775,-9.26037183986556,20,6
540.732919254658,399.801242236025,-7.6550220070686,23,6
541.196319018405,399.527607361963,-4.90580206475255,20,6
542.651315789474,399.677631578947,1.90479479737158,37,6
543.41610738255,399.731543624161,5.07081914929967,19,6
544.16339869281,399.529411764706,8.44050868227736,18,6
545.673469387755,399.292517006803,12.5622067482639,30,6
546.446666666667,399.073333333333,16.9887015066255,15,6
547.283018867925,398.830188679245,17.7862788660527,23,6
547.757961783439,398.707006369427,18.9107808456091,12,6
549.019867549669,398.509933774834,19.8382097042606,28,6
549.753333333333,398.213333333333,16.2597308404361,19,6
550.551020408163,398.170068027211,14.3048294139245,19,6
551.428571428571,397.857142857143,12.6785546038154,22,6
551.875,397.875,11.1696772997634,11,6
552.766666666667,397.6,9.74197803961693,22,6
553.843971631206,397.489361702128,7.36820113159336,23,6
554.275862068965,397.386206896552,5.36795668885117,14,6
555.470198675497,397.139072847682,4.95506777700634,24,6
555.859060402685,397.114093959732,4.26385549549695,16,6
556.377483443709,397.192052980132,4.46868224878639,20,6
557.647482014389,397.223021582734,4.26361528255637,28,6
558.485507246377,397.094202898551,4.31879726645254,15,6
559.954545454545,396.871212121212,4.72567348779439,24,6
560.410447761194,396.798507462687,5.3799094743256,10,6
561.423076923077,396.730769230769,6.14168274016877,22,6
562.297709923664,396.641221374046,6.19920262780931,15,6
562.555555555556,396.651851851852,6.73139521661418,8,6
563.36496350365,396.343065693431,8.97553293858836,16,6
563.764285714286,396.364285714286,8.24648942289136,9,6
564.127819548872,396.526315789474,5.76961394390019,15,6
564.907692307692,396.646153846154,4.11766453780003,17,6
565.173228346457,396.614173228346,3.97876014563509,9,6
565.78125,396.625,1.87747667513507,13,6
566.169230769231,396.653846153846,2.68254494600377,10,6
567.174242424242,396.265151515152,2.66440409537527,22,6
567.673913043478,396.297101449275,1.95467995574588,20,6
567.907142857143,396.228571428571,2.21053309214077,12,6
568.956834532374,396.251798561151,2.2858441174243,25,6
569.651162790698,396.279069767442,0.360709873953954,16,6
569.992481203008,396.18045112782,0.154616731987778,10,6
570.757575757576,396.295454545455,-0.85179642791265,17,6
571.659090909091,396.393939393939,-1.47698105861196,18,6
571.736,396.544,-1.23106060001999,13,6
572.162601626016,396.666666666667,-1.73112150230167,16,6
573.090909090909,396.570247933884,-0.342536289394169,18,6
573.496062992126,396.377952755906,-1.34540245256613,16,6
574.142857142857,396.470588235294,1.08987304898357,18,6
575.474576271186,396.347457627119,2.0395328776995,23,6
575.622950819672,396.409836065574,2.94061357429173,14,6
576.284552845528,396.390243902439,2.41099152569153,13,6
576.666666666667,396.511627906977,0.539656053506922,12,6
576.729927007299,396.48905109489,-0.547212337724337,14,6
577.251908396947,396.595419847328,-3.70237187455341,18,6
577.878048780488,396.731707317073,-6.31794717444682,14,6
578.380165289256,396.710743801653,-8.5061983265543,14,6
579.935779816514,397.05504587156,-12.7159574580976,24,6
579.626016260163,396.813008130081,-11.3681143692729,18,6
580.508064516129,396.959677419355,-7.40371683737219,21,6
580.666666666667,397.023255813953,-9.35851701500412,15,6
581.372093023256,397.186046511628,-7.59059329032049,20,6
582.175,397.491666666667,-6.71710489637867,23,6
582.715447154472,397.577235772358,-5.46568673270977,13,6
582.959349593496,397.739837398374,-5.61684589275508,16,6
583.421052631579,397.921052631579,-4.62689176019813,13,6
584.387931034483,398.008620689655,-1.50359188467094,20,6
585.333333333333,398.059829059829,-0.675706768973682,19,6
586.043859649123,398.105263157895,-0.420267885272449,15,6
586.754716981132,398.169811320755,-2.62198983959443,20,6
586.8,398.272727272727,-3.79189142343592,10,6
587.644859813084,398.495327102804,-5.44116529340026,15,6
588.265486725664,398.70796460177,-8.66783250994739,18,6
588.469026548673,398.752212389381,-8.68446691440997,8,6
588.931623931624,398.871794871795,-8.86099181254143,12,6
590.241379310345,399.068965517241,-15.2006485889862,25,6
591.008849557522,399.345132743363,-14.128804335125,17,6
591.913043478261,399.608695652174,-13.9470165864147,26,6
592.26724137931,399.715517241379,-12.5197290860104,9,6
593.254545454545,400.009090909091,-8.92387238074661,16,6
593.690265486726,399.982300884956,-7.76255461195344,9,6
594.252252252252,400.216216216216,-7.53513279093216,18,6
595,400.230769230769,-5.34514363345839,18,6
595.339130434783,400.304347826087,-4.74133375611063,10,6
596.103448275862,400.413793103448,-3.79849626878207,13,6
596.350427350427,400.495726495727,-3.85041381975632,9,6
597.620689655172,400.698275862069,-3.79434543478624,21,6
598.008333333333,400.766666666667,-4.08368453990738,14,6
598.268292682927,400.869918699187,-4.06242590326339,13,6
598.934426229508,400.83606557377,-4.69190779106364,15,6
599.268907563025,400.90756302521,-4.54586541522999,11,6
599.983050847458,400.915254237288,-4.50820788493664,9,6
600.8,400.925,-4.68801729480865,14,6
601.303278688525,400.94262295082,-4.5592149735682,10,6
601.965811965812,400.991452991453,-3.49554477763881,15,6
602.294117647059,401.016806722689,-2.26645273190073,10,6
603.304347826087,400.982608695652,-1.05055203668436,20,6
603.879310344828,400.913793103448,-0.436379250640403,13,6
604.23275862069,400.818965517241,1.16514489096232,12,6
605.102564102564,400.957264957265,4.48999052371654,19,6
605.431034482759,400.870689655172,4.94481205781486,7,6
606.173913043478,400.686956521739,6.3827254643623,15,6
607.154545454545,400.645454545455,9.08826034221222,15,6
607.297297297297,400.630630630631,9.01635555871789,5,6
607.692307692308,400.555555555556,9.01748575521046,12,6
608.075,400.433333333333,9.39087584770515,9,6
608.515873015873,400.238095238095,9.06564024552807,12,6
609.344,400.152,7.71928685075997,17,6
609.642276422764,400.130081300813,6.12484789480594,12,6
610.475806451613,399.943548387097,5.2926131107062,19,6
610.471074380165,400.04132231405,4.21692790536094,7,6
611.27868852459,400.032786885246,3.76670254484759,17,6
612.082644628099,399.884297520661,3.0299604152415,15,6
612.593220338983,399.881355932203,3.386927512543,11,6
613.288288288288,399.90990990991,4.26907461832478,15,6
613.461538461538,399.777777777778,5.32470553330049,14,6
614.297297297297,399.792792792793,6.39394719411548,16,6
615.447619047619,399.685714285714,8.93354060807869,14,6
615.87037037037,399.564814814815,9.99312967082354,9,6
616.699115044248,399.327433628319,12.0114005805803,15,6
616.963963963964,399.36036036036,11.5948609298113,8,6
617.398148148148,399.259259259259,11.15724855042,11,6
618.027027027027,399.153153153153,11.3858102135567,13,6
618.294642857143,399.151785714286,10.6913712252765,5,6
618.612068965517,399.008620689655,9.89363444398161,12,6
619.051724137931,399.060344827586,8.52668307559931,14,6
619.631578947368,398.842105263158,3.75869728460948,14,6
620.087719298246,398.780701754386,0.131424621185134,12,6
620.383928571429,398.910714285714,-1.2749479704125,12,6
621.203389830509,398.949152542373,-4.47016174730099,16,6
621.3,398.933333333333,-5.77910047810231,6,6
622.350877192982,399.105263157895,-8.10067317042658,22,6
623.350877192982,399.271929824561,-6.70549050574294,18,6
624.362831858407,399.345132743363,-7.65603443561141,15,6
625.108108108108,399.567567567568,-5.66877826522847,16,6
625.540540540541,399.585585585586,-5.41352877241674,10,6
626.216216216216,399.684684684685,-3.45733895787098,16,6
627.657407407407,399.694444444444,1.46129982213182,23,6
627.831775700935,399.831775700935,0.471694954675224,11,6
629.349514563107,399.864077669903,2.9551275673014,22,6
629.394230769231,399.75,3.06802965645008,7,6
630.146788990826,399.651376146789,1.30448320778445,15,6
630.718181818182,399.681818181818,0.757122445832473,13,6
631.070175438596,399.666666666667,-0.393514910871348,10,6
631.663716814159,399.681415929204,-1.96607246098057,13,6
631.905982905983,399.760683760684,-2.97420334778506,14,6
633.527272727273,399.963636363636,-7.27088800771762,25,6
634.12389380531,400.035398230089,-5.92154947941501,13,6
634.446428571429,400.0625,-5.84349440117578,11,6
635.181034482759,399.98275862069,-4.93204716358498,14,6
635.675438596491,399.956140350877,-3.94784157264375,12,6
637.564814814815,400.037037037037,-0.728654329873803,26,6
638.695238095238,399.742857142857,3.48089474494923,21,6
638.961538461538,399.721153846154,4.83451008588611,9,6
639.88785046729,399.663551401869,6.10268014663642,13,6
640.153153153153,399.576576576577,6.79286939441587,12,6
641.140350877193,399.447368421053,9.79886136048117,19,6
642.025423728814,399.305084745763,10.1503127788085,16,6
642.417391304348,399.04347826087,11.5442817775817,11,6
642.922413793103,398.98275862069,12.5626243679668,11,6
643.225,398.883333333333,12.8342807788664,8,6
643.878048780488,398.49593495935,14.489019703435,15,6
