423.475524475524,254.587412587413,-10.9958839197009,NaN,1
423.692307692308,254.72027972028,-11.4471349954805,6,1
423.728571428571,254.692857142857,-12.1786610557738,5,1
423.444444444444,254.659722222222,-11.6208495376646,4,1
423.573426573427,254.545454545455,-10.202811173689,9,1
423.6,254.586206896552,-10.8347455337257,6,1
423.612676056338,254.598591549296,-10.7500027377061,11,1
423.809523809524,254.585034013605,-11.2107199211639,7,1
423.746478873239,254.774647887324,-10.8468471030555,9,1
423.452054794521,254.609589041096,-10.5953540919931,8,1
423.448275862069,254.648275862069,-10.3059535598039,7,1
423.606896551724,254.668965517241,-10.6313474322618,6,1
423.722222222222,254.666666666667,-11.2741834961288,3,1
423.72602739726,254.705479452055,-11.5351372411858,8,1
423.621621621622,254.695945945946,-10.4268911217918,8,1
423.510204081633,254.646258503401,-10.8069796640201,7,1
423.574324324324,254.709459459459,-10.1653221884356,9,1
423.5625,254.680555555556,-10.0807136554106,4,1
423.455782312925,254.551020408163,-10.6319921509572,7,1
423.605442176871,254.700680272109,-11.0200161215928,6,1
423.661971830986,254.591549295775,-11.3589579125333,7,1
423.569444444444,254.722222222222,-10.4094792491486,10,1
423.506849315069,254.684931506849,-11.7190283607178,10,1
423.534246575342,254.657534246575,-10.6995198500433,8,1
423.297872340426,254.54609929078,-10.1702269384784,9,1
423.676056338028,254.605633802817,-10.7070181392143,9,1
423.774647887324,254.767605633803,-10.9395093953014,8,1
423.704225352113,254.640845070423,-10.5937986852911,4,1
423.762237762238,254.727272727273,-10.4663213792474,7,1
423.909090909091,254.776223776224,-11.6052619563363,6,1
423.871428571429,254.728571428571,-11.7935369114952,3,1
423.520833333333,254.6875,-10.3235307237812,8,1
423.455172413793,254.662068965517,-10.9295390853378,5,1
423.510489510489,254.65034965035,-10.7359069981396,6,1
423.879432624113,254.581560283688,-11.8602530999701,10,1
423.820143884892,254.705035971223,-11.5914694591738,10,1
423.631944444444,254.6875,-11.7916200532964,11,1
423.610738255034,254.557046979866,-11.7078348567904,9,1
423.552447552448,254.622377622378,-11.6328296831499,8,1
422.888888888889,254.542483660131,-10.0549519750086,12,1
423.127659574468,254.659574468085,-12.3267992039469,22,1
423.414285714286,254.535714285714,-23.6473078148266,51,1
423.299270072993,254.401459854015,-35.1819886381299,29,1
425.194915254237,256.423728813559,-51.3339256017343,71,1
427.685039370079,258.984251968504,-41.1231016971579,65,1
428.615384615385,259.707692307692,-31.033523982091,29,1
430.923076923077,261.453846153846,-28.2161454134536,62,1
432.617647058824,262.911764705882,-35.8635226236585,42,1
435.373015873016,265.531746031746,-58.5843004568155,70,1
437.290598290598,268.42735042735,-68.0730814295897,61,1
437.866666666667,269.583333333333,-66.883054104997,23,1
439.067796610169,271.966101694915,-61.3787900001075,46,1
439.741935483871,272.935483870968,-58.0365080499086,24,1
440.333333333333,274.075757575758,-53.9777878919496,46,1
441.566929133858,276.165354330709,-50.5270825388133,45,1
442.393442622951,277.483606557377,-56.2788803659003,29,1
443.415254237288,279.330508474576,-70.0965023407542,42,1
443.715517241379,280.25,-76.6493952104957,20,1
444.394736842105,282.719298245614,-88.8253559458619,42,1
444.525862068966,284.560344827586,-89.9401277845938,34,1
444.672727272727,285.490909090909,-87.4247178875825,20,1
444.6875,287.5625,-87.0588262906401,36,1
444.495867768595,288.438016528926,-88.6915532056705,21,1
444.408333333333,290.391666666667,83.9653222002701,33,1
443.97520661157,292.057851239669,70.4537763284437,35,1
443.574803149606,292.96062992126,65.5178640485161,24,1
442.647540983607,294.94262295082,57.1984930150424,43,1
442.114754098361,296.147540983607,56.8990067396935,24,1
440.918699186992,298.390243902439,64.7175787781805,41,1
439.661157024793,300.876033057851,73.4598344289299,48,1
439.266666666667,301.658333333333,74.0565754032889,21,1
438.290598290598,303.769230769231,72.7369453721321,43,1
437.925619834711,304.826446280992,69.8676435218376,20,1
437,306.453125,62.2561278091245,35,1
435.92125984252,308.330708661417,56.9701427115412,41,1
435.311475409836,309.385245901639,56.401020952262,21,1
434.347107438017,311.206611570248,61.3377575904026,37,1
433.764705882353,312.268907563025,65.5254486953802,24,1
432.826086956522,314.686956521739,75.6728072483623,42,1
431.945945945946,316.81981981982,75.4297860951805,42,1
431.491071428571,317.857142857143,72.3096838999771,25,1
430.626086956522,319.826086956522,63.5005272717159,35,1
430.321739130435,320.426086956522,59.5871882490815,18,1
429.483606557377,322.008196721311,53.9293417221606,41,1
428.376923076923,323.730769230769,53.7194934936079,42,1
427.472,324.992,56.3740835319592,25,1
426.225,327.233333333333,62.4295998486031,45,1
425.533333333333,328.341666666667,65.1942233714324,22,1
424.189189189189,330.45045045045,62.5665142026582,43,1
423.11811023622,332.07874015748,51.8477047649421,40,1
422.645669291339,332.551181102362,48.2280740833037,20,1
421.251968503937,334.330708661417,44.3421122751259,42,1
420.625,335.088235294118,46.8131990510959,23,1
418.815384615385,337.084615384615,55.5444417188572,50,1
416.940170940171,339.769230769231,64.6879949708735,55,1
416.198275862069,341.068965517241,61.6505751360343,25,1
414.846153846154,342.974358974359,51.8554307775639,41,1
414.176470588235,343.983193277311,46.4475620545553,22,1
412.736434108527,345.496124031008,41.089254515892,40,1
410.692913385827,347.338582677165,41.2029859587986,48,1
409.616666666667,348.308333333333,45.7693752973788,25,1
407.594594594595,350.36036036036,53.6910690673329,53,1
406.641025641026,351.649572649573,59.7437364066558,30,1
404.776785714286,354.232142857143,53.8429156335308,51,1
403.305084745763,355.728813559322,46.1204268793353,42,1
402.688524590164,356.44262295082,45.113099395419,22,1
401.146551724138,358.077586206897,43.6169809171023,48,1
400.675438596491,358.780701754386,45.4514771598083,22,1
399.078260869565,360.704347826087,57.0467360706839,51,1
397.134615384615,363.615384615385,60.9948895962366,61,1
396.176470588235,365.107843137255,53.3452281742577,32,1
395.252427184466,365.941747572816,43.28372048554,39,1
394.725663716814,366.601769911504,40.9715399341511,18,1
393.190082644628,367.99173553719,36.5176791869892,40,1
391.5,369.484848484848,38.6627262394029,61,1
390.118644067797,370.610169491525,41.7002469049449,36,1
387.867924528302,372.745283018868,47.3216561472755,56,1
386.836538461538,373.923076923077,50.524808408291,30,1
384.877551020408,376.081632653061,39.6770955024309,46,1
383.695652173913,376.695652173913,37.7692917112571,37,1
383.119658119658,377.188034188034,36.7335072103299,20,1
381.252173913043,378.626086956522,35.312761807073,42,1
380.537190082645,379.099173553719,37.6432891837512,32,1
378.219298245614,381.105263157895,47.8000819784354,53,1
375.252747252747,384.417582417582,47.5271684261216,67,1
374.520833333333,385.072916666667,44.5168041170609,19,1
373.288461538462,386,38.2670808878746,30,1
372.724137931034,386.405172413793,38.0775300483566,16,1
370.884955752212,387.938053097345,35.4446846400991,45,1
368.745454545455,389.5,37.8726775007614,45,1
368.097345132743,389.964601769911,41.2568884626385,21,1
366.009345794393,391.971962616822,49.3830235477349,48,1
364.714285714286,393.448979591837,50.5588054312216,27,1
363.278350515464,394.896907216495,43.5650713581367,39,1
362.12380952381,395.561904761905,40.633812440891,28,1
361.42,396.18,34.9721480535015,15,1
359.980198019802,397.70297029703,32.9361534148894,47,1
359,398.466666666667,34.5077803883674,22,1
357.553398058252,399.543689320388,39.0243926051078,40,1
355.972222222222,400.314814814815,41.791214128144,39,1
354.49504950495,401.39603960396,40.2452850800843,27,1
352.75,402.5,29.7204875671296,35,1
352.111111111111,402.757575757576,24.5317225147512,13,1
351.427272727273,402.754545454545,20.5366563794266,23,1
349.316326530612,403.357142857143,12.9547475741919,34,1
348.151515151515,403.313131313131,12.60835487941,21,1
346.914893617021,403.563829787234,10.3417619292625,23,1
346.073684210526,403.684210526316,10.8585684700927,13,1
344.848484848485,403.424242424242,10.5756813171872,24,1
343.504672897196,403.317757009346,5.04725012436355,26,1
343.166666666667,403.236842105263,4.9219959394045,9,1
341.589743589744,403.205128205128,-2.11614760303327,29,1
341.241666666667,403.216666666667,-2.86237613228528,7,1
339.626086956522,402.834782608696,-10.3003110671741,33,1
338.203703703704,402.398148148148,-17.2871036190822,27,1
337.151785714286,402.008928571429,-18.6256213784638,22,1
335.427184466019,401.495145631068,-19.8214639145923,31,1
334.797872340426,401.446808510638,-15.5635126023675,21,1
334.13829787234,401.244680851064,-11.9876748733837,30,1
333.698113207547,401.084905660377,-10.8208509643455,22,1
332.877358490566,400.641509433962,-9.81508421431638,18,1
332,400.472222222222,-9.89955831015121,16,1
331.428571428571,400.3125,-10.5835309677725,12,1
330.163636363636,399.945454545455,-10.2044683787501,22,1
NaN,NaN,NaN,110,1
396.255033557047,246.89932885906,13.1781497894231,NaN,2
396.081081081081,246.831081081081,11.6289238268074,7,2
396.42,246.786666666667,12.3212355978188,6,2
396.013698630137,246.856164383562,12.137827041218,10,2
396.206666666667,246.846666666667,12.2703342657414,12,2
396,246.86,11.3175987477104,4,2
396.145695364238,246.887417218543,12.3881836022527,7,2
396.052287581699,246.843137254902,12.1217385581598,8,2
396.006666666667,246.82,12.1853099406823,5,2
396.266666666667,246.786666666667,12.2283618470432,8,2
396.228758169935,246.718954248366,12.1840562235589,7,2
396.326797385621,246.640522875817,12.1136273509662,8,2
396.137254901961,246.777777777778,11.9890304994233,10,2
396.350993377483,246.741721854305,12.4425506219068,8,2
396.263157894737,246.776315789474,11.5255682957172,7,2
396.183673469388,246.78231292517,11.9001312850874,11,2
396.027027027027,246.777027027027,11.102776264556,3,2
396.470967741936,246.696774193548,12.2666998771613,9,2
396.695652173913,246.614906832298,13.6152450729466,8,2
396.732919254658,246.596273291925,13.4786995693715,4,2
396.851851851852,246.518518518519,13.9908155179616,3,2
397.171597633136,246.349112426036,14.0737393118747,9,2
397.345238095238,246.255952380952,14.7288225458046,19,2
397.029585798817,246.307692307692,15.1799165438046,11,2
397.207100591716,246.213017751479,15.0078707827062,10,2
397.526627218935,246.118343195266,15.367194083939,18,2
397.886363636364,245.920454545455,16.4730987377649,15,2
398.185393258427,245.898876404494,17.5103472538041,20,2
397.94674556213,246.242603550296,17.5797399689807,19,2
398.205714285714,246.034285714286,18.334366979398,10,2
398.156069364162,246.057803468208,18.5835306543607,12,2
398.087719298246,246.181286549708,18.0013241135371,6,2
397.321212121212,246.436363636364,16.0312226150516,14,2
397.08024691358,246.493827160494,16.18152093772,9,2
397.012422360248,246.372670807453,16.4294895517328,11,2
396.342465753425,246.520547945205,13.6879176820907,25,2
395.801470588235,246.647058823529,11.8364603958997,16,2
396.348484848485,246.575757575758,12.2928885157232,14,2
398.226804123711,245.257731958763,17.9358479104247,64,2
399.089201877934,245.366197183099,9.99256279126153,39,2
398.475961538462,245.5625,12.7510178256841,59,2
397.2,246.032432432432,17.0341332203247,43,2
398.086486486486,245.772972972973,17.8044870677674,26,2
397.967320261438,246.006535947712,12.3158544467638,78,2
396.333333333333,246.488372093023,-27.8818507162367,50,2
394.31007751938,245.565891472868,-40.6898199382247,66,2
393.1171875,244.9765625,-39.8929523522108,29,2
391.601398601399,243.769230769231,-33.4827976531607,51,2
389.381578947368,241.559210526316,-19.1867805793094,79,2
388.454545454545,240.993506493506,-16.0926291372804,30,2
386.925925925926,240.753086419753,-17.7345548625336,50,2
385.838709677419,240.935483870968,-20.4936000923985,35,2
384.145569620253,241.556962025316,-28.3020268477907,67,2
382.48322147651,241.637583892617,-37.5712217262285,57,2
381.732876712329,241.294520547945,-33.6468659462722,27,2
380.492537313433,240.567164179104,-26.2416193692369,46,2
379.753968253968,240.31746031746,-25.2672467920894,24,2
378.785185185185,240.192592592593,-28.1202308052606,35,2
377.528571428571,240.035714285714,-24.279264679069,29,2
377.014285714286,239.971428571429,-23.7439297957069,14,2
375.682119205298,239.582781456954,-20.2448036797883,29,2
375.155844155844,239.727272727273,-19.0621406483698,23,2
374.410256410256,239.544871794872,-18.1434750209275,30,2
372.81045751634,239.098039215686,-15.4231496173641,35,2
372.041958041958,239.020979020979,-14.1531433532839,26,2
371.070921985816,238.957446808511,-12.0458825835554,30,2
370.520833333333,238.861111111111,-10.8100051235711,19,2
369.171428571429,238.757142857143,-7.84532727451071,30,2
368.113475177305,238.58865248227,-7.38845045965004,25,2
367.44776119403,238.417910447761,-6.48109946020763,19,2
366.219696969697,238.439393939394,-9.40001478474428,26,2
365.703125,238.4765625,-12.7503635790231,16,2
365.055118110236,238.543307086614,-13.6237226343871,17,2
364.251968503937,238.551181102362,-15.2530345358974,18,2
363.937984496124,238.496124031008,-14.5593003844255,12,2
362.976377952756,238.472440944882,-14.0760392217119,20,2
362.675,238.45,-14.6571541403086,9,2
362,238.336,-14.0900121088555,13,2
361.203125,238.15625,-16.3643762305163,19,2
361.076923076923,238.153846153846,-15.8085175582417,10,2
360.308270676692,237.992481203008,-16.8734808499586,15,2
360,237.977611940299,-16.3366061602359,9,2
359.057142857143,237.914285714286,-15.4351268928365,20,2
358.31746031746,237.769841269841,-15.7066298790695,18,2
357.976377952756,237.732283464567,-14.5803606472047,13,2
357.328125,237.625,-15.5528114421204,13,2
356.865079365079,237.595238095238,-15.9899635696465,8,2
356.088709677419,237.540322580645,-14.9642512503668,18,2
355.8984375,237.484375,-15.0934060475735,8,2
355.532258064516,237.395161290323,-14.5491561198857,10,2
354.966666666667,237.325,-14.6825503126547,10,2
354.5,237.217741935484,-15.6466643414729,10,2
354.147540983607,237.147540983607,-15.978178319151,12,2
353.925619834711,237.099173553719,-15.0425242453634,9,2
353.467741935484,237.096774193548,-15.8658374970794,13,2
352.976,236.768,-16.9092264759423,17,2
352.570247933884,236.785123966942,-15.9234773953052,8,2
352.283464566929,236.685039370079,-14.4671153135444,12,2
351.616666666667,236.575,-16.1887643098906,11,2
351.524590163934,236.598360655738,-15.7355297632308,4,2
351.073770491803,236.467213114754,-18.0911274835042,14,2
350.937007874016,236.511811023622,-15.4320625413826,13,2
350.4,236.424,-17.2101952446902,10,2
350.204918032787,236.44262295082,-17.5241164204167,7,2
350.272,236.44,-16.2054692912304,7,2
349.75,236.203125,-16.6124921105536,13,2
349.290322580645,236.16935483871,-16.5548573468677,10,2
349.1640625,236.203125,-17.852278018439,12,2
348.8125,235.984375,-16.8611216341867,12,2
348.68992248062,236.023255813953,-17.8090662114908,11,2
348.488549618321,235.984732824427,-18.2273808774745,12,2
348.047619047619,235.769841269841,-16.453574382491,13,2
347.875968992248,235.790697674419,-15.5849675862573,13,2
347.266666666667,235.65,-16.0417654164112,15,2
347.178861788618,235.626016260163,-17.1501099274539,9,2
346.894308943089,235.642276422764,-16.0168485408089,10,2
346.768595041322,235.537190082645,-15.5167879496211,6,2
346.647540983607,235.688524590164,-16.4902373147347,9,2
346.487804878049,235.593495934959,-17.9066029227306,11,2
346.05737704918,235.565573770492,-16.2861077822158,9,2
345.789915966387,235.46218487395,-18.010805415594,7,2
345.589743589744,235.538461538462,-18.1589226117148,6,2
345.520661157025,235.363636363636,-19.0078958795752,6,2
345.246031746032,235.349206349206,-18.1988721712748,9,2
345.064516129032,235.403225806452,-18.1568404486172,6,2
344.75,235.282258064516,-18.5326071887077,8,2
344.899224806202,235.248062015504,-18.1397284086057,5,2
344.624,235.208,-17.6128279443355,12,2
344.488,235.16,-18.5123508707172,8,2
344.548387096774,235.056451612903,-17.8544245089233,7,2
344.008620689655,235.258620689655,-17.5526876347214,22,2
344.171171171171,235.333333333333,-15.2379759348877,19,2
344.14406779661,235.152542372881,-17.0706844815893,23,2
343.532786885246,234.934426229508,-18.2751770435418,18,2
343.752,234.896,-19.1951766321346,11,2
343.316239316239,234.923076923077,-17.6901644129938,14,2
343.127118644068,234.720338983051,-17.9971384880524,7,2
342.864406779661,234.677966101695,-17.4852218718449,4,2
342.81512605042,234.764705882353,-18.2484766517817,5,2
342.826446280992,234.677685950413,-17.6420729260533,4,2
342.53781512605,234.647058823529,-16.854463576125,6,2
342.516949152542,234.601694915254,-17.4402437596636,5,2
342.406779661017,234.610169491525,-16.5943920413409,4,2
342.606557377049,234.66393442623,-17.4924700537421,4,2
342.128205128205,234.57264957265,-17.8737874725784,9,2
342.330508474576,234.601694915254,-17.8448176285194,5,2
342.266666666667,234.516666666667,-17.2642716497587,6,2
342.049586776859,234.380165289256,-18.0251351257097,7,2
341.745901639344,234.385245901639,-18.6592567963848,7,2
341.77868852459,234.319672131148,-19.0475834943289,2,2
341.680327868852,234.344262295082,-19.1827730003492,4,2
341.577235772358,234.276422764228,-20.4552414847793,3,2
341.824,234.296,-18.5109396473668,8,2
341.560975609756,234.268292682927,-17.9639699953019,8,2
341.325396825397,234.222222222222,-17.7316779209724,13,2
341.266129032258,234.25,-18.8490546756245,10,2
341.184,234.192,-19.7970567983496,5,2
341.150793650794,234.301587301587,-18.8129058238041,7,2
341.140625,234.1953125,-19.008390826559,8,2
341.055555555556,234.214285714286,-19.5901172054729,2,2
341.130769230769,234.2,-18.8506374428146,4,2
341.0546875,234.109375,-18.1732433421186,4,2
341.031496062992,234.267716535433,-17.9920000185099,5,2
341,234.116279069767,-18.7178918545887,8,2
340.904761904762,234.206349206349,-19.4251785323213,7,2
340.9296875,234.1953125,-19.1843088025792,6,2
340.826771653543,234.031496062992,-18.7952848673686,9,2
340.846774193548,234.120967741935,-18.4512270610847,5,2
340.66393442623,234.024590163934,-19.7211317449968,8,2
340.672,233.984,-19.5952243166641,7,2
340.58064516129,234.032258064516,-20.9409178195017,9,2
340.5,234.032786885246,-20.1405948738826,6,2
340.289256198347,233.867768595041,-20.3244676309389,9,2
340.626016260163,233.991869918699,-20.3144051432037,8,2
340,233.743362831858,-18.905838051726,12,2
340.524590163934,233.94262295082,-20.0561025976471,11,2
340.504,233.952,-20.1438072617881,7,2
340.571428571429,233.944444444444,-19.2987719616357,11,2
340.406504065041,233.894308943089,-19.3023320233135,5,2
340.116666666667,233.758333333333,-18.7038086456587,7,2
340.162601626016,233.829268292683,-17.398052846979,7,2
340.112903225806,233.75,-18.7501934192143,7,2
339.906779661017,233.754237288136,-18.9595407924386,8,2
340.2,234.04,-19.1374981975384,13,2
340,233.933884297521,-19.9976112131921,8,2
340.032786885246,233.803278688525,-21.2460206982812,11,2
339.543103448276,233.51724137931,-20.1298260018115,8,2
339.78813559322,233.635593220339,-19.8707687595672,8,2
339.551724137931,233.603448275862,-18.8148238102877,6,2
339.983606557377,233.729508196721,-18.5621791535607,8,2
NaN,NaN,NaN,122,2
405.777777777778,236.239316239316,-74.3055749908137,NaN,3
405.775862068966,236.353448275862,-74.3925592848979,3,3
405.706896551724,236.431034482759,-73.7719057128742,6,3
405.758620689655,236.431034482759,-73.7618543020249,6,3
405.82905982906,236.57264957265,-75.4921364731674,5,3
405.808333333333,236.725,-75.4977311629718,7,3
405.915254237288,236.779661016949,-76.3400962124464,6,3
405.863247863248,236.666666666667,-76.1816182855336,5,3
405.871794871795,236.82905982906,-75.5997518014394,6,3
405.898305084746,236.796610169492,-76.7667259387638,7,3
405.833333333333,236.816666666667,-75.9640138628945,4,3
405.873949579832,236.764705882353,-73.1853430360802,13,3
405.72,236.544,-74.1144104691705,10,3
405.735537190083,236.545454545455,-73.6906259056956,8,3
405.809917355372,236.512396694215,-74.1589349540941,8,3
405.77868852459,236.434426229508,-74.0426214188373,3,3
405.783333333333,236.566666666667,-73.4430523283772,2,3
405.851239669421,236.677685950413,-73.641041540222,5,3
405.819672131148,236.745901639344,-74.5621543756412,5,3
405.803278688525,236.55737704918,-73.7783121298841,8,3
405.78125,236.796875,-74.7903721452808,12,3
405.9,237.838461538462,-77.7472787522487,26,3
406.313868613139,238.613138686131,-77.2695272937083,31,3
406.165517241379,239.227586206897,-79.5988913521717,20,3
406.515923566879,239.605095541401,-75.3019761147006,62,3
406.786585365854,239.414634146341,-66.6001724661758,47,3
404.735294117647,236.257352941176,-34.539022388192,86,3
402.195652173913,234.492753623188,-49.744607087211,74,3
401.442748091603,233.564885496183,-57.0763124373068,37,3
399.110236220472,229.133858267717,-67.792703600743,88,3
398.21897810219,227.262773722628,-65.4864988234353,36,3
395.876923076923,223.061538461538,-48.867393704107,85,3
393.146341463415,219.50406504065,-53.2212519693264,79,3
392.103448275862,218.439655172414,-59.898612573255,27,3
390.042016806723,214.756302521008,-69.8203201503591,71,3
389.314516129032,213.112903225806,-69.9467991757902,31,3
387.661538461538,210.415384615385,-63.6749389901143,56,3
386.0859375,207.5625,-54.8733459241586,68,3
384.904347826087,205.8,-56.1309856568662,31,3
383.508620689655,203.094827586207,-71.4600248797545,57,3
382.783783783784,200.81981981982,-79.7218853401203,39,3
381.967213114754,198.245901639344,-73.1028433995959,49,3
380.871212121212,195.712121212121,-60.0166584229665,58,3
379.756302521008,193.72268907563,-51.9483118564112,37,3
378.451612903226,191.282258064516,-57.4966979008936,55,3
377.977099236641,190.12213740458,-61.5019421256321,27,3
375.72972972973,185.927927927928,-69.8700381821548,74,3
374.536585365854,183.910569105691,-56.4674784177737,46,3
374.062992125984,183.433070866142,-51.8857033020993,18,3
372.082644628099,180.570247933884,-51.4114672182087,64,3
371.527559055118,179.740157480315,-54.5366011412837,26,3
369.714285714286,176.949579831933,-67.2104023199452,60,3
368.271929824561,174.105263157895,-63.5160252831177,53,3
367.783333333333,173.3,-55.9859753560616,20,3
366.698412698413,171.865079365079,-51.5812956951403,44,3
365.904761904762,170.468253968254,-48.8111205929529,30,3
364.236220472441,168.338582677165,-57.8196474412641,49,3
362.487394957983,165.504201680672,-72.6105306866635,60,3
361.592592592593,163.611111111111,-68.9386174631419,35,3
360.543859649123,161.561403508772,-55.7360313527784,46,3
359.848,160.408,-51.5723443061951,29,3
358.480620155039,158.604651162791,-50.1771122026336,50,3
356.353448275862,155.853448275862,-67.0402852160167,63,3
355.592592592593,154.148148148148,-68.5651117478456,32,3
354.297297297297,151.441441441441,-59.9906666043679,53,3
353.775862068966,150.379310344828,-54.8833926740255,25,3
352.190476190476,148.277777777778,-51.6291099535999,58,3
350.857142857143,146.063492063492,-57.2547079632932,58,3
350.30081300813,144.813008130081,-59.6883029260861,25,3
348.59649122807,141.833333333333,-65.7871700678439,61,3
347.819672131148,140.180327868852,-63.7593517964076,34,3
346.292682926829,137.609756097561,-50.6973012461844,59,3
344.787878787879,135.810606060606,-51.6177600658649,67,3
343.089285714286,133.75,-59.7410402241772,38,3
341.885245901639,130.959016393443,-67.8750560225135,58,3
340.991869918699,129.317073170732,-70.4977077277232,35,3
339.232,125.968,-56.5947960435185,62,3
338.073529411765,124.441176470588,-56.0998256745388,63,3
336.923728813559,122.415254237288,-58.3808137868037,40,3
335.805555555556,120.240740740741,-68.9587972268537,48,3
334.884955752212,117.893805309735,-74.7616133431261,43,3
333.929824561404,115.122807017544,-69.9247610865876,49,3
332.784,112.608,-58.9873731756523,57,3
332.234782608696,111.782608695652,-56.4883757561697,24,3
330.190909090909,108.381818181818,-63.1164107380762,67,3
329.564102564103,106.974358974359,-71.4621429076328,29,3
328.398305084746,103.957627118644,-75.1519453412568,61,3
NaN,NaN,NaN,118,3
NaN,NaN,NaN,0,3
NaN,NaN,NaN,0,3
NaN,NaN,NaN,0,3
NaN,NaN,NaN,0,3
NaN,NaN,NaN,0,3
NaN,NaN,NaN,0,3
NaN,NaN,NaN,0,3
NaN,NaN,NaN,0,3
NaN,NaN,NaN,0,3
NaN,NaN,NaN,0,3
NaN,NaN,NaN,0,3
NaN,NaN,NaN,0,3
NaN,NaN,NaN,0,3
NaN,NaN,NaN,0,3
NaN,NaN,NaN,0,3
NaN,NaN,NaN,0,3
NaN,NaN,NaN,0,3
NaN,NaN,NaN,0,3
NaN,NaN,NaN,0,3
NaN,NaN,NaN,0,3
NaN,NaN,NaN,0,3
NaN,NaN,NaN,0,3
NaN,NaN,NaN,0,3
NaN,NaN,NaN,0,3
NaN,NaN,NaN,0,3
NaN,NaN,NaN,0,3
NaN,NaN,NaN,0,3
NaN,NaN,NaN,0,3
NaN,NaN,NaN,0,3
422.368055555556,256.229166666667,-18.3822562222697,NaN,4
422.297872340426,256.234042553192,-19.5376898918181,7,4
422.368055555556,256.236111111111,-19.3822153789115,5,4
422.180555555556,256.201388888889,-18.999590286725,8,4
422.359154929577,256.225352112676,-19.6879827927958,8,4
422.2,256.220689655172,-19.0048978982954,5,4
422.408163265306,256.122448979592,-19.4871546989932,8,4
422.337931034483,256.213793103448,-18.7978797993951,6,4
422.283687943262,256.156028368794,-19.4153848977307,8,4
422.274647887324,256.176056338028,-18.0491068000678,7,4
421.9375,256.159722222222,-17.7222944573623,10,4
421.431506849315,256.027397260274,-17.5732273112978,24,4
422.577464788732,256.274647887324,-20.2106406462866,24,4
422.044776119403,256.10447761194,-38.2988476842764,56,4
422.307692307692,256.777777777778,-89.6622149762153,71,4
422.098214285714,257.794642857143,85.2840375308942,33,4
421.798165137615,261.449541284404,-89.5862678189554,73,4
422.031007751938,263.325581395349,-84.3315683724663,44,4
421.975806451613,267.975806451613,-79.5666997840513,89,4
421.531746031746,272.380952380952,80.0773645784736,82,4
421.073394495413,274.082568807339,72.2460031692339,35,4
419.906542056075,278.03738317757,76.7708672638096,74,4
419.420168067227,280.361344537815,83.2510586111502,40,4
418.464,283.448,83.5906949299081,64,4
417.462809917355,286.776859504132,68.5839034472829,56,4
416.819672131148,288.229508196721,57.5143642449736,29,4
415.491935483871,290.298387096774,42.588343164043,48,4
414.6015625,290.984375,37.3061966327866,34,4
412.808,292.92,38.3558806841851,57,4
410.284403669725,295.220183486239,50.6834257973596,56,4
409.245454545455,296.336363636364,54.3341671328292,25,4
407.737288135593,297.923728813559,48.2234970190078,42,4
407.055118110236,298.417322834646,47.638201898656,23,4
405.166666666667,299.884057971014,27.9506434337876,51,4
403.55033557047,300.879194630872,23.6030238091144,51,4
401.619402985075,301.664179104478,20.6200499363355,37,4
398.93893129771,302.832061068702,31.3331700471278,59,4
397.492307692308,303.392307692308,40.4612139539359,33,4
394.4,305.35652173913,36.5802005701734,65,4
392.537190082645,306.206611570248,23.4301309831478,40,4
391.632,306.44,20.52307919181,24,4
388.565573770492,307.811475409836,18.0166276955083,63,4
387.821705426357,307.821705426357,20.3405339737363,31,4
385.401459854015,308.36496350365,37.7548280164136,70,4
381.898148148148,311.361111111111,38.0962369351691,81,4
380.87610619469,311.87610619469,33.2242748664,21,4
379.443548387097,312.629032258065,25.6091489263434,41,4
378.44094488189,313.055118110236,22.9304693672166,25,4
375.946153846154,314.061538461538,17.0448034147443,55,4
373.6875,314.888888888889,24.0154228683707,66,4
372.187969924812,315.022556390977,34.0685340856157,31,4
369.472440944882,316.818897637795,41.9525678193269,62,4
367.9609375,317.8046875,44.7453114777219,35,4
366.129032258065,319.387096774194,34.6653257579971,46,4
364.404580152672,320.358778625954,24.2637400257104,39,4
363.618705035971,320.755395683453,21.2247261245614,24,4
361.203007518797,321.804511278195,18.9334748450274,50,4
359.977443609023,322.15037593985,17.2189704657866,24,4
357.558139534884,322.728682170543,21.9205834717943,46,4
355.643939393939,323.378787878788,27.3018380159102,35,4
354.561538461538,323.730769230769,28.0219689501493,24,4
352.557251908397,324.488549618321,23.7460179102469,39,4
351.746153846154,324.823076923077,20.0056924161678,19,4
350.15037593985,325.428571428571,15.5507529518517,37,4
348.811594202899,325.594202898551,11.639042629798,31,4
347.352941176471,326.161764705882,10.9960117700942,28,4
345.0625,326.5859375,9.64522393481428,44,4
344.229007633588,326.419847328244,12.9120137005222,25,4
342.462686567164,326.813432835821,16.8193363129465,37,4
340.466165413534,327.285714285714,21.9117677616208,41,4
339.338345864662,327.556390977444,21.4691527729739,22,4
337.198473282443,328.190839694656,18.5859268805761,38,4
336.368421052632,328.383458646617,16.3566554078647,16,4
334.971014492754,328.688405797101,11.076390840495,31,4
332.173228346457,329.11811023622,6.43229645666293,47,4
330.935483870968,329.048387096774,8.36045442210778,25,4
329.210144927536,329.615942028986,15.5500430438052,40,4
328.414814814815,329.62962962963,20.5439679498764,15,4
326.560606060606,330.295454545455,27.2826616563713,39,4
324.136,331.336,33.0548197139051,47,4
323.064516129032,331.959677419355,28.8990617689485,21,4
321.380952380952,332.81746031746,23.2688503126186,38,4
320.842519685039,333.149606299213,21.7369346744928,17,4
319.182481751825,333.729927007299,18.389297366419,36,4
317.449612403101,334.271317829457,16.6120554771862,36,4
316.314516129032,334.620967741935,14.5468450360465,21,4
314.53488372093,335.147286821705,18.3886173029892,35,4
314,335.310606060606,17.7633634955984,15,4
312.428571428571,335.842105263158,20.132228286198,31,4
310.977099236641,336.229007633588,20.8002783192788,26,4
309.870229007634,336.587786259542,18.4178958547289,20,4
308.492647058824,337.095588235294,14.0878023013133,33,4
308.223021582734,337.172661870504,13.1551098708406,15,4
306.846153846154,337.503496503496,8.06567264999227,32,4
304.15671641791,337.805970149254,2.53269338250915,45,4
303.437037037037,337.896296296296,2.33989924028185,21,4
302.041379310345,337.958620689655,6.87343903240024,32,4
300.992592592593,337.896296296296,9.82005492008146,22,4
299.709219858156,338.042553191489,11.1838899103077,24,4
298.093525179856,338.388489208633,10.2624144767203,34,4
297.330882352941,338.463235294118,9.27339517678529,19,4
295.676470588235,338.757352941176,4.7503251724487,32,4
294.992647058824,338.808823529412,1.28439658038985,18,4
293.015384615385,339.023076923077,-3.32357183941527,38,4
290.992125984252,338.976377952756,-3.0850875475148,41,4
290.140625,338.96875,-0.0918006998922333,19,4
288.860465116279,338.899224806202,6.59789307097944,23,4
287.961538461538,339.007692307692,11.6366759446093,19,4
286.383458646617,339.345864661654,15.2533503825552,29,4
284.294964028777,339.863309352518,16.3274487361139,36,4
283.377622377622,339.951048951049,14.9224404704818,18,4
281.335877862595,340.664122137405,9.14635148654487,44,4
280.738805970149,340.723880597015,7.98230619329206,17,4
279.340740740741,340.888888888889,5.18941075701178,25,4
277.407692307692,341.153846153846,1.66371551267302,37,4
276.472440944882,341.267716535433,3.78557303991826,27,4
275.221374045802,341.465648854962,5.67578947403437,22,4
274.462121212121,341.575757575758,4.96305822372979,17,4
272.992537313433,341.65671641791,6.8242945374754,24,4
271.538461538462,341.838461538462,7.55859484767263,28,4
271.090909090909,341.765151515152,8.29336749663443,12,4
269.664179104478,342.05223880597,9.58236978029276,28,4
269.007246376812,342.224637681159,8.19229110658408,16,4
267.875912408759,342.343065693431,6.00456833311762,19,4
266.77037037037,342.444444444444,2.08074020528652,26,4
265.887218045113,342.541353383459,0.767015883723916,14,4
264.732824427481,342.557251908397,-0.647252883497963,26,4
264.046511627907,342.651162790698,-1.62346584555984,14,4
262.992424242424,342.712121212121,-2.17266740867032,19,4
261.9609375,342.7109375,-0.790269248804602,22,4
261.330769230769,342.776923076923,0.607857139157426,14,4
260.564885496183,342.717557251908,-0.0897773857178429,13,4
260.123076923077,342.7,0.834267721463882,7,4
259.060606060606,342.795454545455,1.50118477743367,20,4
258.392592592593,342.8,1.98558029058174,15,4
257.985074626866,342.791044776119,0.626068681394366,11,4
256.804511278195,342.699248120301,2.79252553871593,23,4
256.533333333333,342.666666666667,1.59219979596389,8,4
255.810218978102,342.686131386861,2.04338347920691,14,4
254.548872180451,342.706766917293,0.210510629528888,20,4
254.082706766917,342.721804511278,-1.84070162963676,12,4
253.609022556391,342.81954887218,-1.69363007267738,10,4
252.893129770992,342.824427480916,-2.38288951900323,16,4
252.078125,342.65625,-1.91756998286604,17,4
251.190839694656,342.534351145038,-2.17780206296165,19,4
250.860465116279,342.519379844961,-1.98710238316625,12,4
250.087301587302,342.47619047619,-1.86277140492756,17,4
249.953846153846,342.453846153846,-1.97896747667065,8,4
249.214814814815,342.340740740741,-1.9678879247647,15,4
248.888888888889,342.311111111111,-2.80758961652572,12,4
248.451127819549,342.458646616541,-1.4035604985994,12,4
248.115107913669,342.345323741007,-2.10765025999403,8,4
247.821428571429,342.242857142857,-2.37616069627341,7,4
246.817518248175,342.226277372263,-2.20710920071729,19,4
245.692307692308,342.215384615385,-1.79689754192925,19,4
245.519379844961,342.263565891473,-1.32796250398593,5,4
244.822222222222,342.133333333333,-2.45108028173356,12,4
244.602941176471,342.080882352941,-2.21851581833171,9,4
244.015037593985,342.12030075188,-1.93960606485251,13,4
243.477272727273,342,-2.1120764959914,11,4
243.2,341.985185185185,-1.95116846134872,7,4
242.458646616541,342.022556390977,-2.12169226261524,14,4
242.340579710145,342,-3.49658218469285,7,4
241.992647058824,341.948529411765,-2.2843723441553,10,4
241.412213740458,341.93893129771,-3.30812772540375,9,4
241.259259259259,341.955555555556,-3.56818620583283,4,4
240.810218978102,341.92700729927,-2.44031034770627,12,4
240.897058823529,341.985294117647,-3.16428285932213,9,4
240.148148148148,341.785185185185,-3.25282014492339,21,4
239.702290076336,341.839694656489,-3.3283377365017,14,4
239.812949640288,341.755395683453,-3.51961607723384,12,4
239.340740740741,341.488888888889,-4.7001452820098,16,4
238.894736842105,341.481203007519,-5.62818994520615,10,4
238.744525547445,341.459854014599,-4.97793757378774,8,4
238.260869565217,341.485507246377,-4.3750171167297,13,4
238.237410071942,341.424460431655,-4.98513293009419,7,4
237.733333333333,341.362962962963,-6.01675676185737,10,4
237.746268656716,341.455223880597,-5.47255191271362,5,4
237.333333333333,341.407407407407,-5.84367232986323,11,4
236.985401459854,341.386861313869,-5.59791335560529,8,4
236.985714285714,341.307142857143,-5.58014604271583,5,4
236.830985915493,341.30985915493,-5.91191802765608,8,4
236.489361702128,341.340425531915,-5.94254821852395,7,4
235.956204379562,341.321167883212,-6.5516923751252,10,4
235.57037037037,341.296296296296,-6.43652245125381,8,4
235.661764705882,341.360294117647,-6.54467069709316,5,4
235.534722222222,341.298611111111,-5.94217698342761,8,4
235.31914893617,341.297872340426,-6.31218932725326,7,4
235.014184397163,341.22695035461,-6.92800787991971,10,4
234.63829787234,341.255319148936,-6.68783122948099,8,4
234.313868613139,341.197080291971,-6.80303678720516,10,4
234.165467625899,341.201438848921,-7.09834674501898,12,4
233.846715328467,341.182481751825,-7.05262638093001,6,4
233.871428571429,341.2,-6.84935211503811,5,4
233.621428571429,341.178571428571,-7.09933251194558,8,4
233.31884057971,341.13768115942,-7.83053477308616,8,4
233.41726618705,341.115107913669,-7.7663442651038,3,4
233.219858156028,341.127659574468,-8.16900701084681,6,4
232.900709219858,341.042553191489,-8.59789078414852,10,4
232.624113475177,340.985815602837,-9.24868540835801,12,4
232.553191489362,341,-8.27240992889151,8,4
232.48951048951,340.993006993007,-8.20304770313103,6,4
232.347222222222,340.944444444444,-9.18992724623449,5,4
232.113475177305,341.035460992908,-8.35916571680583,11,4
232.021739130435,341.086956521739,-8.12476448137776,7,4
231.841726618705,341.014388489209,-8.89441248664936,11,4
231.671428571429,341.007142857143,-8.38582218842393,9,4
231.343065693431,340.970802919708,-8.38233215770589,11,4
231.138686131387,340.868613138686,-9.40986467063628,8,4
231.107142857143,340.892857142857,-9.19472616720907,11,4
230.634328358209,340.828358208955,-10.0230894095775,12,4
231.131386861314,341.007299270073,-9.66046384327657,13,4
230.963503649635,340.897810218978,-9.67030329541624,10,4
230.791366906475,340.920863309353,-9.01993945990987,8,4
230.687943262411,340.815602836879,-9.53429632039278,12,4
230.68345323741,340.870503597122,-9.9535158476892,8,4
230.573426573427,340.888111888112,-9.42156697964527,8,4
230.364285714286,340.8,-10.4588891405603,9,4
230.299270072993,340.846715328467,-10.4328930893516,3,4
230.208955223881,340.791044776119,-9.74015954313775,5,4
230.09022556391,340.706766917293,-9.72479568811996,7,4
229.701492537313,340.791044776119,-8.81655486928959,17,4
229.639705882353,340.683823529412,-8.76201638805355,10,4
229.448529411765,340.720588235294,-9.30651847957475,12,4
229.360294117647,340.639705882353,-8.72389947736043,8,4
229.308823529412,340.647058823529,-9.13791396524461,6,4
229.272058823529,340.632352941176,-9.11969682233094,8,4
228.977611940299,340.611940298507,-9.87843235146892,10,4
229.067164179104,340.686567164179,-10.1528051627261,4,4
228.783582089552,340.746268656716,-10.8021259695167,8,4
228.812030075188,340.669172932331,-10.2722108441836,9,4
228.866197183099,340.767605633803,-9.33801038609701,13,4
228.666666666667,340.731884057971,-9.39023270871745,4,4
228.481481481481,340.740740740741,-9.135675456156,5,4
228.460431654676,340.812949640288,-11.4309514677488,12,4
228.258992805755,340.726618705036,-10.4715913426751,6,4
228.3,340.714285714286,-10.2728236966483,1,4
227.810606060606,340.583333333333,-10.349842645821,10,4
