422.867469879518,262.680722891566,-23.2899673529621,NaN,1
423.133720930233,262.686046511628,-22.7426357723906,10,1
423.091463414634,262.615853658537,-23.6076435046492,12,1
423.104294478528,262.588957055215,-23.3518952911257,7,1
423.133333333333,262.715151515151,-24.1082203636786,10,1
423.012048192771,262.512048192771,-23.5831176402171,11,1
423.011764705882,262.576470588235,-24.0779726235499,12,1
423.098837209302,262.616279069767,-23.5244205512666,10,1
422.918128654971,262.538011695906,-23.3882173144389,11,1
423.242774566474,262.589595375723,-24.1150878639076,8,1
423.445086705202,262.791907514451,-24.6502284044913,8,1
423.364705882353,262.8,-24.6952393702601,7,1
423.676300578035,263.023121387283,-24.3789633441641,11,1
423.587209302326,262.889534883721,-24.4872374371563,13,1
423.563953488372,262.877906976744,-23.7710771204198,6,1
423.863636363636,263.130681818182,-23.9303868256117,14,1
424.067415730337,263.230337078652,-24.2586468726638,18,1
424.210227272727,263.335227272727,-23.8636002826369,10,1
424.147727272727,263.386363636364,-23.9744948236615,4,1
424.745856353591,263.602209944751,-24.9469693032222,15,1
425.259459459459,263.778378378378,-23.9357512875647,18,1
425.619565217391,263.815217391304,-24.2391206649799,23,1
426.010416666667,263.979166666667,-25.389052140936,22,1
426.43654822335,264.431472081218,-27.0674639449621,25,1
426.5,264.29702970297,-25.96134169197,13,1
426.042780748663,263.941176470588,-24.677048966788,19,1
425.561111111111,263.633333333333,-24.4147538368471,17,1
425.827027027027,263.745945945946,-24.7326241498118,15,1
425.963917525773,263.871134020619,-24.432946464215,19,1
425.695187165775,263.754010695187,-24.3470089290723,17,1
425.778378378378,263.724324324324,-23.2000427034942,16,1
423.045161290323,262.387096774194,-22.907450368506,40,1
426.441489361702,264.053191489362,-24.314134295063,47,1
426.063492063492,263.994708994709,-24.9927497385548,15,1
426.068783068783,264,-24.5138257907223,18,1
425.900552486188,263.867403314917,-24.2575595260093,24,1
425.626373626374,263.835164835165,-23.2830291214728,17,1
425.163043478261,263.576086956522,-23.3527278036104,16,1
425.174863387978,263.677595628415,-23.6551063963594,15,1
425.8125,263.776041666667,-22.5064701454748,21,1
425.321052631579,263.710526315789,-23.3068716235098,22,1
425.239361702128,263.734042553192,-23.6657804569982,20,1
424.97311827957,263.677419354839,-24.5920447625942,26,1
425.116161616162,263.69696969697,-24.5272410106165,22,1
424.878172588833,263.477157360406,-23.4785257894018,13,1
424.661616161616,263.39898989899,-24.0339315235561,15,1
424.075268817204,263.155913978495,-25.4307540484118,18,1
424.069518716578,263.133689839572,-24.9289670030023,13,1
425.189743589744,263.579487179487,-24.9482926336753,28,1
425.262886597938,263.561855670103,-25.4262909875348,15,1
425.61780104712,263.685863874346,-25.554891915143,21,1
425.559585492228,263.730569948187,-25.892969191564,16,1
424.858757062147,263.446327683616,-26.8888258521273,66,1
421.746268656716,261.664179104478,-49.4405480278859,73,1
420.842105263158,260.481203007519,-50.3197278598028,45,1
417.917293233083,257.255639097744,-43.0896795898934,74,1
416.935251798561,256.539568345324,-34.5437842770179,28,1
414.825,255.58125,-20.0382260234964,75,1
410.882352941176,254.542483660131,-3.88008268192941,83,1
409.782051282051,254.679487179487,-4.46404357710404,31,1
406.107382550336,254.630872483221,-12.5901121699592,77,1
405.019867549669,254.708609271523,-13.1728147906354,26,1
402.164285714286,254.435714285714,-8.32202456713451,57,1
400.21897810219,254.832116788321,0.703459251584812,41,1
398.758865248227,255.056737588652,10.1595339098055,32,1
397.647058823529,255.345588235294,19.281063437079,33,1
396.233082706767,256.15037593985,29.4487462575587,37,1
394.921875,257.46875,39.1808656243422,43,1
393.438461538462,258.853846153846,46.2173104578798,40,1
393.038461538462,259.630769230769,46.6922536481672,22,1
391.766129032258,260.951612903226,46.44906046984,32,1
391.1171875,261.890625,46.004875404194,26,1
390.192307692308,262.861538461538,40.9010945347206,28,1
389.239130434783,263.876811594203,37.7845297923544,28,1
388.781690140845,264.429577464789,37.1605526135587,16,1
388.289655172414,264.793103448276,33.9589806077655,21,1
387.878205128205,265.153846153846,36.6409623853171,21,1
387.025974025974,266.012987012987,36.5031890814306,26,1
386.149350649351,266.857142857143,39.9469459332579,24,1
385.454545454545,267.293706293706,42.8396853537672,21,1
384.147887323944,268.584507042254,49.3604290805467,37,1
383.574468085106,269.241134751773,54.4099024446711,17,1
382.518796992481,270.526315789474,59.0575268628884,32,1
381.727272727273,272.148760330579,64.7076652491138,32,1
381.34126984127,272.611111111111,65.9644754278788,15,1
380.75,273.545454545455,64.0309158009737,22,1
380.485074626866,274.111940298507,63.6608294682373,12,1
379.728571428571,274.978571428571,60.6301585917878,24,1
379.057553956835,276.064748201439,57.6307369366773,27,1
378.811188811189,276.503496503496,57.0283061769104,12,1
378.27972027972,277.083916083916,55.6385447609537,18,1
378.027586206897,277.448275862069,55.7540714053138,10,1
377.404255319149,278.460992907801,55.1419634384338,28,1
376.8,279.372413793103,56.9970605013167,28,1
376.475524475524,280.097902097902,60.6660088683586,18,1
375.807142857143,281.307142857143,67.1673902748782,27,1
375.586956521739,281.86231884058,69.1261840021625,16,1
374.863636363636,283.537878787879,76.6719678850953,32,1
374.358208955224,284.708955223881,82.385664003392,22,1
374.251798561151,285.215827338129,79.6914921601401,19,1
373.765151515152,286.151515151515,78.6894396283516,21,1
373.597122302158,286.553956834532,77.3450455661323,17,1
373.340425531915,287.666666666667,76.7599729771729,20,1
372.906040268456,288.664429530201,74.258297864082,24,1
372.683098591549,289.30985915493,72.6575572809784,19,1
372.448979591837,290.414965986395,71.0706831511576,27,1
372.355263157895,290.598684210526,71.3915823737187,13,1
371.797101449275,292.68115942029,74.1949632761377,38,1
371.302325581395,294.674418604651,79.0344238660195,33,1
371.248120300752,295.345864661654,80.5982622165137,12,1
370.922480620155,296.798449612403,86.1146212402247,24,1
370.785714285714,297.571428571429,86.9419451167586,19,1
370.687022900763,298.900763358779,86.2197267461501,25,1
370.53125,300.2890625,86.0999519196626,23,1
370.351145038168,301.160305343511,84.5313938001184,19,1
370.145038167939,302.259541984733,82.2951446748101,24,1
370.053435114504,303.099236641221,81.7594215524573,16,1
369.876923076923,304.2,80.9020298301862,25,1
369.641221374046,306.022900763359,83.1545538690002,33,1
369.582677165354,306.842519685039,86.1030639571627,20,1
369.349593495935,308.162601626016,-88.5336237568912,22,1
369.30081300813,309.390243902439,-85.6296143884193,18,1
369.112,310.976,-81.9257304016764,28,1
369.130081300813,312.479674796748,-85.1150499583466,26,1
369.07874015748,313.393700787402,-86.7670257044146,14,1
368.858267716535,314.543307086614,88.7681678113122,28,1
368.734375,315.3671875,87.3894854167441,19,1
368.6953125,316.9375,86.5398714746587,30,1
368.488188976378,318.818897637795,85.2615103683888,37,1
368.36974789916,319.915966386555,88.6633140121414,24,1
368.404958677686,321.694214876033,-88.5095945619937,30,1
368.404958677686,322.528925619835,-86.4949498026641,16,1
368.27868852459,324.344262295082,-82.1756406072834,31,1
368.177966101695,326.559322033898,-83.7090827707489,36,1
368.15652173913,327.104347826087,-85.4807575009459,11,1
368.142857142857,328.647058823529,89.8902597068716,32,1
367.957983193277,329.873949579832,88.2265644486505,24,1
367.875,331.9,86.3056357987985,31,1
367.830508474576,333.474576271186,87.7223036071957,26,1
367.876033057851,334.396694214876,89.2117766844847,17,1
368.066666666667,336.233333333333,-85.8232923512409,33,1
368.059322033898,337.28813559322,-83.5933767121604,20,1
368.034782608696,339.469565217391,-83.2497653386513,33,1
367.834710743802,341.256198347107,-87.8340758241908,36,1
367.786885245902,341.852459016393,-89.4618887012507,17,1
367.628099173554,343.545454545455,87.1223960836463,31,1
367.707317073171,344.113821138211,86.3501219407109,18,1
367.663865546218,346.453781512605,87.5774220624964,36,1
367.66393442623,347.565573770492,-89.3054743624621,19,1
367.652892561983,348.611570247934,-86.3612788754661,21,1
367.677685950413,350.743801652893,-82.6032287782791,34,1
367.65,351.65,-81.6215641438207,17,1
367.701612903226,353.653225806452,-83.1468140196004,38,1
367.617886178862,355.243902439024,-87.3045404678511,31,1
367.648,356.256,-89.5724415843501,22,1
367.65873015873,357.960317460317,88.7730473965464,27,1
367.704,358.88,89.4401472737307,21,1
367.754098360656,361.237704918033,-84.3136230604831,35,1
367.821138211382,362.772357723577,-82.0050475362356,29,1
367.905982905983,363.598290598291,-78.2645975867894,16,1
368.179487179487,365.504273504273,-76.1420594756021,34,1
368.290322580645,366.661290322581,-77.9107593104745,23,1
368.411764705882,368.823529411765,-82.2515429392178,37,1
368.50406504065,370.520325203252,-85.7246065737463,30,1
368.616,371.568,-87.2954583095351,16,1
368.957264957265,373.393162393162,-87.3539956881361,32,1
369.008064516129,374.524193548387,-84.8286402105043,23,1
369.433333333333,376.191666666667,-79.465984115597,34,1
369.737288135593,378.025423728814,-75.3488330314381,28,1
369.890756302521,378.655462184874,-74.5673439936948,19,1
370.169642857143,380.758928571429,-76.2487132471348,41,1
370.381818181818,381.8,-76.4571184041553,26,1
370.623853211009,383.715596330275,-79.7244517614605,39,1
371.174311926606,385.376146788991,-81.1986390160857,36,1
371.315315315315,386.405405405405,-81.0157422877387,18,1
371.906542056075,388.616822429907,-77.906802092716,34,1
372.106796116505,389.388349514563,-76.6887481789505,20,1
372.52380952381,391.028571428571,-72.6361575979976,28,1
372.873684210526,393.126315789474,-69.9880156265611,38,1
373.148936170213,393.829787234043,-71.237457737663,19,1
373.682352941176,395.717647058824,-76.2900269651602,33,1
373.897727272727,396.784090909091,-77.6398501357748,17,1
374.367088607595,398.962025316456,-81.2426911611707,39,1
374.765432098765,400.061728395062,-81.9829606965417,36,1
375.012195121951,401.707317073171,-79.3160373447537,21,1
375.901639344262,405.852459016393,-61.0509862927647,47,1
376.491525423729,406.71186440678,-52.3141338672117,16,1
376.828571428571,405.8,-58.4659312905427,27,1
376.825,405,-57.0722357462675,18,1
377.027027027027,405.054054054054,-55.0391091832281,14,1
378.283582089552,406.611940298507,-50.0960206221968,25,1
378.6,406.642857142857,-52.9489278072078,13,1
378.440476190476,406.119047619048,-52.164963128826,14,1
378.593023255814,406.232558139535,-51.2889999097278,6,1
379.037037037037,406.851851851852,-46.487165839881,11,1
379.282352941176,406.635294117647,-40.9825767384898,14,1
379.780487804878,407.121951219512,-38.7899553255967,9,1
380.731707317073,407.353658536585,-33.0282793738479,18,1
381.444444444444,407.271604938272,-29.9839256357112,19,1
381.725,407.2625,-30.0933083694076,7,1
382.875,407.625,-31.1940459000115,26,1
383.53125,407.875,-30.9406680644201,12,1
383.865671641791,407.477611940299,-30.496963283696,25,1
385,407.615384615385,-30.1099065668924,26,1
385.140845070423,407.492957746479,-28.6781090126314,8,1
386.426666666667,407.573333333333,-30.9450464036379,24,1
NaN,NaN,NaN,75,1
441.394160583942,251.423357664234,-81.9431590579262,NaN,2
441.347826086957,251.369565217391,-81.930867357269,3,2
441.287769784173,251.460431654676,-81.949843709621,3,2
441.382352941176,251.647058823529,-81.7092884813005,7,2
441.235294117647,251.382352941176,-81.3444784917966,12,2
441.311594202899,251.710144927536,-81.479007912873,10,2
441.345323741007,251.726618705036,-81.7242978004334,3,2
441.375886524823,251.751773049645,-81.6968101258202,4,2
441.31884057971,251.275362318841,-80.767580003794,7,2
441.333333333333,251.555555555556,-81.2021668457167,6,2
441.312056737589,251.595744680851,-80.6831656015673,3,2
441.44966442953,252.597315436242,-82.4879205458813,14,2
441.257142857143,252.05,-81.1488680729256,19,2
440.964285714286,250.771428571429,-77.1016283284753,38,2
440.25,250.02027027027,-50.8573818660976,62,2
440.006134969325,249.901840490798,-40.1876193224344,35,2
437.864197530864,248.537037037037,-40.4952472544476,73,2
435.10447761194,246.313432835821,-48.2063801980523,90,2
433.86231884058,245.18115942029,-47.5242354468026,40,2
430.664285714286,241.928571428571,-40.5033219377703,86,2
429.921052631579,241.388157894737,-35.0770388505487,40,2
427.121621621622,239.932432432432,-30.1013927214833,78,2
425.12987012987,238.779220779221,-32.1670554831306,62,2
423.454545454545,238.13986013986,-36.0193308774093,37,2
420.343065693431,236.138686131387,-37.9741884829698,76,2
418.3984375,234.8203125,-38.748582344115,41,2
416.261194029851,233.402985074627,-23.6642024093857,54,2
414.208333333333,232.944444444444,-4.62304863582362,52,2
413.210884353742,232.857142857143,-1.37708341251688,23,2
410.885135135135,232.594594594595,5.89935686176919,55,2
409.722972972973,232.797297297297,8.01256505539533,30,2
407.429577464789,233.112676056338,6.79177341662346,50,2
405.514705882353,233.492647058824,2.43304299799494,44,2
404.824817518248,233.605839416058,-1.81423792590425,21,2
403.110294117647,233.661764705882,-2.32515464785211,37,2
402.359712230216,233.611510791367,-4.29997797323744,23,2
401.767605633803,233.788732394366,-3.25232580348835,29,2
400.528571428571,234.228571428571,-2.69631604680999,38,2
399.102941176471,234.095588235294,1.53410022025444,30,2
397.666666666667,233.843537414966,2.41212729269262,39,2
396.28275862069,233.875862068966,5.86116387988151,38,2
394.358208955224,234.485074626866,13.8218796725556,59,2
392.832,235.008,18.4416043309394,35,2
391.595238095238,235.47619047619,19.4739249195839,27,2
390.25,235.887096774194,18.2127829810758,22,2
389.225806451613,236.056451612903,16.3422187490096,20,2
387.59842519685,236.362204724409,11.8136594425012,37,2
386.123076923077,236.476923076923,6.73326370416784,35,2
385.511450381679,236.473282442748,6.17799872061002,21,2
384.022900763359,236.717557251908,5.394400484158,36,2
383.542635658915,236.93023255814,5.14009304892926,18,2
382.162962962963,237.259259259259,7.49977576792681,32,2
380.517730496454,237.36170212766,15.0567852946967,36,2
379.392307692308,237.730769230769,18.6824031628122,25,2
378.040983606557,238.016393442623,18.7552072391879,34,2
377.081300813008,238.479674796748,26.2664782692973,37,2
375.861313868613,238.802919708029,24.2926035504358,32,2
374.948529411765,238.985294117647,21.5584804677801,27,2
374.220689655172,239.255172413793,20.6122589789462,21,2
373.188811188811,239.678321678322,17.3795401417416,32,2
372.475524475524,239.867132867133,16.0249867631098,18,2
370.945205479452,240.157534246575,13.6703398957922,35,2
369.29197080292,240.912408759124,13.7809227161946,39,2
368.138686131387,241.299270072993,17.3226104034988,22,2
366.84126984127,241.777777777778,17.9542060620397,31,2
366.390977443609,241.902255639098,20.7176720140602,17,2
365,242.470149253731,26.4410000574567,31,2
363.356589147287,243.325581395349,30.7084980403014,35,2
362.787878787879,243.318181818182,31.5655442691333,21,2
361.507246376812,243.840579710145,30.8767321300695,32,2
360.764705882353,244.301470588235,29.9451151192424,20,2
359.72027972028,244.741258741259,28.9256412722377,29,2
358.41958041958,245.335664335664,24.7696102812908,30,2
357.829787234043,245.432624113475,23.2645957450733,18,2
356.278571428571,246.092857142857,20.9006213382728,31,2
355.951724137931,246.193103448276,20.9496425590831,17,2
354.225352112676,246.816901408451,21.8561504366964,35,2
352.338235294118,247.683823529412,29.1096022670975,36,2
351.913669064748,248.093525179856,29.606922017767,23,2
350.525179856115,248.539568345324,33.4917264913538,26,2
349.89928057554,248.870503597122,35.8337022858211,20,2
348.698630136986,249.541095890411,38.8836663565867,29,2
347.734693877551,250.08843537415,35.648051184774,27,2
346.952380952381,250.442176870748,33.3611994300725,18,2
345.701986754967,251.072847682119,28.3708340853592,32,2
345.217948717949,251.237179487179,28.0971300452647,13,2
344.212903225806,251.696774193548,25.111378329253,31,2
342.62987012987,252.363636363636,22.331334477849,39,2
341.391891891892,252.817567567568,22.3226593323886,26,2
340.28275862069,253.110344827586,25.3466027198704,21,2
339.711409395973,253.510067114094,26.1180135922515,18,2
338.354609929078,254.127659574468,32.6519121794347,34,2
336.808510638298,254.921985815603,37.2866517077164,36,2
336.223021582734,255.251798561151,37.1165255067361,18,2
334.807142857143,256.064285714286,35.1414266978196,33,2
334.330935251799,256.388489208633,33.8251451074783,15,2
333.189189189189,257.067567567568,33.1600731583162,33,2
331.924657534247,257.664383561644,28.952471841981,34,2
331.267123287671,258.150684931507,29.0402614765438,20,2
329.856164383562,258.684931506849,26.8244114341773,30,2
329.282051282051,258.961538461538,27.0232598186311,20,2
327.652482269504,259.758865248227,27.7583275701706,35,2
326.559440559441,260.405594405594,30.5725435976849,26,2
325.613793103448,261.034482758621,33.1806414109949,24,2
324.639705882353,261.764705882353,37.015511483208,27,2
323.549618320611,262.297709923664,39.8654191994167,21,2
322.60447761194,262.925373134328,41.2125838014603,23,2
321.383561643836,263.787671232877,38.7749830347765,34,2
321.020833333333,264.118055555556,37.2034020885648,12,2
319.891891891892,264.621621621622,33.7172813268267,28,2
319.304635761589,264.973509933775,32.8247992258312,15,2
318.235294117647,265.516339869281,29.6315002886698,28,2
316.935897435897,266.275641025641,30.0476250059349,29,2
315.972027972028,266.699300699301,28.4450401230129,23,2
313.94776119403,268.037313432836,35.4124286019729,45,2
313.725925925926,268.118518518518,35.7193341669,11,2
312.282608695652,269,45.0636567656202,29,2
311.278195488722,269.96992481203,41.365839598222,39,2
310.573529411765,270.426470588235,43.0884852429006,17,2
309.448275862069,271.28275862069,44.8439335823197,33,2
308.957746478873,271.669014084507,42.8870050249172,19,2
307.728571428571,272.45,38.5873597682394,30,2
306.729166666667,273.3125,36.5910780868852,24,2
306.115646258503,273.727891156463,36.6510570528639,19,2
305.157534246575,274.445205479452,33.2296344705091,27,2
304.758389261745,274.724832214765,34.4072016722058,15,2
303.310810810811,275.736486486487,34.6610741077608,29,2
302.034482758621,276.558620689655,37.9962694914145,29,2
301.404109589041,277.020547945205,42.0249032388622,17,2
300.404255319149,277.723404255319,43.9743209196064,25,2
299.685714285714,278.407142857143,45.128887053339,21,2
298.274647887324,279.478873239437,44.4350177888795,30,2
297.438356164384,280.13698630137,41.576093320506,28,2
296.818181818182,280.664335664336,37.8028064194083,19,2
295.82,281.226666666667,35.5837735857426,25,2
295.25974025974,281.506493506493,34.3144298558474,18,2
294.403846153846,282.121794871795,32.3120461275928,26,2
293.552147239264,282.644171779141,31.5501681736805,27,2
292.019607843137,283.588235294118,31.2892092769874,28,2
290.765957446808,284.269503546099,33.7231925048963,28,2
289.986013986014,284.748251748252,35.5247256175195,16,2
288.755244755245,285.615384615385,41.0680247113733,28,2
287.645390070922,286.560283687943,43.9248335981659,28,2
286.950354609929,287.106382978723,45.2708149382273,22,2
285.789115646258,287.897959183673,43.4299277373224,26,2
285.324137931034,288.220689655172,42.7217613500974,14,2
284.331034482759,288.88275862069,39.6579476466511,28,2
283.013333333333,289.786666666667,35.3172141124608,31,2
282.480263157895,290.197368421053,34.4689747878971,14,2
281.222929936306,291.082802547771,35.2302570871464,33,2
280.677215189873,291.348101265823,34.3914431480481,15,2
279.25974025974,292.363636363636,38.4851350122226,32,2
278.164473684211,293.059210526316,38.61649695571,32,2
277.621621621622,293.385135135135,41.8458793104993,14,2
276.625,294.447368421053,47.0479440570237,32,2
276.06,294.906666666667,48.9460622550523,18,2
274.444444444444,296.319444444444,51.0934387100682,42,2
273.601351351351,296.97972972973,49.298696668736,26,2
273.040268456376,297.61744966443,46.1117236256631,17,2
272.072368421053,298.414473684211,42.3219312056911,27,2
271.688311688312,298.727272727273,41.2047721295352,16,2
270.814102564103,299.461538461538,38.4471043308005,26,2
269.701863354037,300.254658385093,35.6951475144385,35,2
269.266666666667,300.654545454545,36.6839756763141,14,2
267.62,301.813333333333,36.6562294805247,35,2
266.888157894737,302.289473684211,39.4176446506229,18,2
265.863636363636,303.214285714286,43.9825556526867,28,2
264.660130718954,304.248366013072,47.3910929677464,31,2
264.105960264901,304.788079470199,47.3080685897874,20,2
262.979865771812,305.785234899329,45.769021881351,28,2
262.407894736842,306.236842105263,47.6422278739455,27,2
261.368421052632,307.342105263158,45.1034453723515,28,2
260.522580645161,307.916129032258,41.7361535199747,25,2
259.974522292994,308.292993630573,38.677339143237,16,2
259.055214723926,309.092024539877,38.9375562999315,26,2
258.751552795031,309.32298136646,37.8213971049856,12,2
257.736196319018,310.061349693252,36.910181215317,32,2
256.394904458599,311.248407643312,37.8485029417144,38,2
255.463087248322,311.718120805369,39.0364059086347,24,2
254.608974358974,312.852564102564,43.7899454465929,33,2
254.097402597403,313.350649350649,47.989377942965,20,2
253.046979865772,314.221476510067,48.9833108994706,31,2
252.349315068493,315.041095890411,49.1628538096435,21,2
251.753424657534,315.575342465753,49.3809046218523,18,2
250.741935483871,316.503225806452,48.8186501789075,27,2
250.392156862745,316.895424836601,47.67187134198,16,2
249.594936708861,317.493670886076,45.1838924250857,21,2
248.76582278481,318.291139240506,42.3705811136278,30,2
248.463855421687,318.560240963855,42.0990160128721,12,2
247.664634146341,319.432926829268,39.9991305856956,28,2
247.169696969697,319.854545454545,39.9159760082277,15,2
246.80487804878,320.268292682927,40.8589539749077,21,2
245.229299363057,321.649681528662,43.3589799436159,33,2
245.032258064516,321.967741935484,41.6815230463468,24,2
243.875816993464,322.843137254902,44.6567807852441,28,2
243.496732026144,323.032679738562,48.7811994821464,16,2
242.71974522293,323.764331210191,46.9590321783109,22,2
241.898734177215,324.632911392405,50.5004072825684,29,2
241.416666666667,325.00641025641,50.4427223513229,12,2
240.593548387097,325.787096774194,48.122722562046,29,2
240.262820512821,326.23717948718,47.044878766675,13,2
239.75625,326.83125,46.2599409068347,16,2
238.95652173913,327.639751552795,43.2699006047975,25,2
238.540880503145,327.911949685535,41.1626427639157,12,2
237.767857142857,328.559523809524,40.9976770697618,29,2
237.631578947368,328.678362573099,40.7431501788463,13,2
236.904761904762,329.315476190476,39.9949970506263,27,2
235.850931677019,330.484472049689,42.646159869006,29,2
235.305732484076,330.891719745223,44.9715840528586,18,2
NaN,NaN,NaN,157,2
424.880597014925,259.007462686567,64.9873130827373,NaN,3
424.897058823529,258.970588235294,65.4185862920604,4,3
424.820895522388,258.917910447761,64.8475811836156,4,3
424.820895522388,259.022388059701,64.9335971083139,4,3
424.781954887218,259.112781954887,64.9155479255627,3,3
424.881481481482,259.037037037037,64.864700692042,4,3
424.888888888889,259.133333333333,64.9463519945268,2,3
424.798507462687,259.119402985075,64.5643642943418,3,3
424.851851851852,259.096296296296,64.1932500224045,5,3
424.851851851852,259.037037037037,64.5104836316466,2,3
424.835820895522,259.089552238806,64.3324952892808,3,3
424.872180451128,259.09022556391,64.4530148382436,1,3
424.860294117647,259.014705882353,64.7877218165755,5,3
424.880597014925,259.037313432836,64.6714362684829,4,3
424.824817518248,259.043795620438,64.6913399491266,7,3
424.805970149254,259.10447761194,64.7020910875978,3,3
424.889705882353,258.941176470588,64.681701677851,4,3
424.851851851852,259.02962962963,64.5018918363087,3,3
424.814814814815,259.118518518518,64.9924324270165,2,3
424.796992481203,259.157894736842,64.4322446215494,6,3
424.89552238806,258.955223880597,64.9313189753897,5,3
424.932835820896,259.014925373134,64.3123928756323,4,3
424.89552238806,259,64.5505590043893,4,3
424.81954887218,259.075187969925,65.1591238196422,7,3
424.888888888889,258.985185185185,64.8024984209235,4,3
424.719696969697,259.242424242424,64.727177610513,5,3
424.753731343284,259.216417910448,65.008865634778,6,3
424.81679389313,259.167938931298,64.8015439860435,5,3
424.769230769231,259.261538461538,64.8862590180987,1,3
424.764705882353,258.992647058824,64.0628621983874,8,3
424.777777777778,259.066666666667,64.4003649405701,3,3
424.744360902256,259.187969924812,64.1061616327245,2,3
424.729323308271,259.18045112782,64.4765902650076,2,3
424.785185185185,259.2,64.1602215594227,4,3
424.815384615385,259.223076923077,64.5080957025185,5,3
424.772727272727,259.189393939394,64.5143382113151,2,3
424.772727272727,259.25,64.1700579181461,2,3
424.699248120301,259.270676691729,64.5594492140531,3,3
424.774436090226,259.15037593985,64.6499357101012,4,3
424.69696969697,259.25,64.7605838485609,3,3
424.774436090226,259.203007518797,64.4483496605284,5,3
424.709923664122,259.290076335878,64.784070196192,6,3
424.708955223881,259.171641791045,64.6426715641469,3,3
424.589147286822,259.496124031008,64.2756032330158,9,3
424.684210526316,259.255639097744,64.473901061163,8,3
424.661654135338,259.285714285714,64.5094910505821,2,3
424.734848484848,259.143939393939,64.481829619756,3,3
424.861313868613,258.934306569343,64.8537818857226,5,3
424.813432835821,258.992537313433,64.5361278425422,3,3
424.875912408759,258.810218978102,64.3233277213556,7,3
424.731343283582,259.097014925373,64.9710803838343,5,3
424.703703703704,259.022222222222,64.4798342476113,5,3
424.721804511278,258.984962406015,64.10343897975,4,3
424.659259259259,259.081481481481,64.6526132211335,8,3
424.684210526316,259.03007518797,64.3162135660742,10,3
424.610687022901,259.145038167939,63.4389747827524,6,3
424.651851851852,259.02962962963,63.99524925057,4,3
424.537878787879,259.265151515152,64.0914559284997,5,3
424.719696969697,259.098484848485,65.0575817245634,8,3
424.492424242424,259.19696969697,64.679637055881,8,3
424.564885496183,259.198473282443,64.921346965472,7,3
424.434108527132,259.341085271318,64.8692544741352,8,3
424.590909090909,258.924242424242,64.5285932310685,5,3
424.590909090909,259,63.9682506156854,6,3
424.546153846154,259.107692307692,64.2697518655705,4,3
424.65671641791,258.917910447761,64.1452426782159,4,3
424.4,259.330769230769,64.54461883095,8,3
424.418604651163,259.356589147287,65.1254470659366,9,3
424.669291338583,259.96062992126,76.2338978990451,54,3
425.232142857143,258.535714285714,82.5662817118009,73,3
425.344155844156,258.935064935065,80.4829328451564,34,3
423.992248062016,264.767441860465,85.0772692226419,101,3
423.357142857143,266.178571428571,78.7394578584564,35,3
422.408450704225,269.140845070423,68.2689749969727,70,3
421.340136054422,271.272108843537,69.1573690822579,55,3
419.631578947368,273.992481203008,62.6900561161069,52,3
417.188405797101,276.644927536232,44.5458128901356,69,3
416.328671328671,277.125874125874,36.1505888311419,29,3
413.852112676056,278.429577464789,27.1389945212919,67,3
410.496350364964,279.919708029197,25.9244639890887,67,3
408.962686567164,280.611940298507,29.6739444063515,33,3
405.692307692308,282.4,39.9433942068391,64,3
404.416058394161,283.087591240876,41.2587949115992,33,3
401.852112676056,284.352112676056,27.4999419490996,57,3
399.733333333333,285.373333333333,22.5363361832945,50,3
398.420289855072,285.963768115942,19.0542760502916,34,3
396.096551724138,286.862068965517,24.9501069209989,55,3
394.69387755102,287.585034013605,32.8830315679769,34,3
392.151515151515,289.075757575758,44.0672552043819,59,3
390.526315789474,290.639097744361,41.7397383216785,47,3
389.351145038168,291.229007633588,37.3648985310965,26,3
387.637037037037,292.333333333333,27.3476679012084,44,3
386.970588235294,292.808823529412,23.8992383985113,25,3
385.328767123288,293.123287671233,17.1085437151499,40,3
384.0375,293.26875,18.8436166466757,52,3
382.786163522013,293.465408805031,18.0977190040252,33,3
379.756578947368,294.697368421053,25.5382569107711,63,3
378.690322580645,295.109677419355,28.1435389382257,25,3
376.510204081633,295.959183673469,31.3224981016464,50,3
374.50641025641,296.75,27.131567549025,43,3
373.489795918367,297.265306122449,24.1996710900345,29,3
371.829113924051,297.632911392405,18.5260109317924,37,3
370.699346405229,298.065359477124,15.0127984014243,27,3
368.708074534161,298.391304347826,14.26310086972,44,3
366.18125,299.0375,17.5604493995696,49,3
365.072368421053,299.256578947368,19.5821714362968,22,3
362.452702702703,300.277027027027,30.1884187831822,58,3
361.342465753425,300.86301369863,32.561546361599,28,3
359.777027027027,301.5,31.4253152077631,38,3
357.390728476821,302.64238410596,31.60518710692,51,3
356.590604026846,303.03355704698,27.638283991851,28,3
354.882352941176,303.535947712418,20.8091290456081,38,3
354.031055900621,303.888198757764,20.9428616314957,26,3
351.889570552147,304.509202453988,20.6489216313163,48,3
349.046979865772,305.489932885906,28.8625923211752,58,3
348.059210526316,305.875,32.4798688684698,25,3
346.224358974359,307,39.0955541400741,46,3
345.453333333333,307.606666666667,38.9155386131868,30,3
343.625,308.638157894737,38.343770091184,42,3
341.703225806452,309.767741935484,33.6449656462968,41,3
340.865030674847,310.226993865031,31.671328024922,26,3
339.236363636364,310.951515151515,24.0503208868081,50,3
338.387878787879,311.345454545455,22.5325954245837,26,3
336.171597633136,312.218934911243,22.0674210737194,52,3
333.729559748428,313.106918238994,30.1541831398145,46,3
332.700636942675,313.726114649682,32.7076112258797,26,3
331.377358490566,314.314465408805,31.5004954872644,32,3
330.405063291139,315.012658227848,31.5908692005036,27,3
328.783950617284,315.777777777778,29.6042266069538,36,3
327.025974025974,316.577922077922,24.4465372021727,42,3
326.172839506173,316.981481481481,23.1383875008375,26,3
324.48502994012,317.239520958084,18.8244539238313,43,3
323.533742331288,317.662576687117,19.2230536063138,22,3
321.222929936306,318.394904458599,25.1336765609398,46,3
319.169934640523,319.437908496732,28.4199292121555,48,3
318.295597484277,319.842767295597,30.5597164153197,20,3
316.41935483871,320.658064516129,28.6396548917473,44,3
315.754716981132,320.899371069182,27.1489151540845,20,3
313.432258064516,321.909677419355,22.0478683988395,48,3
311.700636942675,322.420382165605,16.4705683174779,48,3
310.83850931677,322.60248447205,16.5359471026693,20,3
308.457317073171,323.109756097561,16.3451548854078,53,3
307.026315789474,323.506578947368,19.8898111409721,28,3
304.9,324.26,26.0526702911974,42,3
303.154838709677,324.690322580645,29.2914774022807,37,3
302.243421052632,325.144736842105,27.2953780772431,21,3
300.6,325.677419354839,26.1260499573083,35,3
299.767741935484,326.090322580645,25.159412380193,20,3
297.993506493507,326.590909090909,19.6993195263688,37,3
296.321212121212,327.018181818182,17.3969004822056,41,3
295,327.242038216561,15.2985648565639,32,3
293.025974025974,327.590909090909,17.0517408055286,41,3
291.658064516129,328.174193548387,21.1867307509891,27,3
289.986666666667,328.566666666667,27.5405001254692,35,3
288.553459119497,329.157232704403,28.837645653127,31,3
287.672955974843,329.48427672956,26.7067478562862,20,3
285.477707006369,330.312101910828,25.0811982253049,46,3
284.757961783439,330.464968152866,22.2330810144041,24,3
283,331.242038216561,18.1037883864343,46,3
281.64880952381,331.386904761905,15.5650279755657,39,3
280.478787878788,331.709090909091,15.2071023117759,21,3
277.677631578947,332.506578947368,17.8030014822107,55,3
276.66,332.773333333333,20.6393213659175,22,3
275.306748466258,333.233128834356,23.8134913397103,35,3
273.487654320988,333.993827160494,27.0345584463469,41,3
272.396226415094,334.408805031447,28.6851732143917,21,3
270.782051282051,335.160256410256,24.3192225252356,37,3
270.15625,335.275,22.5442064804598,16,3
268.387096774194,335.987096774194,16.4904820912257,49,3
266.751552795031,336.540372670807,15.4416019622084,36,3
265.40625,337.01875,16.4714500206372,27,3
263.263513513513,337.506756756757,17.8986521258431,40,3
262.263157894737,337.967105263158,21.5516142311782,22,3
260.553459119497,338.647798742138,25.9200080067139,39,3
259.2375,339.20625,28.4749315148567,35,3
258.3,339.59375,25.8629842009548,20,3
256.350993377483,340.635761589404,25.2993130277778,47,3
255.326666666667,340.98,21.9948731230075,25,3
253.611464968153,341.579617834395,17.5351279088891,39,3
252.179487179487,342,15.151349420866,41,3
250.486842105263,342.611842105263,15.2200346303566,28,3
248.826666666667,343.1,18.9417160482612,40,3
247.82119205298,343.490066225166,22.7003041077141,23,3
246.107382550336,344.073825503356,28.1939904499755,40,3
244.204081632653,344.952380952381,28.8871197313627,38,3
243.815789473684,345.105263157895,27.2749185056346,19,3
241.694444444444,346.090277777778,23.034405171381,44,3
240.837837837838,346.418918918919,22.3739899946605,24,3
239.428571428571,347.037267080745,18.136694246013,43,3
238.0875,347.39375,15.3615874769053,33,3
236.788461538462,347.814102564103,14.5592240766501,22,3
234.528662420382,348.726114649682,18.0843514294641,47,3
233.849673202614,349.006535947712,19.1432427673282,24,3
232.666666666667,349.635220125786,23.8498154773924,36,3
231.006172839506,350.216049382716,27.4916077977502,33,3
230.111111111111,350.660493827161,27.9946371798115,24,3
228.5625,351.14375,25.0032641739409,42,3
227.823899371069,351.534591194969,23.9936941082745,19,3
226.050314465409,352.220125786164,19.2638586607854,42,3
224.867469879518,352.55421686747,14.4006677181312,39,3
223.69696969697,353.145454545455,14.3786651207907,29,3
222.361290322581,353.561290322581,13.9299192890219,32,3
221.103896103896,353.928571428571,15.1059245063008,31,3
219.51875,354.3375,19.7263081651339,34,3
218.658536585366,354.646341463415,22.5145726473497,30,3
217.70625,354.96875,24.427357542002,22,3
215.474683544304,355.708860759494,25.857201482218,42,3
214.71974522293,356.089171974522,23.902952240027,25,3
213.512195121951,356.536585365854,19.5024709788778,31,3
211.783625730994,357.081871345029,14.7060534214359,39,3
211.083832335329,357.425149700599,13.7968468120852,26,3
208.437908496732,358.18954248366,8.62271157915946,48,3
207.980891719745,358.388535031847,10.3227009014979,14,3
206.527950310559,358.968944099379,15.5451021696244,36,3
205,359.382352941176,22.5326891805255,43,3
204.185628742515,359.556886227545,21.2904955739874,25,3
202.720238095238,359.946428571429,23.8377240110325,41,3
202.159763313609,360.118343195266,24.942412409801,25,3
200.589595375723,360.583815028902,20.3663830324681,38,3
199.219512195122,361.25,15.2111238370574,47,3
198.315789473684,361.526315789474,13.9596778875185,29,3
197.081871345029,362.140350877193,12.9337328141907,38,3
196.041916167665,362.323353293413,12.5745304956327,32,3
194.592356687898,363.082802547771,15.2404396531437,38,3
193.259259259259,363.518518518519,19.6554165988989,33,3
192.987654320988,363.518518518519,21.1754444943996,20,3
191.65243902439,363.90243902439,23.7905483167715,32,3
190.97005988024,363.940119760479,24.7619876375559,21,3
189.768292682927,364.323170731707,22.183667818071,33,3
188.406060606061,364.775757575758,20.2308081657174,45,3
187.298136645963,365.447204968944,18.7657557744872,26,3
185.731543624161,366.140939597315,15.3089569257872,34,3
185.059602649007,366.549668874172,13.979235492472,24,3
183.402777777778,367.048611111111,13.4469066076311,35,3
182.047945205479,367.301369863014,16.9407613601458,26,3
NaN,NaN,NaN,146,3
436.985507246377,263.963768115942,-88.9859934322806,NaN,4
437.028169014084,263.69014084507,-89.1915257895599,6,4
436.971830985916,263.647887323944,-89.1911140246165,4,4
437.028169014084,263.528169014084,-88.5276768795578,6,4
437.042553191489,263.723404255319,-88.1901652129999,3,4
437.035714285714,263.871428571429,-88.2616142024613,7,4
436.942446043165,263.776978417266,-88.9133311156224,5,4
437,263.857142857143,-88.9347806962555,5,4
436.985294117647,263.911764705882,-88.744142003546,4,4
436.957142857143,263.85,-88.7655941781657,6,4
437,264.257352941176,-88.7301574248165,6,4
436.985401459854,264.299270072993,-88.3423663376205,5,4
436.964028776978,263.942446043165,-88.8759987519792,4,4
436.978102189781,263.985401459854,-88.8795520186352,4,4
436.893617021277,263.943262411348,-88.8645007551331,6,4
436.912408759124,264.036496350365,-88.4431345965202,6,4
436.949275362319,264.065217391304,-89.1339673410291,7,4
436.934306569343,264.102189781022,-88.9988982631237,1,4
436.905109489051,264.021897810219,-88.4896317047381,6,4
436.876811594203,264.065217391304,-88.6558007751692,3,4
436.886524822695,263.921985815603,-88.9918694736571,5,4
436.971428571429,263.928571428571,-88.624144283459,5,4
436.977611940299,264.10447761194,-88.2026164345141,6,4
436.955882352941,264.014705882353,-88.2265408634687,4,4
436.935251798561,264.057553956835,-88.5065443078084,3,4
436.921428571429,263.964285714286,-88.2864517926655,5,4
436.928571428571,264.057142857143,-88.6817079915613,2,4
436.921428571429,264.071428571429,-88.4947210967949,2,4
436.907142857143,263.978571428571,-88.2126649413262,4,4
436.955882352941,264.088235294118,-87.9158240453705,4,4
436.912408759124,264.182481751825,-88.3196326373058,3,4
436.9,264.057142857143,-88.1990667558001,3,4
436.935251798561,263.920863309353,-88.5205730780432,7,4
436.928571428571,263.828571428571,-88.4281121522856,1,4
436.89928057554,263.784172661871,-88.7249026513082,1,4
436.905109489051,264.065693430657,-87.9472840340089,4,4
436.912408759124,264.153284671533,-88.8495098030951,6,4
436.860294117647,264.360294117647,-89.0611591713221,7,4
436.871428571429,264.078571428571,-88.1717797087154,6,4
436.874074074074,264.111111111111,-87.8767080801692,7,4
436.861313868613,264.131386861314,-88.496558112788,6,4
436.885714285714,263.864285714286,-88.9623381842194,5,4
436.900709219858,263.936170212766,-88.7341020647677,1,4
436.737226277372,263.956204379562,-89.0810302909744,8,4
436.823529411765,264.073529411765,-88.6311159586629,5,4
436.797101449275,264.086956521739,-88.5817825785725,4,4
436.801470588235,264.117647058824,-87.9865358248089,6,4
436.886524822695,264.09219858156,-88.670894599413,7,4
436.820143884892,264.172661870504,-88.7139854970513,6,4
436.857142857143,264.064285714286,-88.0449406515798,5,4
436.892086330935,264.028776978417,-88.8031977130459,5,4
436.859259259259,263.911111111111,-87.6516096917996,8,4
436.810218978102,263.824817518248,-84.83136878074,28,4
437.157534246575,264.780821917808,-64.272504663099,53,4
437.55033557047,265.187919463087,-47.6849961820982,37,4
439.162162162162,267.162162162162,-48.5576247340033,61,4
441.051851851852,270.288888888889,-63.9424638421874,77,4
441.934959349593,271.609756097561,-72.5548244715338,32,4
443.424242424242,274.886363636364,-68.7936326482924,67,4
444.007633587786,275.870229007634,-64.6988534488066,27,4
445.06993006993,277.916083916084,-52.5239962477971,58,4
446.516339869281,279.751633986928,-43.7603914239733,64,4
447.128378378378,280.087837837838,-38.8741927077635,27,4
449.041666666667,281.944444444444,-38.7289938133612,52,4
449.78,282.766666666667,-41.0833913021914,26,4
451.594202898551,284.775362318841,-44.129770134039,56,4
453.328467153285,286.379562043796,-39.1918581801904,51,4
453.978102189781,286.985401459854,-37.7358177187109,22,4
455.467625899281,288.043165467626,-30.1536554853224,34,4
456.277027027027,288.547297297297,-26.5815611218447,23,4
457.836734693878,289.299319727891,-20.6231268591135,37,4
459.251533742331,289.723926380368,-16.4393320928735,34,4
460.169811320755,290.050314465409,-13.2005110104244,28,4
462.057324840764,290.464968152866,-11.2259551732294,42,4
462.910256410256,290.846153846154,-11.9795442220938,25,4
465.172185430464,291.264900662252,-13.8833912201213,51,4
467.006849315069,291.979452054795,-18.581577009446,49,4
467.852112676056,292.37323943662,-23.5433344728595,20,4
469.13986013986,292.916083916084,-25.7581050458488,35,4
470.044117647059,293.5,-28.2847388638506,25,4
471.921428571429,294.307142857143,-27.6204160276729,38,4
473.402877697842,294.913669064748,-25.8228411234297,33,4
474.071428571429,295.321428571429,-24.5556669777817,23,4
475.715277777778,295.840277777778,-19.6076730327882,34,4
476.143835616438,295.938356164384,-18.6989377134943,12,4
477.319727891156,296.374149659864,-17.1804693677201,35,4
479.472602739726,296.986301369863,-15.6816349099436,45,4
480.255033557047,297.281879194631,-15.575982124076,19,4
482.085714285714,297.778571428571,-20.9347808125384,39,4
482.659259259259,298.533333333333,-23.2230466213507,33,4
484.064285714286,298.914285714286,-27.6911848576311,39,4
485.760869565217,299.869565217391,-31.1641835076506,42,4
486.485294117647,300.25,-31.0284084524191,20,4
487.972602739726,300.849315068493,-27.3059118998346,42,4
488.828947368421,301.098684210526,-25.0870520994278,22,4
489.860759493671,301.405063291139,-20.2914613111226,34,4
491.394736842105,301.855263157895,-15.9643561146621,36,4
492.503311258278,302.185430463576,-12.266226160912,25,4
494.258278145695,302.609271523179,-11.8822486865397,36,4
494.846153846154,302.814102564103,-10.4555426960803,25,4
496.853333333333,303.393333333333,-11.6074549580253,44,4
497.854304635762,303.894039735099,-14.7524289684143,31,4
498.387755102041,304.108843537415,-16.1573298006897,16,4
500.162162162162,304.533783783784,-18.6189261637019,39,4
501.298611111111,305.076388888889,-18.1151803066249,28,4
502.868055555556,305.479166666667,-18.9167140742043,30,4
504.554054054054,305.891891891892,-15.0132901196184,34,4
505.638888888889,306.298611111111,-11.5275675907472,22,4
506.88275862069,306.68275862069,-8.66403784470428,29,4
507.517482517483,306.804195804196,-7.6650165335149,16,4
508.816993464052,307.130718954248,-6.42269866327041,32,4
510.467105263158,307.526315789474,-10.1939633933035,35,4
511.084967320261,307.660130718954,-11.5736796154017,15,4
512.337837837838,307.966216216216,-12.8296854842332,29,4
513.438709677419,308.367741935484,-17.3435853256544,23,4
514.884615384615,308.660256410256,-22.6504781080327,37,4
517.095890410959,309.486301369863,-21.9670535813148,46,4
517.437086092715,309.629139072848,-21.2286560936191,19,4
519.548611111111,310.305555555556,-15.7014845718322,39,4
520.212328767123,310.650684931507,-15.3211597567512,22,4
521.535483870968,310.954838709677,-11.324812192199,33,4
523.052287581699,311.516339869281,-7.87991431403654,40,4
523.73417721519,311.778481012658,-8.4945690381243,19,4
525.3,311.98125,-8.78826511076529,32,4
526.103225806452,312.122580645161,-8.44656618649506,19,4
527.450617283951,312.555555555556,-11.9664288042002,31,4
529.197530864198,313.006172839506,-18.5083289709641,36,4
530.0375,313.33125,-18.6775915212718,22,4
531.811688311688,313.980519480519,-19.7846426447158,36,4
532.567741935484,314.309677419355,-20.2959712101377,19,4
534.245033112583,314.708609271523,-17.567503817402,36,4
536.205479452055,315.438356164384,-11.3056780745117,39,4
537.032679738562,315.745098039216,-8.88119074493721,23,4
538.283950617284,315.981481481481,-7.36519427835966,29,4
539.018987341772,316.113924050633,-6.37968047411535,18,4
540.408805031446,316.415094339623,-4.7671055216275,35,4
542.063694267516,316.808917197452,-8.36154284340637,34,4
543.303225806452,317.058064516129,-11.4347994542421,26,4
544.84076433121,317.343949044586,-16.918810049931,34,4
545.111801242236,317.434782608696,-16.013405662577,12,4
546.955128205128,317.75641025641,-19.8964918627136,33,4
548.961038961039,318.461038961039,-18.5498333353944,38,4
549.705128205128,318.615384615385,-16.5010946757257,18,4
551.458333333333,319.236111111111,-11.0171448404887,40,4
551.688311688312,319.285714285714,-10.5189950273404,18,4
553.296774193548,319.638709677419,-7.11623869427097,35,4
555.103896103896,320.038961038961,-5.12981496390534,37,4
556.16,320.253333333333,-6.0435321334918,22,4
557.602564102564,320.346153846154,-7.80257691726904,28,4
558.773333333333,320.566666666667,-12.0659152808939,24,4
560.114649681529,320.980891719745,-16.4951757427657,33,4
561.605095541401,321.331210191083,-19.2908472801524,30,4
562.41875,321.425,-18.4531843256428,17,4
564.695945945946,322.168918918919,-16.8548039529935,40,4
565.130718954248,322.320261437908,-19.1324543569009,23,4
566.699346405229,322.699346405229,-14.8081969240813,34,4
568.744966442953,323.295302013423,-8.03633321909442,44,4
569.14465408805,323.264150943396,-7.51387685901631,18,4
571.11038961039,323.616883116883,-6.0362973886217,37,4
571.724358974359,323.73717948718,-5.06726477138812,24,4
573.70253164557,324.075949367089,-7.92134676843371,40,4
575.055900621118,324.403726708075,-12.3945764671615,33,4
576.225806451613,324.451612903226,-13.333482617235,24,4
577.871794871795,324.974358974359,-16.8214602493359,37,4
578.299363057325,325.152866242038,-15.4527316791456,23,4
581.060402684564,325.778523489933,-16.638665683866,50,4
582.296052631579,326.046052631579,-12.2881539657879,37,4
583.282051282051,326.160256410256,-8.74782752471108,22,4
585.186206896552,326.71724137931,-3.79126931428244,45,4
585.724832214765,326.697986577181,-3.37159903437984,22,4
587.952702702703,326.918918918919,-1.26304537282312,39,4
588.913907284768,327.198675496689,-3.94108923806849,33,4
590.304054054054,327.236486486487,-6.77634264782343,29,4
591.660377358491,327.496855345912,-10.7932656533186,29,4
592.554140127389,327.617834394904,-13.1839492650586,18,4
593.772727272727,328.038961038961,-14.1722599968431,37,4
595.746835443038,328.373417721519,-17.1493767354056,42,4
596.638709677419,328.722580645161,-16.6480735500262,27,4
598.614864864865,329.189189189189,-10.0517554097953,37,4
598.993548387097,329.148387096774,-10.0771857206588,21,4
601,329.444444444444,-5.06583155944297,40,4
602.569536423841,329.761589403974,-3.06946303859002,36,4
604.123287671233,329.856164383562,-0.294435557095895,23,4
605.418918918919,329.966216216216,-1.37758412968339,26,4
606.236111111111,329.986111111111,-2.73556779141972,22,4
607.790849673203,330.228758169935,-7.14662429773101,31,4
609.410256410256,330.416666666667,-12.2081792565032,33,4
610.185897435897,330.519230769231,-13.3302317385806,18,4
612.248366013072,330.758169934641,-15.46251270303,37,4
612.974522292994,330.955414012739,-13.4423965307305,18,4
614.815789473684,331.421052631579,-8.95875030141492,41,4
616.16339869281,331.522875816993,-6.10741437087591,31,4
617.096153846154,331.717948717949,-6.04228948099376,25,4
618.757961783439,331.904458598726,-3.03356786652628,35,4
619.959459459459,331.932432432432,-0.872041656238651,29,4
621.458064516129,332.232258064516,-3.70534798625331,35,4
622.806451612903,332.322580645161,-5.36973200638323,36,4
623.464516129032,332.38064516129,-6.92630481947787,16,4
625.217391304348,332.683229813665,-9.08912358655552,34,4
626.069182389937,332.899371069182,-12.449016926783,22,4
627.8375,333.11875,-12.9995766178136,35,4
629.954248366013,333.535947712418,-9.0590893974571,37,4
630.653594771242,333.686274509804,-8.07583950590179,22,4
632.205298013245,333.940397350993,-2.79281310077929,32,4
632.905660377358,333.905660377359,-1.84017786023325,20,4
634.177215189873,334.107594936709,-0.0314991154072078,29,4
636.341935483871,334.193548387097,3.23822553980195,39,4
636.921052631579,334.335526315789,2.01481797625906,23,4
638.791139240506,334.537974683544,-0.617651130246803,36,4
639.192307692308,334.628205128205,-0.918664744674539,20,4
640.7375,334.7125,-5.53373907453702,32,4
642.574074074074,334.901234567901,-9.03849833974627,38,4
643.427672955975,334.911949685535,-10.133374661545,19,4
644.699386503067,335.171779141104,-9.73955730594022,30,4
645.935064935065,335.24025974026,-9.97862520753211,23,4
647.671052631579,335.572368421053,-5.34956259249286,34,4
649.413333333333,335.8,-2.37725367040365,32,4
650.209150326797,335.875816993464,-0.707097489928752,21,4
651.598684210526,335.980263157895,0.486961621225161,27,4
652.513333333333,335.973333333333,2.16902114165679,28,4
654.671052631579,335.848684210526,3.62086296414957,40,4
655.271523178808,336.059602649007,0.790702463293609,25,4
656.158227848101,336.303797468354,-1.63421645012626,17,4
657.19018404908,336.374233128834,-3.39842677037279,29,4
658.187096774193,336.406451612903,-4.72100498437572,20,4
659.993630573248,336.484076433121,-8.20804186481575,34,4
661.26582278481,336.658227848101,-9.61774172849903,25,4
661.615853658537,336.701219512195,-8.94848666631846,20,4
663.772727272727,336.837662337662,-5.13715926339641,40,4
664.398648648649,337.141891891892,-3.23828831679905,22,4
665.691823899371,336.96855345912,-0.297563501571737,37,4
667.156862745098,337.326797385621,1.8793520626757,30,4
667.986394557823,337.231292517007,1.94114791660981,24,4
669.614285714286,337.592857142857,2.32259083311554,41,4
670.631205673759,337.531914893617,1.84901256266944,19,4
671.598540145985,337.459854014599,-1.44107643225605,26,4
673.342857142857,337.75,-5.06191142705575,33,4
674.195652173913,337.710144927536,-6.11377477419498,18,4
676.213114754098,338.049180327869,-8.65948548884061,36,4
677.095238095238,338.039682539683,-10.3695438561964,20,4
679.396694214876,338.322314049587,-9.83068000082611,37,4
681.436974789916,338.613445378151,-4.66978103591751,34,4
682.222222222222,338.615384615385,-2.10553731811532,22,4
683.357142857143,338.833333333333,-0.565911737573592,29,4
683.614754098361,338.860655737705,1.25528966608332,16,4
683.450381679389,338.748091603053,0.654043780211133,11,4
683.646153846154,339.015384615385,1.90575399193899,21,4
683.409090909091,338.939393939394,1.74542810917695,10,4
683.814814814815,339.17037037037,0.638687721773671,19,4
683.955882352941,339.308823529412,0.241130254095466,15,4
683.96992481203,339.406015037594,-0.43095191753072,11,4
683.976923076923,339.346153846154,-2.1062389114486,13,4
683.702290076336,339.488549618321,-2.49201524425215,11,4
683.04347826087,339.45652173913,-2.8804335443594,13,4
684.06106870229,339.465648854962,-5.15961986218343,19,4
683.992125984252,339.511811023622,-5.14593111116694,8,4
684.147286821705,339.682170542636,-6.15911574150445,14,4
683.44696969697,339.674242424242,-6.34319308845767,11,4
683.330827067669,339.714285714286,-6.93380079539546,13,4
683.484375,339.9140625,-6.92433279883627,11,4
683.293233082707,339.864661654135,-7.18617757760752,5,4
682.623188405797,339.782608695652,-7.21959208471333,13,4
682.676470588235,339.764705882353,-7.23311417906463,12,4
682.659259259259,339.688888888889,-6.96462294038479,17,4
682.941605839416,339.700729927007,-6.81079813913589,10,4
682.95652173913,339.644927536232,-8.63183783391653,15,4
682.928057553957,339.690647482014,-9.36962700903673,9,4
683.36496350365,339.832116788321,-11.7524801474594,16,4
