394.432624113475,234.290780141844,-80.0782262176931,NaN,1
394.602649006623,234.668874172185,-79.0499120431436,10,1
394.582191780822,234.609589041096,-79.3565320271665,5,1
394.482269503546,234.397163120567,-80.4654560406592,7,1
394.547297297297,234.554054054054,-80.1079084496618,7,1
394.475177304965,234.404255319149,-80.5652358675995,7,1
394.486111111111,234.402777777778,-80.6192584162948,5,1
394.450704225352,234.267605633803,-80.7580136815467,4,1
394.460992907801,234.340425531915,-80.5002834038814,9,1
394.401408450704,234.098591549296,-81.9051581327394,7,1
394.422535211268,234.112676056338,-80.3112438972145,10,1
394.358620689655,234.427586206897,-79.7698645576496,11,1
394.55033557047,234.657718120805,-80.0408811065404,8,1
394.48275862069,234.393103448276,-80.1953165283826,8,1
394.451388888889,234.416666666667,-80.5128446373768,5,1
394.426573426573,234.412587412587,-80.629629246099,3,1
394.584507042254,234.408450704225,-79.2688100170258,9,1
394.534722222222,234.479166666667,-79.7768822007537,4,1
394.547945205479,234.575342465753,-79.8843133425048,6,1
394.576388888889,234.569444444444,-79.7068315697289,6,1
394.517482517483,234.440559440559,-79.4363050789952,7,1
394.486301369863,234.568493150685,-79.7292861042673,5,1
394.510344827586,234.372413793103,-80.8855598820767,7,1
394.507042253521,234.225352112676,-80.5132519096178,5,1
394.468531468531,234.363636363636,-79.8241881486307,9,1
394.618055555556,234.5625,-78.8996548235183,7,1
394.639455782313,234.700680272109,-79.5968617221337,5,1
394.666666666667,235.026666666667,-79.6279244223426,5,1
394.723926380368,235.963190184049,-82.0246419063499,27,1
394.737804878049,236.19512195122,-81.5737446434566,23,1
394.398936170213,236.457446808511,-81.7572364630331,84,1
394.442307692308,236.514423076923,-70.9625364297209,90,1
394.92,236.688888888889,9.35537028154499,41,1
397.378787878788,237.545454545455,2.23122593468114,117,1
399.761904761905,237.52380952381,11.9092966219498,78,1
403.020979020979,237.104895104895,38.3091117240812,107,1
406.669230769231,235.153846153846,53.4720944475149,87,1
407.844262295082,234.352459016393,40.0918163696904,36,1
412.289256198347,230.669421487603,29.1097095715091,111,1
413.405594405594,229.699300699301,31.3078104247336,54,1
416.202614379085,227.052287581699,54.4995668599354,114,1
419.697183098592,222.718309859155,84.2411394567981,119,1
420.167883211679,222.080291970803,80.8695852754952,37,1
421.576923076923,218.839743589744,86.6999466901905,101,1
422.353658536585,217.091463414634,-86.9582318780074,62,1
421.915384615385,208.953846153846,88.3141403583662,114,1
422.069620253165,205.126582278481,84.2149587883279,76,1
422.214814814815,202.066666666667,85.0438274543585,59,1
422.432835820896,196.470149253731,-74.4662198222523,95,1
422.041095890411,194.232876712329,-69.6194550874133,46,1
421.38,189.846666666667,-75.3540703893639,84,1
420.442857142857,184.857142857143,-86.9666958151007,100,1
420.032520325203,182.130081300813,-82.3548598774878,47,1
419.32,178.064,-76.0297056728524,84,1
419.042253521127,174.992957746479,-83.1329865006579,57,1
419.286666666667,170.573333333333,78.6340331537411,88,1
420.180555555556,165.618055555556,75.1951725242386,94,1
420.536585365854,164.349593495935,80.0810079217167,35,1
421.403225806452,157.814516129032,82.4706298406213,113,1
421.884892086331,155.064748201439,75.4508796736638,57,1
423.397163120567,150.964539007092,60.9776202045972,90,1
425,147.4375,59.7777324415246,73,1
425.944,145.712,61.7759367707072,41,1
428.112,141.032,57.4567788452998,96,1
429.370629370629,138.944055944056,52.0642734627797,54,1
432,136.570552147239,32.5941692570472,84,1
435.522875816993,133.732026143791,34.0667414506853,96,1
437.014184397163,133.156028368794,36.4379358639376,42,1
441.054054054054,129.824324324324,39.8083643966296,101,1
442.811688311688,128.883116883117,37.3769524768755,42,1
446.058823529412,126.843137254902,28.0206349594926,81,1
449.483870967742,124.870967741935,30.1491609665752,80,1
451.101910828025,124.057324840764,37.3084556809898,42,1
454.980132450331,121.576158940397,37.7155202080626,92,1
456.631578947368,120.572368421053,33.37474161734,45,1
459.957055214724,118.80981595092,21.0618392820086,81,1
463.895424836601,117.209150326797,21.5711209523549,88,1
465.592105263158,116.736842105263,24.5242032610266,39,1
470.14,113.92,31.8188613361141,104,1
471.904761904762,113.027210884354,28.6513769895548,49,1
475.18,111.473333333333,16.5413854260194,75,1
479.280821917808,110.219178082192,14.605278667312,82,1
480.823129251701,110.020408163265,17.2773012067333,31,1
484.294117647059,108.477124183007,24.7615433676603,80,1
486.35761589404,107.569536423841,27.6957686451785,52,1
489.965034965035,105.93006993007,16.3016360564607,80,1
493.840277777778,105.118055555556,7.4341638410661,73,1
495.65034965035,104.706293706294,12.1802154817045,35,1
499.461538461538,103.979020979021,18.8456185605294,72,1
501.464788732394,103.197183098592,23.1026438047314,45,1
505.342857142857,101.771428571429,8.50045234254713,82,1
508.833333333333,101.202898550725,-0.393300541837757,74,1
510.503448275862,101.034482758621,1.59917256897651,31,1
513.953020134228,100.389261744966,9.27070841179592,72,1
515.826666666667,100.373333333333,15.3121648035261,39,1
519.280821917808,99.4931506849315,10.3749191338801,70,1
522.8,99.0275862068966,-0.953738936943904,69,1
524.881118881119,98.8391608391608,-1.39536877320948,38,1
527.794520547945,98.6369863013699,0.590636257088442,55,1
529.820689655172,98.5448275862069,6.16628296340427,41,1
532.980519480519,98.1623376623377,10.6482989641108,67,1
536.808219178082,97.6369863013699,2.38433082103931,72,1
538.283687943262,97.4964539007092,-1.21873209327852,39,1
542.007042253521,97.4577464788732,-5.48820605728066,69,1
543.375886524823,97.531914893617,-4.82495056213464,33,1
546.198757763975,97.5714285714286,3.20215421681307,60,1
549.166666666667,97.641975308642,8.42986090422783,59,1
550.882716049383,97.6234567901235,6.78310665913004,44,1
554.37908496732,97.1307189542484,-3.66244077887231,65,1
555.772151898734,97.0379746835443,-10.8428819402767,41,1
558.763157894737,97.2763157894737,-8.69056772471433,60,1
561.709677419355,97.5225806451613,-1.88181396655936,61,1
563.572413793103,97.5172413793103,0.656356364391055,38,1
566.348993288591,97.3959731543624,-3.34085664508587,58,1
567.847222222222,97.5555555555556,-7.83296884993943,33,1
570.699300699301,97.8811188811189,-19.4469978152068,63,1
573.815602836879,98.5390070921986,-24.4155660150495,66,1
575.051851851852,99.0444444444445,-23.7048600158191,30,1
577.425531914894,99.5602836879433,-22.9066680818979,48,1
578.248322147651,99.6442953020134,-20.3917699267851,26,1
580.884353741497,100.707482993197,-16.1180410010394,60,1
583.338028169014,101.464788732394,-18.100301903436,59,1
584.611940298507,101.84328358209,-19.3332915122189,28,1
586.489208633094,102.73381294964,-27.6238013410472,45,1
587.63503649635,103.131386861314,-30.8445083494759,32,1
589.546153846154,103.930769230769,-32.3338195229706,51,1
591.316176470588,104.875,-31.9567753743916,44,1
592.099290780142,105.184397163121,-30.7067800392011,23,1
594.10071942446,106.503597122302,-27.6776011084118,46,1
595.113475177305,106.992907801418,-25.7250714468287,22,1
596.551724137931,107.772413793103,-24.7741418465362,32,1
597.887417218543,108.582781456954,-22.5148483176441,36,1
599.287581699346,109.313725490196,-21.7985508038841,28,1
600.540540540541,109.783783783784,-21.6175586526188,29,1
601.5,110.378205128205,-25.0340922478998,22,1
603.3,111.3,-27.2106355796564,40,1
604.692810457516,112.104575163399,-30.2039311482324,35,1
605.748299319728,112.619047619048,-32.9399589589057,18,1
606.917808219178,113.356164383562,-33.4618673531414,31,1
607.54609929078,113.801418439716,-34.9599726481098,15,1
608.963503649635,114.912408759124,-38.4499807238599,36,1
609.601449275362,115.36231884058,-35.2466582757554,27,1
610.548148148148,115.896296296296,-34.1627269980654,19,1
611.698630136986,116.650684931507,-32.1054608084134,27,1
611.953642384106,116.887417218543,-30.5286835278177,15,1
613.092105263158,117.493421052632,-28.4420397992476,31,1
614.263157894737,118.302631578947,-27.3411045569753,32,1
615.026315789474,118.848684210526,-27.6273971090345,18,1
616.006451612903,119.206451612903,-25.3466604024107,25,1
616.292993630573,119.375796178344,-25.6508094332502,16,1
617.4125,119.80625,-25.8544508284452,25,1
618.915584415584,120.564935064935,-27.3063073183609,30,1
619.647058823529,120.83660130719,-26.9809201714667,15,1
620.554140127389,121.273885350318,-27.195229389331,22,1
621.03125,121.6625,-27.7497291661046,15,1
622.327044025157,122.232704402516,-29.6414628726848,27,1
622.710691823899,122.490566037736,-27.5559038304457,18,1
622.8625,122.51875,-27.9836810600977,11,1
623.953020134228,123.134228187919,-28.864181456915,23,1
624.668789808917,123.528662420382,-31.0881117025959,18,1
625.361290322581,124.161290322581,-32.6308948901139,22,1
625.724358974359,124.25,-32.9033611614457,11,1
626.090322580645,124.290322580645,-33.0291074148783,13,1
626.850931677019,124.739130434783,-32.5075818250226,18,1
627.381578947368,125.085526315789,-32.8367357138882,17,1
627.793548387097,125.251612903226,-34.0559939896897,15,1
628.65625,125.79375,-34.3175548305529,21,1
629.032051282051,126.00641025641,-32.878127359395,14,1
629.571428571429,126.220779220779,-33.4379295254742,14,1
629.645161290323,126.174193548387,-32.5745611892798,13,1
630.077419354839,126.6,-32.0216949994493,16,1
630.636363636364,126.733766233766,-32.1235216009456,17,1
630.936305732484,126.87898089172,-33.0212820871807,13,1
631.320512820513,127.275641025641,-33.1202747376926,19,1
631.92,127.646666666667,-32.4950313982391,12,1
632.092105263158,127.736842105263,-32.1134103266765,8,1
632.710526315789,128.052631578947,-33.7406914581429,16,1
632.76821192053,128.132450331126,-33.9191242136441,9,1
633.298611111111,128.402777777778,-34.4161418801343,15,1
633.71724137931,128.565517241379,-33.7679839816576,13,1
634.435714285714,129.05,-34.1952737343309,17,1
634.781690140845,129.345070422535,-34.7578159930957,12,1
634.979591836735,129.455782312925,-34.3730286459587,9,1
635.366197183099,129.697183098592,-33.8927638178337,13,1
635.489510489511,129.86013986014,-33.8996995161316,9,1
635.733766233766,129.88961038961,-33.5997138999659,15,1
636.345070422535,130.30985915493,-33.1085083677101,18,1
636.572413793103,130.468965517241,-33.9993052167479,11,1
637.511111111111,131.051851851852,-33.6397144870679,16,1
637.405594405594,130.993006993007,-34.6811816426607,10,1
637.872180451128,131.15037593985,-34.9630011743164,14,1
638.305970149254,131.440298507463,-35.6561430366853,11,1
638.279411764706,131.345588235294,-34.8459736737189,10,1
638.794117647059,131.75,-34.3059808911196,16,1
638.741007194245,131.611510791367,-34.4797695230658,9,1
639.028571428571,131.757142857143,-33.8991456280694,7,1
NaN,NaN,NaN,140,1
393.629370629371,233.769230769231,-47.3670305850885,NaN,2
393.744680851064,233.716312056738,-48.0801041211418,6,2
393.716312056738,233.687943262411,-47.0531150229791,4,2
393.717391304348,233.666666666667,-47.0621717261343,5,2
393.746478873239,233.584507042254,-47.3015385749246,6,2
394.641975308642,235,-52.76020860071,22,2
394.88,235.502857142857,-51.2124291150625,43,2
394.216374269006,235.12865497076,-53.68904321489,52,2
393.948571428571,234.605714285714,-76.0639267012366,82,2
393.976878612717,233.85549132948,76.9236995819825,42,2
395.221518987342,231.987341772152,56.2529902079394,81,2
396.640522875817,229.56862745098,66.9256433188551,75,2
397.755555555556,227.466666666667,84.9064876494726,52,2
398.678321678322,223.986013986014,88.5337943490416,86,2
399.114649681529,221.433121019108,85.8888949326631,54,2
400.070422535211,215.62676056338,83.2042893543016,109,2
399.825,212.0375,-74.64947394296,74,2
398.840707964602,208.601769911504,-48.8563678483858,73,2
396.836363636364,203.836363636364,-68.5311550126985,103,2
396.059701492537,201.186567164179,-79.6161793405625,58,2
393.827586206897,196.855172413793,-69.0775919659245,103,2
391.253164556962,192.525316455696,-56.6754637210384,105,2
389.892857142857,190.8,-58.3027472609592,50,2
387.703125,186.5390625,-70.3683871689234,102,2
386.18115942029,182.710144927536,-75.7466570290944,74,2
384.223776223776,178.412587412587,-64.9271703777871,89,2
381.506944444444,173.75,-55.4954407702975,99,2
380.275590551181,172.055118110236,-59.1952640164833,47,2
378.170542635659,168.232558139535,-65.3133712587937,84,2
376.940740740741,165.592592592593,-67.6102271710838,56,2
374.643356643357,162.111888111888,-55.3706834413873,82,2
372.055555555556,158.763888888889,-51.8998748856742,87,2
370.795081967213,157.508196721311,-54.4669885053104,34,2
368.770992366412,153.557251908397,-72.3212462374913,87,2
367.875,151.220588235294,-76.8392761716046,47,2
366.220588235294,147.485294117647,-72.7654426145217,76,2
364.734375,144.1953125,-65.52807286425,72,2
363.904761904762,142.539682539683,-65.4081432544821,34,2
362.55737704918,138.827868852459,-79.6995044979786,70,2
362.259541984733,136.923664122137,-85.684400866134,37,2
361.777777777778,133.238095238095,-89.0354687457511,67,2
361.083333333333,130.045454545455,-81.0215396906421,60,2
360.75,128.596774193548,-78.0874655427427,28,2
360.246031746032,124.880952380952,-83.2105994166776,70,2
360.112781954887,123.248120300752,-89.8554823069527,33,2
360.212121212121,119.719696969697,80.5724176110737,67,2
360.643410852713,116.372093023256,85.1611980202835,61,2
360.418604651163,115.434108527132,89.0147762609989,28,2
360.508928571429,112,-83.4224922013639,61,2
360.471074380165,109.859504132231,-86.0693613457131,37,2
360.772357723577,107.065040650407,78.2633392980162,54,2
361.618644067797,103.508474576271,72.8960024152392,65,2
362.042016806723,102.394957983193,73.4642037406728,25,2
362.457627118644,100.076271186441,78.0707247721338,45,2
362.8,98.104,83.3325162660806,35,2
363.298387096774,94.6209677419355,79.0370494982642,61,2
364.116279069767,91.6666666666667,70.0043368143185,59,2
364.746478873239,90.4014084507042,65.7038268579979,35,2
365.756578947368,87.9539473684211,64.8185837092814,58,2
365.993788819876,87.1614906832298,66.9943728867829,27,2
366.625766871166,85.6564417177914,55.1318868237619,48,2
367.580838323353,85.8562874251497,59.7950253466908,44,2
367.940828402367,85.6331360946746,54.6996286034941,22,2
368.962264150943,85.1949685534591,49.0854838287158,48,2
369.120481927711,85.0481927710843,53.6173995289752,31,2
369.762162162162,85.4864864864865,53.4405208269181,43,2
370.811518324607,85.7434554973822,46.4185236667632,56,2
371.068965517241,85.423645320197,42.8405261737137,27,2
371.951923076923,85.2163461538462,37.3909083920613,46,2
372.318181818182,85.1010101010101,38.5308460323452,28,2
373.294117647059,84.8502673796791,38.6711099914692,35,2
374.489795918367,83.9336734693878,28.9806090332669,63,2
375.286549707602,83.8654970760234,36.640743379422,31,2
376.578947368421,84.2923976608187,30.0081107648992,52,2
377.155080213904,84.6791443850267,30.7411858893005,30,2
377.868421052632,84.0789473684211,28.8474061857936,49,2
378.946428571429,84.5892857142857,19.7858599002684,50,2
379.050561797753,84.5730337078652,21.3360196971094,30,2
379.530726256983,84.2178770949721,12.9814766259348,53,2
379.96256684492,84.3048128342246,8.22410795368406,32,2
379.565445026178,84.6649214659686,18.6515522160127,56,2
380.769565217391,85.0869565217391,15.0840752714518,57,2
381.349775784753,84.6771300448431,17.7801306616559,31,2
382.109589041096,84.3972602739726,17.7613001820264,30,2
382.504672897196,84.4766355140187,23.3066303729849,27,2
383.377272727273,84.3227272727273,21.517506366399,28,2
384.31308411215,84.1822429906542,24.1873012627036,36,2
384.81990521327,84.1374407582938,23.2403798467217,17,2
385.282926829268,83.7414634146341,20.0616869125851,18,2
385.579207920792,83.7277227722772,20.161938725611,11,2
385.81592039801,83.5771144278607,17.201002968381,25,2
386.253658536585,83.7121951219512,17.1694300475458,26,2
NaN,NaN,NaN,205,2
397.493506493507,248.207792207792,8.44136207508897,NaN,3
397.43137254902,248.267973856209,7.54728809651306,7,3
397.432258064516,248.270967741935,8.43044014228833,8,3
397.34,248.313333333333,6.78042178635212,11,3
397.754838709677,248.18064516129,15.2947874467353,45,3
397.7375,247.8,33.2444545019413,41,3
397.315789473684,248.345029239766,46.6182060013693,81,3
396.305389221557,249.616766467066,46.4775314382865,44,3
393.474576271186,251.80790960452,29.9229611699019,88,3
390.489473684211,253.815789473684,22.8684807101976,101,3
388.481481481481,255.104938271605,22.8232404247187,60,3
382.955128205128,259.198717948718,22.6209955139966,150,3
381.372093023256,260.18023255814,13.3711977833088,52,3
376.384146341463,261.59756097561,-11.5721012765187,126,3
371.234939759036,262.234939759036,-2.65388592424183,120,3
368.351515151515,262.824242424242,7.41119992311388,71,3
363.231213872832,263.473988439306,10.313683172945,120,3
360.613496932515,264.128834355828,-0.289820169865718,62,3
355.784431137725,264.784431137725,-4.65698556133642,112,3
351.290909090909,265.351515151515,6.33600231502038,106,3
349.147239263804,265.742331288344,12.0249455256342,54,3
344.575757575758,266.727272727273,9.90320745017377,100,3
342.570588235294,267.194117647059,5.65695783267471,53,3
338.48,267.617142857143,-5.27567656183994,99,3
334.065476190476,267.863095238095,-4.44569139811485,99,3
332.28313253012,267.903614457831,3.1659797200538,40,3
327.963190184049,268.944785276074,13.1360430426301,97,3
326.279220779221,269.487012987013,11.8301412293189,45,3
322.444444444444,270.339869281046,-0.779975583898752,87,3
318.981012658228,270.791139240506,-6.27218751249552,75,3
317.151898734177,270.917721518987,-3.74792107727752,42,3
313.906832298137,270.993788819876,0.0860599996692033,63,3
312.175,271.2875,7.84204826002272,41,3
308.828025477707,271.777070063694,12.0157267591915,69,3
305.458064516129,272.458064516129,4.58678362831094,70,3
303.986754966887,272.854304635762,-0.467283489692701,36,3
301.256097560976,273.329268292683,-7.70063053856856,67,3
300.012345679012,273.333333333333,-9.83686478005286,40,3
296.620253164557,273.259493670886,-5.13904042656855,72,3
294.006172839506,273.302469135802,4.19666074978915,60,3
292.149350649351,273.668831168831,6.36567573922644,42,3
289.746753246753,274.077922077922,6.11487433949121,52,3
287.979591836735,274.299319727891,-0.0193847602266049,35,3
285.36,274.486666666667,-5.573925400026,55,3
282.815286624204,274.43949044586,-13.1776612250682,55,3
281.646666666667,274.406666666667,-11.4276565528524,35,3
279.314102564103,274.25,-11.0891074957984,50,3
278.311688311688,274.305194805195,-10.6330164811271,30,3
275.506329113924,274.069620253165,-5.62944542148079,58,3
273.045161290323,273.967741935484,-4.55216465060356,51,3
271.771241830065,273.941176470588,-5.44106548320663,34,3
269.721854304636,273.927152317881,-6.63946647485349,48,3
268.668831168831,273.961038961039,-9.75024621097321,27,3
266.331081081081,273.648648648649,-18.3933578016499,54,3
263.993006993007,273.412587412587,-24.4903427689552,57,3
263.285714285714,273.401360544218,-23.3232464039275,22,3
261.232876712329,273.006849315069,-25.6858534866848,47,3
260.246478873239,272.669014084507,-26.2564225409506,30,3
258.69014084507,272.253521126761,-27.1941674421487,36,3
257.072368421053,271.710526315789,-28.2020650360171,36,3
256.233333333333,271.546666666667,-27.6270365108114,20,3
255,271.131578947368,-26.7942563702445,30,3
254.209150326797,270.856209150327,-26.9637369687567,21,3
253.044585987261,270.305732484076,-26.6110930040646,26,3
252.005952380952,269.863095238095,-23.1560105097489,27,3
251.44,269.622857142857,-21.0572775888577,15,3
250.098837209302,268.889534883721,-19.9667289129504,37,3
249.56976744186,268.726744186047,-19.2890602024231,24,3
248.037837837838,268.248648648649,-14.1146984160801,45,3
246.5,267.833333333333,-10.2491028843474,39,3
246.153846153846,267.692307692308,-9.94396011821363,20,3
244.485380116959,267.409356725146,-8.72328858110032,39,3
243.835227272727,267.460227272727,-8.22309317958691,19,3
243.179347826087,267.114130434783,-8.99647164940918,30,3
241.906593406593,267,-7.22797733845798,32,3
241.425531914894,266.920212765957,-7.46381723351626,18,3
240.610526315789,266.778947368421,-8.18239839634888,22,3
240.223958333333,266.8125,-8.16776023283923,16,3
239.27027027027,266.610810810811,-7.90334414759893,29,3
237.955555555556,266.355555555556,-8.76268711974426,31,3
237.516483516484,266.478021978022,-7.99295682467472,20,3
236.569832402235,266.245810055866,-8.58606836243997,27,3
235.801169590643,266.152046783626,-10.1922597932865,18,3
234.894736842105,266.146198830409,-9.53155036082006,24,3
233.790697674419,266.011627906977,-9.81281472190782,25,3
233.656804733728,265.917159763314,-8.42685072339978,15,3
232.706896551724,265.804597701149,-9.9122961850342,31,3
232.693181818182,265.613636363636,-8.86338594403623,16,3
231.826589595376,265.71676300578,-8.01890210992883,27,3
231.072727272727,265.448484848485,-9.59850842556623,24,3
230.717647058824,265.317647058824,-8.18482185956518,17,3
230.116564417178,265.282208588957,-9.04176025782344,17,3
229.7375,265.3875,-9.55767108305559,9,3
229.035087719298,265.421052631579,-8.81246261931834,25,3
228.674698795181,265.060240963855,-11.1539785327216,21,3
228.421052631579,265.198830409357,-9.50691734449694,17,3
227.777777777778,264.888888888889,-10.2815507619152,26,3
227.448275862069,264.787356321839,-12.325955491474,15,3
226.965317919075,264.843930635838,-11.197215754461,21,3
226.084337349398,264.746987951807,-9.24715756672787,23,3
225.664634146341,264.493902439024,-10.9816968520864,22,3
225.228395061728,264.413580246914,-10.5562654616121,12,3
225.048192771084,264.415662650602,-10.1314317812476,8,3
224.6125,264.3875,-9.73537418292084,18,3
224.047619047619,264.52380952381,-9.43768949589508,16,3
223.98224852071,264.366863905325,-8.45312755946006,11,3
223.698795180723,264.271084337349,-9.55561032232489,19,3
223.621301775148,264.177514792899,-8.95502751357154,13,3
223.005747126437,264.16091954023,-10.1401902541729,21,3
222.592814371257,264.11377245509,-9.70298240539931,15,3
222.28488372093,264.197674418605,-8.84510753993951,17,3
222.121387283237,264.086705202312,-7.88242074313545,15,3
221.941176470588,263.988235294118,-8.7096370536671,9,3
221.66265060241,263.951807228916,-8.83829314763049,14,3
220.957575757576,263.842424242424,-7.38588712308776,17,3
220.981818181818,263.751515151515,-6.94684105305027,12,3
220.422360248447,263.60248447205,-7.5371060833874,22,3
220.323170731707,263.530487804878,-6.44280646679284,13,3
220.186335403727,263.416149068323,-6.82407264571376,15,3
219.664596273292,263.503105590062,-6.97428431187069,20,3
219.726708074534,263.459627329193,-5.37027040335804,12,3
219.232704402516,263.238993710692,-7.28749019661634,16,3
219.312883435583,263.208588957055,-7.53523840350468,12,3
219.39156626506,263.156626506024,-6.99455173814953,11,3
219.233918128655,263.204678362573,-6.54423379161994,7,3
219.121212121212,263.181818181818,-6.27024096027346,6,3
218.850299401198,263.095808383234,-7.39890795553213,8,3
218.830303030303,263.084848484848,-7.92659739956567,8,3
218.576470588235,263.194117647059,-6.98159073134471,9,3
218.180722891566,263.072289156626,-6.97410589210683,10,3
218.134502923977,263.140350877193,-7.30789993671329,7,3
217.587878787879,262.987878787879,-6.55474975377316,14,3
217.216049382716,262.932098765432,-5.67759479125578,9,3
217.282208588957,262.79754601227,-5.17195822780464,15,3
216.975308641975,262.728395061728,-5.35589067386706,9,3
216.9125,262.7125,-5.68667580104163,6,3
216.777777777778,262.654320987654,-6.05098954041519,8,3
216.698795180723,262.524096385542,-6.72400112793695,12,3
216.407185628743,262.467065868263,-6.19875383281613,11,3
216.4,262.341176470588,-6.73024824524159,5,3
216.493975903614,262.349397590361,-6.24614473028217,8,3
216.233532934132,262.359281437126,-6.86498247418307,17,3
216.113095238095,262.309523809524,-6.91512654967068,11,3
216.035294117647,262.194117647059,-5.9765127790673,12,3
216.114942528736,262.16091954023,-6.99863003301755,20,3
215.837209302326,262.28488372093,-6.43644013190217,10,3
215.645348837209,262.162790697674,-6.81115945911009,8,3
215.757062146893,262.237288135593,-6.61927641986725,7,3
215.526011560694,262.161849710983,-7.01614427307945,8,3
215.362068965517,262.172413793103,-6.66970429882979,11,3
215.045454545455,262.210227272727,-5.73774058760092,12,3
214.748603351955,261.983240223464,-4.96378699072289,17,3
214.786516853933,261.893258426966,-5.35999287539906,5,3
214.522988505747,261.83908045977,-4.89967032343144,10,3
214.528735632184,261.850574712644,-5.39828237972046,16,3
214.405714285714,261.988571428571,-6.41128417700787,13,3
214.077380952381,261.75,-5.10257123352915,13,3
214.011627906977,261.924418604651,-4.8680416953752,12,3
213.765060240964,261.89156626506,-5.22919375291351,8,3
213.880952380952,261.916666666667,-5.51270356513021,8,3
213.678362573099,261.824561403509,-5.0483830390608,9,3
213.514285714286,261.845714285714,-4.60153992372533,8,3
213.563953488372,261.808139534884,-5.38416303051123,7,3
213.457142857143,261.72,-4.72791757866872,9,3
213.576271186441,261.621468926554,-3.93994588491112,8,3
213.405714285714,261.6,-4.2031025104306,6,3
213.113095238095,261.553571428571,-4.01253627108863,11,3
212.903614457831,261.584337349398,-3.71160733623484,6,3
NaN,NaN,NaN,166,3
399.408759124088,236.14598540146,-44.1518760770237,NaN,4
399.316176470588,236.073529411765,-43.7934707815894,3,4
399.355072463768,236.115942028986,-43.8302244905218,4,4
399.485294117647,236.132352941176,-44.1806755292139,4,4
399.379562043796,235.963503649635,-43.1149897736409,7,4
400.051948051948,237.37012987013,-51.1645822722364,27,4
400.371951219512,237.810975609756,-50.0898616954423,22,4
400.494444444444,238.266666666667,-49.570151490054,44,4
400.410810810811,238.151351351351,-50.7150424804407,35,4
399.291666666667,236.321428571429,-64.150672328292,55,4
396.829411764706,233.882352941176,-53.7992075328763,92,4
395.018404907975,232.018404907975,-33.2395304042555,61,4
392.395061728395,230.172839506173,-34.5081618184339,107,4
390.811320754717,228.389937106918,-44.1697460556282,59,4
386.405063291139,224.645569620253,-43.9792864054443,131,4
382.950276243094,222.364640883978,-11.7231433256606,113,4
380.24025974026,221.655844155844,-11.1968841372304,81,4
374.507042253521,219.239436619718,-23.5600091827608,136,4
372.189189189189,218.331081081081,-35.118225571866,54,4
366.878378378378,215.560810810811,-24.1907333615475,124,4
362.281437125748,213.48502994012,-18.4863945635292,117,4
359.908496732026,212.679738562092,-19.5447858098606,56,4
355.507042253521,210.69014084507,-25.799120927589,105,4
352.158273381295,208.446043165468,-37.1831425578053,81,4
348.251655629139,206.092715231788,-22.9321646936822,92,4
344.324840764331,204.579617834395,-17.7624929557924,92,4
342.121621621622,204.141891891892,-17.665207310445,49,4
338.201342281879,202.785234899329,-25.1681169799368,85,4
335.952380952381,201.829931972789,-31.9306594087412,54,4
332.578616352201,200.415094339623,-30.9429583187887,76,4
329.525,199.1,-21.8162805929669,71,4
327.792452830189,198.572327044025,-15.401464172813,43,4
324.806060606061,197.909090909091,-12.0098910404821,64,4
322.9875,197.725,-12.6333022664419,41,4
320.344155844156,197.376623376623,-16.1255258455392,56,4
317.814102564103,196.948717948718,-24.074142517429,54,4
316.691823899371,196.748427672956,-24.8006615551701,25,4
314.375,196.178571428571,-27.523815063872,53,4
312.704819277108,195.512048192771,-28.44053592306,36,4
310.817073170732,194.908536585366,-24.7400065776632,46,4
309.090395480226,194.71186440678,-23.3962447484235,41,4
308.011627906977,194.511627906977,-20.716239183205,31,4
305.379746835443,193.424050632911,-21.5679347697094,64,4
304.279220779221,193.136363636364,-20.278212160177,28,4
302.1625,192.90625,-32.0331194456386,58,4
300.05298013245,192.066225165563,-35.4425300534242,53,4
299.079470198675,191.880794701987,-39.4512389135439,30,4
297.437086092715,191.271523178808,-43.1834674797828,42,4
296.653594771242,190.849673202614,-42.7299269527667,26,4
294.948051948052,189.902597402597,-40.0264514529939,45,4
293.43949044586,189.152866242038,-37.026546145203,45,4
292.782608695652,188.981366459627,-35.2003289668204,22,4
291.133333333333,187.713333333333,-33.6963432179309,51,4
290.416666666667,187.608974358974,-33.7936853438753,24,4
289.050955414013,186.859872611465,-30.9578766000117,41,4
287.736196319018,186.263803680982,-30.6626951528396,38,4
286.89696969697,186.024242424242,-29.7682846732675,26,4
285.408536585366,185.59756097561,-28.783924170586,39,4
284.20245398773,184.754601226994,-31.4061639747394,33,4
282.668711656442,184.036809815951,-32.7381832018657,42,4
281.157575757576,183.315151515152,-35.2153395763175,38,4
280.623456790123,182.962962962963,-35.6488437342458,17,4
279.683544303797,182.481012658228,-35.4085034196259,28,4
279.149068322981,182.248447204969,-35.8130810514056,13,4
278.163636363636,181.884848484848,-38.1085345040327,24,4
277.351851851852,181.524691358025,-39.1880944404785,25,4
276.901734104046,181.086705202312,-40.688730752407,19,4
275.906976744186,180.593023255814,-39.0248105670519,27,4
275.27380952381,180.136904761905,-40.9442158765371,22,4
274.319277108434,179.650602409639,-40.2876940906827,24,4
273.780898876404,179.297752808989,-41.2346947303843,18,4
273.302325581395,179.133720930233,-42.6818162736944,14,4
272.672619047619,178.613095238095,-43.131162321706,16,4
272.181286549708,178.263157894737,-43.5044601076698,17,4
271.396551724138,177.873563218391,-43.6346957780931,21,4
270.576271186441,177.344632768362,-45.18951228465,25,4
270.32,177.2,-44.6527698562251,8,4
269.748571428571,176.748571428571,-43.009524253723,16,4
269.533333333333,176.605555555556,-43.4775523010342,13,4
268.699421965318,175.872832369942,-44.7486920466778,25,4
268.262569832402,175.68156424581,-45.0232085435537,16,4
267.796511627907,175.21511627907,-46.0737815250534,15,4
267.432748538012,175.040935672515,-46.0626667838792,17,4
267.103448275862,174.752873563218,-46.3225862733152,9,4
266.404624277457,173.965317919075,-48.2968841823927,23,4
265.941176470588,173.652941176471,-48.661114478514,17,4
265.947674418605,173.604651162791,-48.2938708442018,10,4
265.494047619048,173.178571428571,-49.5709150856601,22,4
265.451428571429,173.074285714286,-50.5804326993271,13,4
265.052023121387,172.583815028902,-50.6404676082632,16,4
264.457831325301,171.89156626506,-50.5678156356453,19,4
264.438596491228,171.80701754386,-50.4345704471058,9,4
264.191860465116,171.529069767442,-50.190168435601,9,4
263.8,170.982352941176,-50.9310876263259,14,4
263.530120481928,170.584337349398,-51.4257059215822,12,4
263.27485380117,170.111111111111,-51.2046664251602,15,4
263.197674418605,170.104651162791,-51.2071522231139,9,4
262.988095238095,169.839285714286,-50.5381335596118,10,4
262.843930635838,169.549132947977,-51.1325733410771,11,4
262.615384615385,169.112426035503,-51.7152087735178,16,4
262.327380952381,168.684523809524,-51.2895833940194,11,4
262.213017751479,168.609467455621,-51.6844310559854,11,4
261.801169590643,168.087719298246,-51.8120281749064,16,4
261.919540229885,168.14367816092,-51.4276845465774,7,4
261.635294117647,167.776470588235,-51.8721078169493,12,4
261.518072289157,167.403614457831,-51.7827853858559,14,4
261.457831325301,167.313253012048,-51.6034724256322,10,4
261.22754491018,167.059880239521,-51.610501854265,13,4
260.957831325301,166.722891566265,-52.3827366995943,9,4
260.781818181818,166.448484848485,-53.7089193784881,9,4
260.614906832298,166.136645962733,-53.5383743489991,6,4
260.631901840491,166.20245398773,-53.2790576664427,4,4
260.461538461538,165.952662721893,-53.7634396168887,10,4
260.267441860465,165.703488372093,-54.420268984154,13,4
260.123529411765,165.482352941176,-54.4136300339552,8,4
259.915662650602,165.156626506024,-55.4993141309618,8,4
259.933734939759,165.096385542169,-55.159756760566,4,4
259.60736196319,164.601226993865,-55.6853525093405,13,4
259.603658536585,164.542682926829,-56.2644964774201,7,4
259.484848484848,164.272727272727,-56.4265110998044,9,4
259.299401197605,164.077844311377,-55.2917895270476,10,4
259.265060240964,163.939759036145,-54.6733651888456,7,4
259.084337349398,163.813253012048,-54.1707156415923,8,4
258.917647058824,163.570588235294,-54.6147860569425,10,4
258.810975609756,163.365853658537,-54.8678037714451,12,4
258.672727272727,163.193939393939,-54.7169170828843,9,4
258.684848484848,163.187878787879,-55.0548934067256,6,4
258.369696969697,162.909090909091,-53.5572456275851,10,4
258.321212121212,162.781818181818,-54.0015771464636,8,4
258.041666666667,162.375,-54.9987765296746,13,4
258.023668639053,162.331360946746,-54.0998370330323,7,4
258.041176470588,162.488235294118,-54.6588074049668,5,4
257.796296296296,161.913580246914,-53.6646601688016,14,4
257.835365853659,162,-53.9977370676135,6,4
257.678787878788,161.860606060606,-53.9943082266146,7,4
257.508982035928,161.586826347305,-54.5745113535158,10,4
257.310975609756,161.371951219512,-53.2967241488369,7,4
257.102409638554,160.951807228916,-53.4124868973192,12,4
256.957575757576,160.921212121212,-53.6629390089049,9,4
256.97005988024,160.850299401198,-53.3550392793861,10,4
256.915151515152,160.739393939394,-52.7194622348724,10,4
256.810650887574,160.798816568047,-52.5288919634066,10,4
256.60119047619,160.517857142857,-52.9855096783234,11,4
256.422619047619,160.416666666667,-52.0017249810836,6,4
256.230303030303,160.066666666667,-51.4072209289158,11,4
256.077844311377,159.988023952096,-51.5239908810102,8,4
256.018292682927,159.853658536585,-51.6192097101538,3,4
256.170588235294,160.047058823529,-51.5940866707668,8,4
256.12865497076,160.040935672515,-51.3418403856657,1,4
NaN,NaN,NaN,171,4
412.789115646258,239.986394557823,35.3332477796905,NaN,5
412.744966442953,239.926174496644,36.0648725129019,6,5
412.721088435374,240.013605442177,35.4254862107571,2,5
412.565789473684,240.052631578947,35.3213288519993,7,5
412.614379084967,240.032679738562,35.9019113691716,5,5
412.538961038961,240.123376623377,35.4322577562049,3,5
412.639455782313,240.102040816327,34.7602970539573,7,5
412.664429530201,240.06711409396,35.0623498897639,8,5
412.551020408163,240.068027210884,35.5485284257374,8,5
412.727891156463,239.938775510204,35.9919411945937,6,5
412.596026490066,240.006622516556,35.4863205623298,8,5
412.608108108108,240.013513513514,35.1326495371283,5,5
412.486486486487,240.074324324324,35.7602213508507,8,5
412.753424657534,239.739726027397,35.2926378826798,16,5
412.496688741722,240.019867549669,35.7566581020906,11,5
412.783783783784,239.932432432432,35.6215888259188,11,5
412.651006711409,239.973154362416,35.8896953736972,7,5
412.487012987013,240.11038961039,35.985591785064,7,5
412.191616766467,240.107784431138,35.1565416264664,33,5
412.307228915663,239.686746987952,31.3508533891151,37,5
412.471204188482,240.429319371728,-28.2764975049008,91,5
412.341463414634,240.756097560976,-42.8171600285917,52,5
413.125748502994,241.119760479042,-41.4570968708784,68,5
416.519083969466,242.076335877863,-26.8136006758642,104,5
419.553571428571,243.4375,-10.93130837478,57,5
423,244.8359375,-13.2806769484021,84,5
424.952380952381,246.251700680272,-13.7547604084255,63,5
430.211678832117,247.948905109489,-31.4771450736061,128,5
434.496296296296,249.874074074074,-8.96123270838336,94,5
437.511811023622,251.015748031496,-8.23041780948339,60,5
442.596590909091,253.193181818182,-23.1516383015965,121,5
444.628272251309,254.094240837696,-32.7978649529046,69,5
449.368421052632,255.866028708134,-18.499744900461,120,5
454.148325358852,256.751196172249,11.3885149859722,126,5
456.089108910891,256.559405940594,6.92231074596563,55,5
463.87037037037,256.006172839506,-13.1438176250263,166,5
466.05421686747,256.710843373494,-13.198237353856,54,5
471.942307692308,257.358974358974,4.37602815269365,116,5
478.316455696203,257.101265822785,-5.5269322897528,130,5
481.544303797468,257.632911392405,-10.3142929450881,68,5
486.925925925926,258.104938271605,-8.22148254105458,108,5
489.857142857143,258.380952380952,1.23964184051495,66,5
496.487951807229,258.343373493976,0.584879230432196,138,5
502.108571428571,258.857142857143,-23.3341087621436,121,5
505.585987261146,260.057324840764,-12.564176703515,80,5
511.387878787879,261.012121212121,-0.149468634681497,124,5
514.272727272727,260.933333333333,8.99101569055084,72,5
520.491228070175,260.842105263158,-5.93927049851202,128,5
526.828402366864,261.349112426036,-8.78490521833129,130,5
529.783950617284,261.512345679012,-0.362486715669147,73,5
535.936305732484,261.643312101911,3.3959683474819,121,5
539.193548387097,261.58064516129,-1.3430682484347,68,5
545.225,262.475,-16.4536592000262,125,5
550.909090909091,263.557575757576,-4.66113483384778,123,5
554.230263157895,263.657894736842,0.441350415487507,81,5
560.042944785276,263.950920245399,-5.57079929614439,115,5
563.012345679012,264.092592592593,-16.5820812998358,65,5
568.854545454545,265.50303030303,-16.8538500013381,125,5
574.7625,266.55,-1.20329470381422,129,5
577.803797468354,266.759493670886,-4.92700092953756,60,5
583.140127388535,268.178343949045,-12.0932200339064,117,5
586.783439490446,268.904458598726,-20.7569324858641,70,5
592.197452229299,270.350318471338,-6.10362401562525,114,5
598.398734177215,271.310126582278,-3.24807456195729,119,5
601.535483870968,271.81935483871,-11.9846517024819,65,5
607.320512820513,273.224358974359,-18.780657312831,119,5
610,273.894409937888,-13.5758876448827,57,5
616.175324675325,275.090909090909,-3.07610820561558,125,5
621.578313253012,276.024096385542,-17.1635744259324,110,5
624.43949044586,277.171974522293,-19.3157111254077,69,5
630.013888888889,279.034722222222,-15.882872618355,113,5
632.517006802721,279.687074829932,-8.39127739451608,55,5
638.449275362319,280.884057971014,-9.85514278324034,109,5
643.954198473282,282.496183206107,-24.7266563849405,105,5
648.542372881356,284.525423728814,-18.9371635243635,79,5
651.172413793103,285.813793103448,-19.2180620490819,71,5
651.903448275862,286.455172413793,-13.7168102594896,34,5
651.925675675676,287.966216216216,-28.7858140329043,59,5
653.007246376812,290.45652173913,-54.6801788606647,76,5
653.765151515152,291.984848484848,-55.7952225758718,38,5
654.355555555556,294.674074074074,-44.5223029299721,75,5
654.352112676056,295.654929577465,-38.9536783904057,41,5
654.687943262411,298.404255319149,-47.0339044178737,75,5
654.979452054794,300.979452054795,-68.2654418636609,69,5
655.387596899225,302.759689922481,-72.5282769127331,41,5
655.340277777778,305.763888888889,-69.8920281626022,73,5
655.705479452055,307.698630136986,-56.319445717225,46,5
655.810126582278,310.607594936709,-59.2082683041639,72,5
655.895061728395,313.067901234568,-78.1563804589018,74,5
656.371794871795,314.48717948718,-83.4894937644109,40,5
656.171974522293,317.089171974522,-80.1652233158547,65,5
656.147435897436,319.032051282051,-69.8751722120672,47,5
656.141104294479,321.58282208589,-66.3842712042524,59,5
656.70625,324.0125,-72.7544008466294,57,5
656.772727272727,324.863636363636,-74.894166903205,28,5
656.755244755245,327.783216783217,-78.8120610074057,65,5
