409.940677966102,241.398305084746,24.5225039826284,NaN,1
410.177966101695,241.313559322034,24.4578719893294,6,1
410.043103448276,241.379310344828,24.6473366965832,4,1
410.067796610169,241.347457627119,23.7693396543354,2,1
409.965811965812,241.239316239316,25.2879926581258,5,1
410,241.357723577236,26.4657749143606,6,1
409.949579831933,241.352941176471,25.4196254000269,8,1
409.948717948718,241.393162393162,24.9903462823966,4,1
410.065040650407,241.382113821138,25.6664567457456,6,1
409.915966386555,241.495798319328,25.3169935759369,8,1
409.818965517241,241.491379310345,26.604674432763,5,1
409.827586206897,241.48275862069,26.7207729071182,2,1
410.00826446281,241.462809917355,24.5211570056028,5,1
410.131147540984,241.319672131148,25.752761846647,7,1
409.923076923077,241.538461538462,25.8579025041958,9,1
409.897435897436,241.470085470085,25.93369812838,4,1
409.949152542373,241.474576271186,25.9454020744259,3,1
409.975,241.383333333333,25.4420288754978,8,1
409.881355932203,241.483050847458,24.6575435112947,4,1
409.898305084746,241.423728813559,24.7114741066305,4,1
409.741379310345,241.413793103448,26.6427802921733,4,1
410.083333333333,241.375,25.7558859505246,6,1
409.983606557377,241.393442622951,25.5916445546043,2,1
410.00826446281,241.380165289256,25.9867860043082,3,1
410.034188034188,241.461538461538,24.5103759113201,6,1
409.840336134454,241.504201680672,25.6943062779185,6,1
410.025,241.375,25.855227978446,7,1
410.090909090909,241.363636363636,25.0269130250321,9,1
410,241.406779661017,25.5120174375025,7,1
410.128205128205,241.435897435897,23.9842738000594,5,1
409.947826086957,241.478260869565,25.5771444543337,4,1
410.077586206897,241.51724137931,25.1713831123794,7,1
410.042735042735,241.495726495727,24.9058009187761,3,1
410.116666666667,241.366666666667,26.1817823274845,3,1
410.162601626016,241.349593495935,26.0682282520233,7,1
410.142857142857,241.285714285714,23.9194593499971,8,1
410.116666666667,241.383333333333,25.1586494507937,3,1
410.188034188034,241.410256410256,24.8307351329187,3,1
410.093220338983,241.237288135593,25.6998700089585,7,1
410.273504273504,241.350427350427,23.9618850972619,7,1
410.196581196581,241.324786324786,24.4322269924012,2,1
409.842105263158,241.438596491228,26.0155179487433,5,1
409.91452991453,241.418803418803,25.416811213604,3,1
410.091666666667,241.458333333333,25.5742687024771,7,1
409.932203389831,241.398305084746,24.3130328868361,10,1
410.153846153846,241.42735042735,24.8526077403785,7,1
410.391666666667,241.083333333333,23.6120694856073,11,1
410.111111111111,241.299145299145,24.1622473493802,7,1
410.181818181818,241.157024793388,25.1961602906097,8,1
410.258064516129,241.145161290323,26.228228926417,5,1
410.086956521739,241.330434782609,24.0352143106543,13,1
410.094017094017,241.512820512821,24.9958885642681,6,1
410.108333333333,241.45,23.2404818890816,3,1
410.258333333333,241.291666666667,24.7979621993163,6,1
410.303278688525,241.303278688525,23.2533622872858,6,1
410.180327868852,241.319672131148,24.873613094925,6,1
410.155737704918,241.303278688525,24.2026810005094,4,1
410.148760330579,241.347107438017,25.5388322958503,5,1
410.107438016529,241.347107438017,25.2551697525678,4,1
411.721854304636,240.185430463576,28.6778858165378,32,1
412.026315789474,240.072368421053,26.4506815439752,15,1
411.98064516129,240.012903225806,26.821793134082,9,1
412.076433121019,240.095541401274,24.8005880891852,14,1
412.24375,239.8125,25.3190570801011,17,1
412,239.968152866242,25.732877283252,13,1
411.751633986928,240.032679738562,26.7191531174008,10,1
412.178343949045,240.044585987261,24.591828616968,16,1
411.981132075472,239.949685534591,26.5863262994935,18,1
412.147239263804,239.748466257669,28.4507803405358,16,1
412.24375,239.81875,28.2596885708697,15,1
412.055900621118,239.894409937888,28.3959236186309,13,1
411.398648648649,240.27027027027,31.6385539790004,23,1
410.314960629921,241.070866141732,25.2327414231046,25,1
410.451612903226,241.161290322581,40.2702719148606,33,1
410.183333333333,241.883333333333,58.4935075308767,38,1
409.46017699115,242.486725663717,59.9600445170813,27,1
408.346774193548,244.258064516129,52.2265810151089,59,1
407.542635658915,245.286821705426,44.2553667211693,31,1
405.4375,247.734375,38.502586019674,79,1
402.957983193277,250.336134453782,52.6689932425146,75,1
401.6,251.858333333333,55.4710409730359,37,1
398.623853211009,255.981651376147,35.1797014217072,87,1
397.464566929134,257.220472440945,34.1461000987473,48,1
393.992,260.408,44.8679595719065,88,1
391.483606557377,263.114754098361,61.4596184566597,71,1
390.672727272727,264.2,60.4740097648807,34,1
388.545454545455,268,64.4442663529076,70,1
387.540983606557,269.967213114754,66.5107823927248,40,1
386.330708661417,272.984251968504,64.7995619094466,63,1
385.317073170732,275.918699186992,75.0618228512535,54,1
384.964601769911,276.964601769911,79.9244114961312,24,1
384.196581196581,280.034188034188,80.1825778968007,52,1
383.805309734513,281.442477876106,80.2067781243763,26,1
383.483870967742,284.201612903226,70.6004951666997,59,1
382.75,287.05303030303,69.0254635863425,54,1
382.379032258065,288.314516129032,72.4593060393793,26,1
381.096153846154,292.673076923077,78.2730113842918,70,1
380.733944954128,293.724770642202,72.7757293810899,25,1
379.814159292035,296.265486725664,53.6319755759729,52,1
378.487603305785,298.702479338843,57.5344685903672,50,1
377.719298245614,299.964912280702,62.5509550495642,27,1
376.632478632479,303,75.9896646265926,55,1
376.027272727273,304.581818181818,77.6793903776439,31,1
374.873949579832,307.260504201681,71.3135510058744,47,1
373.669565217391,309.8,62.4040913925953,52,1
372.805825242718,310.718446601942,62.9130242979561,26,1
371.858490566038,313.27358490566,77.3757647547011,49,1
371.423076923077,314.769230769231,85.5580517525598,32,1
370.564356435644,317.336633663366,-89.8847353292124,47,1
370.069565217391,319.113043478261,82.7253528690683,44,1
369.792792792793,319.594594594595,79.3575639811057,24,1
369.104761904762,321.952380952381,69.9277483469767,58,1
368.666666666667,323.410256410256,68.5306378804624,38,1
368.064516129032,325.798387096774,71.9428413179579,63,1
367.258928571429,329.357142857143,81.1513699491385,78,1
366.611650485437,331.669902912621,87.399036427004,41,1
366.196428571429,333.642857142857,79.1980277391482,55,1
365.824,334.472,74.7617561686032,33,1
364.808695652174,337.939130434783,67.6161086191912,74,1
364.432,339.872,69.8386179462827,72,1
364.058333333333,341,72.5893479781714,39,1
362.75,345.97,85.5975184738059,78,1
362.578431372549,346.93137254902,83.0084279469936,24,1
361.781512605042,348.865546218487,73.4221609501701,55,1
360.705357142857,352.008928571429,64.5070000126475,71,1
360.254545454545,353.181818181818,63.7234688485985,38,1
359.579439252336,355.476635514019,68.2816983043218,57,1
359.233333333333,356.383333333333,74.4192757747996,41,1
357.782608695652,361.673913043478,80.1613464800926,80,1
357.233644859813,362.626168224299,75.5997540597465,51,1
356.972222222222,363.703703703704,71.645590243844,25,1
356.009900990099,366.217821782178,63.1642669941757,51,1
355.646017699115,367.265486725664,67.260423465589,34,1
354.940170940171,369.760683760684,77.237937922028,64,1
353.969387755102,374.071428571429,88.1217126814974,69,1
353.775510204082,374.561224489796,85.1640995168772,16,1
353.407766990291,376.504854368932,75.6931236419455,45,1
353,378.082568807339,71.7855137085886,32,1
352.232323232323,380.929292929293,66.4931006996483,52,1
351.5,383.278846153846,72.6220570775119,53,1
351.282828282828,384.070707070707,71.8549074645329,21,1
350.307692307692,388.923076923077,82.8105269558075,71,1
349.853211009174,390.550458715596,77.7821652579961,33,1
348.761589403974,393.039735099338,70.7118602568193,68,1
348.292993630573,395.070063694268,49.8871716455721,68,1
348.331491712707,395.596685082873,43.2152269272324,50,1
348.326530612245,396.178571428571,8.84762750042099,69,1
346.947619047619,395.990476190476,21.6212804120667,48,1
345.405555555556,396.744444444444,37.2511197452559,74,1
343.727848101266,397.037974683544,40.0228041075094,62,1
343.329192546584,397.453416149068,33.1559441748419,25,1
342.466292134831,397.556179775281,22.1713037958903,53,1
341.696335078534,397.659685863874,17.5113426062243,31,1
341.198347107438,397.549586776859,13.5176303756908,69,1
339.285106382979,398.127659574468,4.23724857087039,79,1
339.017094017094,398.213675213675,6.95299838895223,33,1
337.644736842105,398.315789473684,6.53432418093055,52,1
336.723981900452,398.542986425339,6.24838305691406,29,1
335.852678571429,398.491071428571,5.44993828236136,43,1
333.75117370892,398.62441314554,4.10203119279175,59,1
332.985781990521,398.54028436019,4.5076889638307,28,1
332.770562770563,398.670995670996,6.17516274812939,30,1
331.917748917749,398.554112554113,6.32730197378417,22,1
331.4859437751,398.506024096386,5.85121213220989,32,1
NaN,NaN,NaN,249,1
401.401639344262,248.83606557377,74.5161014051782,NaN,2
401.358333333333,248.966666666667,74.5484367224799,2,2
401.439024390244,248.731707317073,74.3090979206811,3,2
401.426229508197,248.893442622951,74.6531668258225,3,2
401.422764227642,248.739837398374,74.6375606752413,5,2
401.459677419355,248.637096774194,74.4328844623782,1,2
401.28813559322,248.737288135593,74.2483493470674,10,2
401.280303030303,248.787878787879,66.8122838513483,54,2
400.232,250.704,39.0588646247151,45,2
398.369369369369,252.009009009009,26.7025391292827,58,2
397.146788990826,253.211009174312,36.1164409965909,38,2
394.756756756757,255.459459459459,63.2099286042492,72,2
392.365384615385,258.480769230769,60.9870148410115,67,2
391.242105263158,260.189473684211,42.0631316669426,37,2
388.641509433962,262.801886792453,40.8428220837817,73,2
387.398305084746,264.28813559322,48.7755721856598,44,2
384.033613445378,267.932773109244,70.8275566336369,87,2
381.852713178295,271.077519379845,57.8836586306765,68,2
380.588235294118,272.857142857143,42.1687723621625,48,2
377.595041322314,275.735537190083,44.7780214047689,88,2
376.727272727273,277.037878787879,51.942330330065,41,2
373.341085271318,280.294573643411,60.9989564688115,83,2
370.985611510791,283.107913669065,44.7739181906304,74,2
370.047619047619,284.325396825397,40.2392153425264,41,2
367.627737226277,286.919708029197,50.0462699893336,75,2
365.748148148148,289.42962962963,63.810698218012,60,2
362.848,293.272,51.910099946349,86,2
360.553956834532,295.330935251799,36.5603998469026,76,2
358.385245901639,296.827868852459,37.8619835689817,51,2
355.469230769231,299.446153846154,49.9137549283403,78,2
353.515151515152,301.560606060606,54.587185425895,54,2
350.454545454545,304.234848484848,40.5952460054103,74,2
346.977941176471,306.536764705882,30.6445453149851,94,2
345.032786885246,307.016393442623,37.2580818407916,44,2
341.480916030534,309.916030534351,48.3442196067722,91,2
339.443609022556,311.954887218045,52.044352753773,52,2
336.251798561151,314.604316546763,35.8341683596844,84,2
332.432835820896,317.067164179104,40.5912715569275,83,2
330.984848484848,317.734848484848,46.0705477581925,38,2
327.328125,321.4765625,48.4282868560282,94,2
325.637795275591,323.220472440945,49.8160707459168,47,2
323.340425531915,325.049645390071,37.1379500870696,68,2
319.860294117647,327.742647058824,37.2058205148626,83,2
318.840909090909,328.113636363636,42.9961213463236,36,2
314.241071428571,332.955357142857,47.0889301421604,108,2
313.094017094017,333.905982905983,42.6398394190441,31,2
310.94964028777,335.359712230216,32.5859072471159,66,2
307.671641791045,337.470149253731,36.9118533779953,69,2
306.2578125,338.234375,42.1095158723657,30,2
302.739837398374,341.235772357724,41.0351896535138,81,2
301.251968503937,342.503937007874,36.1611403847775,36,2
299.007194244604,343.877697841727,28.7712710138842,66,2
295.624113475177,345.63829787234,42.075611287422,82,2
294.10071942446,346.73381294964,48.0989730507354,42,2
290.760683760684,349.905982905983,36.4025771159423,82,2
289.795081967213,350.811475409836,34.435951808657,31,2
287.875,352.007352941176,28.7274516237736,58,2
284.77037037037,353.725925925926,35.4497768234262,73,2
283.5,354.1,40.5553574527507,37,2
280.0078125,356.8984375,36.5184824532615,78,2
278.626984126984,357.714285714286,29.5894486420988,28,2
277.029411764706,358.566176470588,27.0599900973077,54,2
273.768656716418,360.074626865672,37.7428000242757,74,2
272.985294117647,360.294117647059,40.4443270794029,24,2
270.220588235294,362.691176470588,36.699165595688,76,2
268.546875,363.7734375,32.026610378703,34,2
266.812949640288,364.784172661871,26.9064106011615,51,2
264.255474452555,366.029197080292,31.1913897034334,62,2
263.239130434783,366.427536231884,35.6041494035617,27,2
261.244755244755,367.734265734266,44.880492145378,55,2
260.066666666667,368.703703703704,43.7302761737105,28,2
258.350746268657,370.216417910448,36.0553842285218,49,2
256.362204724409,371.842519685039,36.7804552306055,49,2
255.4453125,372.21875,40.0106707100815,25,2
253.404958677686,374.165289256198,47.563128788887,49,2
252.595238095238,374.769841269841,56.0995233406783,29,2
251.317073170732,376.252032520325,46.3893827057865,35,2
249.520661157025,377.586776859504,38.4553234595995,56,2
248.713114754098,378.262295081967,38.3706795171436,29,2
246.371681415929,380.424778761062,53.7932044007258,53,2
245.840336134454,380.705882352941,61.8258464639152,24,2
244.568,382.52,60.2267416096494,50,2
242.779661016949,384.85593220339,51.0898210010231,53,2
241.959349593496,385.886178861789,46.8224761134969,35,2
240.239316239316,387.393162393162,38.2797628095898,46,2
239.22480620155,388.651162790698,43.3178603027309,38,2
237.550724637681,390.224637681159,54.9170342101093,55,2
235.782608695652,392.826086956522,59.8313078960083,64,2
235.044117647059,393.742647058824,57.6029731543423,24,2
233.207142857143,396.15,50.0168333402288,58,2
232.335766423358,396.795620437956,43.5463229994072,27,2
230.585185185185,397.540740740741,27.7243310436869,48,2
228.993103448276,397.572413793103,22.7696370413264,52,2
228.159722222222,397.5625,21.1711547983565,25,2
226.595588235294,397.985294117647,18.1345360367568,46,2
NaN,NaN,NaN,136,2
424.3046875,224.984375,-65.1732617529819,NaN,3
424.34126984127,225,-65.4444735649011,4,3
424.3671875,225.0625,-65.8823662702649,4,3
424.388888888889,225.063492063492,-65.7372524230455,4,3
424.3203125,224.9921875,-64.9787407947744,6,3
424.28,224.872,-65.3940104638161,5,3
424.338582677165,224.929133858268,-65.7085344546388,2,3
424.333333333333,225.007936507937,-65.3507217579742,3,3
424.3828125,225.0625,-65.5732006731466,4,3
424.302325581395,224.891472868217,-65.4540876110171,3,3
424.396946564885,225.053435114504,-65.3066337399323,4,3
424.419847328244,225.30534351145,-65.662108036801,6,3
424.551470588235,225.455882352941,-65.8837691941448,7,3
424.437037037037,225.377777777778,-65.8879528325769,9,3
424.470149253731,225.231343283582,-65.7465406275097,7,3
424.583333333333,225.340909090909,-64.8072439873053,10,3
424.623188405797,225.5,-65.218645452068,6,3
424.65,225.378571428571,-63.0605434281951,22,3
424.354330708661,223.685039370079,-45.0696266467447,65,3
423.404958677686,222.661157024793,-17.8593687647308,42,3
421.081818181818,221.981818181818,-11.1765778171155,65,3
419.704761904762,221.752380952381,-15.8227332419841,27,3
416.558823529412,220.705882352941,-46.3125355138369,69,3
414.191919191919,219.040404040404,-50.3331318119455,59,3
413.010416666667,218.177083333333,-45.3385084119646,29,3
410.326315789474,215.989473684211,-34.0586937808156,57,3
409.519607843137,215.617647058824,-35.0368793575822,27,3
407.540540540541,214.603603603604,-37.9550086362068,47,3
405.252173913043,213.44347826087,-46.8165901200168,56,3
404.068376068376,212.615384615385,-49.6600574478732,32,3
401.638888888889,210.685185185185,-46.9817788520826,57,3
400.900900900901,210.324324324324,-42.0587425352654,23,3
398.571428571429,208.52380952381,-21.7408084464361,64,3
397.111111111111,207.62037037037,-27.1967010517616,41,3
395.825242718447,206.95145631068,-32.4489879987025,29,3
393.227722772277,204.940594059406,-47.8943341298054,54,3
392.888888888889,204.833333333333,-47.7917285483259,25,3
390.601769911504,203.044247787611,-42.2632563504173,53,3
388.458333333333,201.733333333333,-28.9921447907691,59,3
386.866071428571,200.580357142857,-23.186550429356,42,3
383.666666666667,199.183908045977,-23.567277877312,63,3
382.530612244898,198.316326530612,-32.747297190229,31,3
380.321428571429,197.3125,-42.1150854059173,52,3
378.095652173913,195.95652173913,-29.1468878630269,57,3
376.90350877193,195.350877192982,-19.8065413257515,31,3
374.490566037736,194.075471698113,-5.81483530368391,68,3
373.626086956522,193.64347826087,-4.52698287710694,35,3
371,192.931623931624,-9.97957353012471,52,3
367.781818181818,191.836363636364,-25.0607270004176,65,3
366.158878504673,190.971962616822,-25.6478231189049,35,3
364.141666666667,190.45,-25.5880119139527,67,3
362.35652173913,189.608695652174,-17.1337386340996,35,3
359.779661016949,188.703389830508,-5.44931855345204,65,3
357.147540983607,188,-8.10331265171662,60,3
355.5,187.574074074074,-13.6845218891105,36,3
352.412844036697,186.275229357798,-38.3440214985703,65,3
351.080357142857,185.419642857143,-40.9840570951664,33,3
348.909090909091,184.371900826446,-29.6463053056754,51,3
346.866666666667,183.2,-16.1391338938722,53,3
345.17094017094,182.649572649573,-7.41805098878857,33,3
342.198198198198,181.612612612613,-12.7447690241768,62,3
341.232142857143,181.383928571429,-17.5912675053566,21,3
338.548672566372,180.41592920354,-34.1983244974249,61,3
335.761061946903,178.787610619469,-39.1208894611988,62,3
334.333333333333,177.900900900901,-25.7389855853924,34,3
332.05737704918,177.16393442623,-17.1389811777964,51,3
330.926229508197,176.745901639344,-11.9844490973401,30,3
328.169491525424,175.661016949153,-8.57340974838696,62,3
325.788617886179,175.016260162602,-21.259808696681,53,3
324.330578512397,174.727272727273,-27.8883631399814,32,3
321.792,173.28,-33.8720593784067,56,3
320.603174603175,172.730158730159,-32.55767205489,37,3
317.897637795276,171.283464566929,-21.8079226164669,59,3
315.76,170.496,-12.310140554221,48,3
314.322580645161,169.693548387097,-10.0961257385754,35,3
312.024193548387,169.25,-8.47719100524414,46,3
310.614754098361,168.66393442623,-17.1467195655667,36,3
307.821705426357,167.643410852713,-32.9994538509935,59,3
304.982608695652,166.217391304348,-34.8818832284956,60,3
303.815789473684,165.666666666667,-27.1734185881784,23,3
301.691666666667,164.333333333333,-18.6422486267806,52,3
300.643410852713,164,-14.2979394819397,29,3
298.55905511811,163.047244094488,-11.8272574021171,54,3
296.503816793893,162.36641221374,-14.7434896725066,42,3
295.62015503876,162.038759689922,-16.6197101480121,22,3
291.901639344262,160.450819672131,-32.4838591033534,69,3
291.230158730159,159.960317460317,-31.6187575751048,24,3
288.991869918699,158.926829268293,-29.814453163912,47,3
286.888888888889,157.880952380952,-23.1392986717469,51,3
286.059322033898,157.389830508475,-20.1598984677894,30,3
283.92125984252,156.354330708661,-19.9317166463947,47,3
282.647540983607,155.959016393443,-17.2163872463264,25,3
280.639344262295,154.959016393443,-22.6487387150818,46,3
278.299212598425,153.96062992126,-32.004039398209,45,3
277.275590551181,153.425196850394,-33.5141868978089,38,3
275.305785123967,152.363636363636,-32.925083807827,42,3
274.05737704918,151.672131147541,-33.0930866044185,33,3
272.149606299213,150.472440944882,-26.2334253353209,47,3
270.125925925926,149.474074074074,-19.8157198130815,46,3
268.984375,148.7734375,-20.1592362227387,31,3
267,148.0234375,-18.5795100289931,42,3
265.7890625,147.5078125,-20.4947993621109,28,3
263.472868217054,146.364341085271,-28.4963085300953,47,3
260.959349593496,145.121951219512,-34.6895960226007,46,3
260.016,144.72,-33.3545469367474,22,3
258.336,143.84,-27.5877627947214,34,3
257.658914728682,143.434108527132,-26.5043629550781,22,3
256.146153846154,142.676923076923,-19.5332664994715,33,3
254.688888888889,142.074074074074,-19.2999560850861,37,3
253.766917293233,141.669172932331,-15.9740972983675,20,3
252.251908396947,141.106870229008,-15.7207516320348,40,3
251.34328358209,140.850746268657,-15.5132396600965,21,3
248.952755905512,140.047244094488,-17.8272928207552,45,3
247.255813953488,139.503875968992,-22.2722586182799,36,3
246.688,139.216,-21.0596604547661,20,3
245.188405797101,138.731884057971,-21.38579188789,27,3
244.217391304348,138.572463768116,-20.7690318550934,18,3
242.941605839416,138.043795620438,-17.5462680108018,31,3
241.542857142857,137.75,-13.9248597660699,27,3
240.597122302158,137.438848920863,-13.3557404264148,21,3
239.366197183099,137.169014084507,-12.0742504291302,27,3
238.439716312057,136.90780141844,-12.5960150857117,21,3
235.587786259542,136.24427480916,-19.03462221067,50,3
234.376923076923,135.784615384615,-20.9399875893684,29,3
233.346153846154,135.607692307692,-22.650630271577,16,3
232.204225352113,135.204225352113,-23.4159623886316,30,3
231.686131386861,135,-22.9212867289453,17,3
230.131386861314,134.620437956204,-24.0497027937353,36,3
228.992857142857,134.371428571429,-22.4908376558893,25,3
228.668965517241,134.4,-21.4513786016939,15,3
227.278571428571,134.064285714286,-20.3529195850136,27,3
226.697183098592,133.760563380282,-20.109585717603,16,3
225.853333333333,133.64,-19.5698986281278,18,3
224.639455782313,133.374149659864,-18.6597219058159,23,3
223.833333333333,133.006944444444,-19.4726894574397,23,3
222.460526315789,132.664473684211,-18.2206581246628,30,3
221.993150684931,132.458904109589,-18.4153304125975,18,3
220.591549295775,132.211267605634,-17.3036952517558,28,3
219.057142857143,131.778571428571,-19.9371253185856,34,3
218.514084507042,131.661971830986,-19.6170816481378,10,3
217.507352941176,131.404411764706,-19.8670201338624,24,3
216.919708029197,131.255474452555,-19.561513836428,15,3
215.940298507463,130.902985074627,-17.51811212016,23,3
214.807407407407,130.57037037037,-17.1879262228464,23,3
214.614285714286,130.564285714286,-16.6564181250364,13,3
213.69014084507,130.366197183099,-17.0713575923195,16,3
213.109489051095,130.299270072993,-16.4641150048549,13,3
212.321428571429,130.021428571429,-16.3264348360942,21,3
211.647058823529,129.904411764706,-15.950030928972,14,3
211.4,129.8,-15.8522381597132,7,3
210.338028169014,129.549295774648,-17.0473906654218,25,3
209.666666666667,129.466666666667,-14.9817278379224,17,3
209.237410071942,129.323741007194,-17.1060108724449,16,3
208.333333333333,129.103703703704,-17.8481435904942,16,3
208.022058823529,128.977941176471,-17.0387089761189,9,3
207.242424242424,128.818181818182,-19.329530131265,16,3
206.881481481481,128.859259259259,-18.5081456010734,9,3
206.158273381295,128.517985611511,-20.2751588939834,14,3
NaN,NaN,NaN,139,3
419.075757575758,216.765151515152,-44.5707574962583,NaN,4
418.992248062016,216.658914728682,-44.4654406317043,5,4
419.091603053435,216.709923664122,-44.3329786352684,4,4
419.05303030303,216.719696969697,-44.1664791487027,1,4
419.145038167939,216.740458015267,-44.421864766339,7,4
419.175572519084,216.702290076336,-44.8092851155004,6,4
419.045801526718,216.732824427481,-44.3868683193323,4,4
419.015748031496,216.677165354331,-44.9409915851058,8,4
419.1640625,216.828125,-44.9194012906481,7,4
418.984615384615,216.661538461538,-44.2306131186735,8,4
419.187969924812,216.902255639098,-43.817473294759,9,4
419.310606060606,216.939393939394,-43.940107193394,5,4
419.267175572519,216.893129770992,-43.4914360528392,7,4
419.276923076923,216.876923076923,-43.4813103793084,5,4
419.077519379845,216.813953488372,-43.2219828306548,9,4
419.076923076923,216.769230769231,-43.4625643107283,1,4
419.030303030303,216.810606060606,-43.8729611033852,10,4
419.091603053435,216.847328244275,-43.9991704095308,9,4
419.18045112782,216.857142857143,-44.1212142765036,10,4
418.992366412214,216.732824427481,-43.2450075897894,6,4
419.084615384615,216.8,-44.1095813885434,5,4
419.030303030303,216.689393939394,-44.187333279986,6,4
419.172932330827,216.774436090226,-44.1186275729728,7,4
419.085271317829,216.77519379845,-43.2380412769391,8,4
419.15873015873,216.769841269841,-43.6659100640948,7,4
419.325581395349,216.953488372093,-43.8576163695954,3,4
419.1953125,216.875,-43.597043396951,5,4
419.477272727273,217.030303030303,-43.8805616969468,6,4
419.389312977099,216.954198473282,-44.0385819452602,1,4
419.481481481481,217.007407407407,-44.2973517624993,6,4
419.268656716418,216.798507462687,-43.9022464177647,5,4
419.598540145985,217.021897810219,-44.1979898234251,9,4
419.378787878788,216.954545454545,-43.6518532757391,7,4
419.271317829457,216.736434108527,-43.6461475746492,7,4
419.318181818182,216.795454545455,-43.5999791770852,7,4
419.371212121212,216.787878787879,-44.1677827275871,8,4
419.286821705426,216.728682170543,-44.1195321818818,5,4
419.473684210526,216.894736842105,-44.1921902870947,4,4
419.469696969697,216.856060606061,-43.6511413481892,5,4
419.639705882353,217.066176470588,-42.8817190863523,6,4
419.837037037037,217.311111111111,-42.5908282855962,5,4
420.090909090909,217.340909090909,-43.4711666895459,27,4
419.035087719298,216.078947368421,-51.6989723702091,46,4
418.73275862069,215.525862068966,-56.5619283271569,30,4
416.834862385321,213.02752293578,-55.4486606297815,53,4
416.060869565217,212.24347826087,-52.3660309519614,30,4
414.460317460317,210.81746031746,-26.1348941701615,61,4
411.456140350877,208.877192982456,-29.1533050786229,72,4
409.859649122807,207.649122807018,-40.7462472102854,42,4
407.1,205.163636363636,-49.7623367184753,66,4
405.982142857143,204.089285714286,-50.7856498083347,32,4
403.880341880342,202.290598290598,-40.3242757323906,51,4
401.777777777778,200.42735042735,-21.7690697104365,52,4
400.413223140496,199.661157024793,-16.810424684417,36,4
397.644230769231,198.403846153846,-17.1248573658678,57,4
396.48623853211,198.064220183486,-19.0294265022126,23,4
394.245283018868,197.141509433962,-31.2736629953498,43,4
392.070796460177,196.044247787611,-36.7995540828963,49,4
390.688679245283,195.216981132075,-33.1861149596175,31,4
388.491228070175,194.157894736842,-23.3013046851217,44,4
387.582608695652,193.634782608696,-15.7864000613098,23,4
385.347107438017,192.900826446281,-6.48404177367319,54,4
382.550847457627,192.237288135593,-9.34328970269458,51,4
381.371900826446,191.867768595041,-16.3869421591422,29,4
378.285714285714,190.776785714286,-35.9534270211481,59,4
377.055555555556,190.231481481481,-36.8284496633478,28,4
375.121739130435,189.313043478261,-32.030779445101,43,4
373.310924369748,188.394957983193,-21.2324833537782,40,4
372.308943089431,188.024390243902,-19.0781164096237,22,4
369.8125,187.214285714286,-9.41043842660949,53,4
368.817391304348,186.895652173913,-10.444323661434,23,4
366.743362831858,186.495575221239,-13.3168582908935,38,4
364.871794871795,186.111111111111,-22.3390192667392,36,4
363.29203539823,185.619469026549,-22.654460736574,28,4
361.509090909091,184.818181818182,-16.3888860191535,43,4
360.321739130435,184.573913043478,-17.8544427125668,21,4
359.058333333333,184.308333333333,-11.6674909258624,27,4
357.596774193548,184.072580645161,-6.61989225536835,30,4
355.612068965517,183.76724137931,3.9396919999935,32,4
353.333333333333,183.740740740741,3.43549829151781,40,4
352.407079646018,183.734513274336,2.65338648598991,25,4
350.81512605042,183.512605042017,-0.129515894871701,34,4
348.678260869565,183.347826086957,-5.52238190871964,42,4
347.591304347826,183.513043478261,-6.67930674770839,26,4
346.084745762712,183.432203389831,-8.94958162064876,29,4
345.636363636364,183.520661157025,-10.3075285570166,15,4
344.184,183.448,-9.54391558242398,30,4
343.031496062992,183.338582677165,-7.45204437932026,24,4
342.507692307692,183.369230769231,-6.10594657979795,11,4
341.05737704918,183.204918032787,-4.34608258153686,26,4
340.475806451613,183.266129032258,-3.34845789578404,12,4
339.349593495935,183.186991869919,-2.52258938380702,25,4
337.129310344828,183.112068965517,0.757542145055168,33,4
336.460869565217,183.173913043478,0.389722406606937,17,4
335.163793103448,183.189655172414,0.116806752482747,29,4
334.559322033898,183.220338983051,-0.721429992283733,10,4
333.691666666667,183.291666666667,-1.96770254131587,18,4
332.832,183.464,-0.761392193907098,17,4
332.425196850394,183.527559055118,-0.270002186236193,12,4
331.198473282443,183.465648854962,-0.355597092201252,22,4
330.622047244094,183.527559055118,-2.88900375997811,16,4
329.954198473282,183.595419847328,-2.09254771824919,14,4
328.650406504065,183.617886178862,-1.14122856531749,24,4
328.149606299213,183.708661417323,-1.310665819743,10,4
327.149606299213,183.740157480315,-0.859590063399443,20,4
326.722222222222,183.738095238095,0.546603692539366,11,4
325.838461538462,183.792307692308,1.24772333744424,20,4
325.292307692308,183.930769230769,1.07207995747518,12,4
324.606299212598,183.905511811024,1.65006851555844,11,4
323.507936507937,183.880952380952,2.16689586303004,17,4
323.286821705426,183.961240310078,1.67005892764886,9,4
322.658914728682,184.131782945736,0.137803344494166,18,4
321.779527559055,184.157480314961,0.952903441098058,18,4
321.643410852713,184.147286821705,0.761056083451329,4,4
320.937984496124,184.240310077519,1.0710053264573,12,4
320.584615384615,184.169230769231,0.529822099564387,13,4
319.954887218045,184.315789473684,0.19249833403224,15,4
319.335877862595,184.473282442748,0.961902164026145,14,4
318.954887218045,184.646616541353,1.60442606927945,16,4
318.134328358209,184.805970149254,1.59818508222326,15,4
318.155555555556,184.755555555556,0.654316656858067,5,4
317.286821705426,184.720930232558,0.858128138359033,18,4
316.984375,184.765625,0.928679314044855,7,4
316.691729323308,184.796992481203,0.796564654993693,7,4
316.530303030303,184.833333333333,0.863547531273554,5,4
316.225563909774,184.902255639098,1.00694308881816,7,4
315.488549618321,184.923664122137,1.15211676875199,14,4
314.955223880597,184.985074626866,0.463222327291191,11,4
314.637037037037,185.022222222222,0.355192382915793,11,4
314.146153846154,185.023076923077,0.988652891473622,11,4
313.992592592593,185,1.42768139546228,9,4
313.691729323308,185.187969924812,1.39472433558794,14,4
313.119047619048,185.119047619048,0.786024907623897,11,4
312.759689922481,185.170542635659,1.64315593616092,7,4
312.526717557252,185.221374045802,1.45026780368185,10,4
312.526717557252,185.229007633588,0.543409013874281,8,4
312.089552238806,185.298507462687,0.795802916902437,11,4
311.900763358779,185.412213740458,1.71930616439329,11,4
311.809160305344,185.526717557252,1.60108432877451,8,4
311.1640625,185.6328125,2.73210333336447,11,4
310.977941176471,185.573529411765,1.32212395154222,12,4
310.578947368421,185.646616541353,2.46082019233153,11,4
310.632352941176,185.823529411765,2.79418148137046,9,4
310.6,185.748148148148,3.19571193087611,9,4
309.992647058824,185.867647058824,2.97247435167433,11,4
309.913043478261,185.905797101449,3.05012452670049,6,4
309.656934306569,185.934306569343,1.69600324910204,9,4
309.385185185185,185.918518518519,2.66893236176836,6,4
309.287769784173,186.014388489209,2.12708020116038,6,4
309.157142857143,185.957142857143,2.24740753181624,7,4
309.036231884058,186.065217391304,2.86669437678106,6,4
308.879432624113,186.028368794326,2.34039345865003,5,4
308.771428571429,186.085714285714,2.96731696244481,7,4
308.420289855072,186.130434782609,1.85866805736059,6,4
308.197080291971,186.102189781022,2.14299145700598,7,4
308.115107913669,186.179856115108,2.09934598032185,6,4
307.795774647887,186.260563380282,3.32482854856725,7,4
307.583333333333,186.181818181818,2.87590238402593,10,4
307.666666666667,186.268115942029,4.03050642331243,8,4
307.462686567164,186.305970149254,3.24103653375026,10,4
307.131386861314,186.36496350365,4.11386730043022,11,4
307.076923076923,186.376923076923,3.90242673413825,7,4
306.783582089552,186.522388059701,3.85264465554378,10,4
306.92700729927,186.401459854015,3.95716136270561,5,4
306.606060606061,186.530303030303,4.41535469020719,11,4
306.65671641791,186.477611940299,3.42114465579157,10,4
306.792592592593,186.488888888889,4.54297067261232,9,4
306.404411764706,186.595588235294,4.61123904231363,9,4
306.525925925926,186.592592592593,4.24287002238211,5,4
306.277372262774,186.540145985401,4.05018095893756,8,4
305.92700729927,186.759124087591,3.68892650208282,12,4
305.729927007299,186.737226277372,4.28075286109656,6,4
305.666666666667,186.782608695652,3.94710584591985,3,4
305.598540145985,186.700729927007,3.910460288193,3,4
305.93661971831,186.774647887324,4.72375278180182,7,4
305.778571428571,186.728571428571,4.35380951907205,6,4
305.45390070922,186.808510638298,4.67194294640256,5,4
305.307142857143,186.942857142857,4.46359780083065,11,4
305.257142857143,186.964285714286,3.87153929506936,8,4
305.116788321168,186.919708029197,4.24189046910461,3,4
305.035460992908,187.099290780142,5.73179159084865,8,4
304.927536231884,186.971014492754,4.5859441955489,13,4
305.007142857143,187.021428571429,4.57508526905388,4,4
304.705882352941,187.051470588235,5.80448504995356,8,4
304.342857142857,187.171428571429,4.29193852232384,14,4
304.411347517731,187.078014184397,5.88504685560524,11,4
304.165467625899,187.136690647482,5.40710849566453,6,4
304.719424460432,187.122302158273,5.35479187576956,12,4
304.464285714286,187.307142857143,5.41051223735276,11,4
304.049645390071,187.290780141844,6.3101743860259,11,4
304.323943661972,187.267605633803,5.44270601308199,7,4
303.762589928058,187.323741007194,4.94990522952987,9,4
303.764285714286,187.335714285714,6.26029587347849,7,4
303.978260869565,187.36231884058,6.20101020577406,4,4
304.049645390071,187.31914893617,5.63546273887152,9,4
304.014084507042,187.359154929577,6.13254818030712,7,4
304.169014084507,187.429577464789,6.50585694493048,6,4
304.014084507042,187.366197183099,6.28183406400064,4,4
303.875,187.423611111111,6.45018152656851,6,4
303.702127659574,187.482269503546,6.83980027259553,9,4
303.423357664234,187.532846715328,6.83997799397597,4,4
303.463768115942,187.565217391304,6.89761427909773,3,4
303.402877697842,187.539568345324,6.42657866341049,5,4
303.449275362319,187.471014492754,6.63391669865274,5,4
303.088888888889,187.533333333333,7.09508609857039,9,4
303.369565217391,187.478260869565,6.98849302279426,9,4
303.356643356643,187.531468531469,6.94034383359926,7,4
303.2,187.564285714286,7.46659447513354,7,4
303.007299270073,187.569343065693,7.51637213488471,5,4
302.985507246377,187.594202898551,6.26685917372951,7,4
302.846715328467,187.598540145985,6.72830090913333,5,4
302.716417910448,187.634328358209,6.6142220178018,3,4
303.036496350365,187.554744525547,6.68138840865551,5,4
303.028571428571,187.628571428571,6.82688352828219,3,4
302.792592592593,187.614814814815,6.83147659246178,5,4
302.694029850746,187.619402985075,7.02543942028419,1,4
302.85,187.628571428571,7.23013687449309,6,4
302.583941605839,187.722627737226,6.03455008782672,11,4
302.721428571429,187.678571428571,6.73523502595711,7,4
302.507142857143,187.728571428571,5.90776181580924,6,4
302.594202898551,187.673913043478,6.50648920008681,4,4
302.284671532847,187.795620437956,5.76212417162951,9,4
302.340579710145,187.724637681159,6.72882005639848,5,4
302.287769784173,187.769784172662,5.7802038379119,5,4
302.230769230769,187.79020979021,5.97005834461485,6,4
302.221428571429,187.778571428571,6.57901288056678,3,4
302.151079136691,187.827338129496,5.90741402083321,5,4
302.116788321168,187.751824817518,6.36214003833749,8,4
302.122302158273,187.705035971223,6.21432719186772,2,4
302.132352941176,187.669117647059,7.05238715728587,5,4
301.95652173913,187.768115942029,6.26652342009398,6,4
301.919708029197,187.729927007299,5.68602928780526,7,4
301.845588235294,187.742647058824,5.71222803053371,7,4
301.791366906475,187.827338129496,5.99119165651735,5,4
301.446153846154,187.807692307692,6.36902941090713,11,4
301.897810218978,187.802919708029,6.59859023044536,7,4
301.615942028986,187.789855072464,5.37091817427602,7,4
301.731884057971,187.797101449275,6.0881386210635,6,4
301.843971631206,187.822695035461,6.06052511400621,7,4
301.357664233577,187.759124087591,6.30947950800287,10,4
301.391304347826,187.753623188406,5.86751209367757,11,4
301.208633093525,187.877697841727,5.90698107700029,9,4
301.198581560284,187.829787234043,6.5359602944606,8,4
301.152173913043,187.797101449275,6.03624968774205,5,4
301.014285714286,187.864285714286,5.69969879763155,4,4
301.064748201439,187.877697841727,5.27350195215925,3,4
301.020979020979,188.013986013986,6.55148575508651,8,4
300.889705882353,187.985294117647,6.20465627681103,7,4
300.951724137931,188.055172413793,6.55728900942128,9,4
300.781690140845,188,7.05256895772614,5,4
300.826388888889,188.041666666667,6.84845491713959,2,4
300.598591549296,188.147887323944,7.43567913007863,8,4
300.248226950355,188.13475177305,7.87182031187719,9,4
300.321428571429,188.128571428571,7.02397729527105,5,4
300.601398601399,188.160839160839,6.68075365403965,9,4
300.551724137931,188.131034482759,6.29784138004586,4,4
300.573426573427,188.076923076923,5.74222314975502,4,4
300.12676056338,188.140845070423,6.73924091788156,11,4
300.5,188.028571428571,5.53036519674271,10,4
299.848484848485,188.181818181818,5.91382763070658,10,4
300.007407407407,188.207407407407,6.81668972244562,7,4
300.222222222222,188.180555555556,6.65809527458018,11,4
300.390410958904,188.047945205479,6.42960067387974,8,4
300.131386861314,188.124087591241,6.0975161206335,13,4
300.090909090909,188.027972027972,6.2111069939949,6,4
299.722627737226,188.124087591241,6.46402993059357,8,4
299.714285714286,188.067669172932,5.42257766406676,6,4
299.477272727273,188.310606060606,6.51726901790381,9,4
299.744680851064,188.31914893617,5.88571512644319,11,4
299.774647887324,188.274647887324,7.26914312085323,9,4
299.617021276596,188.255319148936,7.17103366022955,3,4
299.407142857143,188.228571428571,6.06271085189738,7,4
299.426573426573,188.244755244755,5.70778875544232,7,4
299.308823529412,188.264705882353,6.21605026528193,7,4
299.227941176471,188.272058823529,6.85540646175743,6,4
299.087591240876,188.357664233577,6.56350851604982,5,4
299.028571428571,188.257142857143,5.5674000238025,5,4
299.090909090909,188.314685314685,4.79103241966003,7,4
299.378571428571,188.214285714286,5.13964286552785,9,4
299.369863013699,188.335616438356,6.0449817345925,10,4
299.337931034483,188.365517241379,5.9390770264811,3,4
299.145833333333,188.291666666667,5.134143676,7,4
299.014084507042,188.408450704225,5.35132653911398,8,4
299.035211267606,188.37323943662,4.53109117059964,10,4
298.992700729927,188.496350364963,5.98719279261938,9,4
299.035460992908,188.503546099291,4.87609627581438,8,4
299.027777777778,188.368055555556,5.49139541204224,7,4
298.889655172414,188.406896551724,5.39985524719305,3,4
298.765957446808,188.482269503546,5.1252070783143,8,4
298.913043478261,188.478260869565,5.4496015589152,7,4
298.884892086331,188.525179856115,5.48877312940658,7,4
298.748201438849,188.546762589928,4.73422714306386,6,4
298.737226277372,188.540145985401,5.17288958872118,4,4
298.856115107914,188.561151079137,4.61820043245252,4,4
299,188.585714285714,4.7418783898181,7,4
298.935714285714,188.585714285714,5.0634196587251,4,4
298.978102189781,188.518248175182,5.76657554455847,9,4
298.890510948905,188.591240875912,4.42208837790287,8,4
298.963768115942,188.594202898551,4.26812468681608,1,4
298.904411764706,188.529411764706,4.67185722503814,4,4
299.151079136691,188.575539568345,4.8100219495359,5,4
299.057142857143,188.678571428571,4.95315853599432,7,4
299.021582733813,188.68345323741,4.42039463958345,5,4
298.95,188.628571428571,4.60632776766838,5,4
299.021428571429,188.635714285714,4.50819769987137,2,4
299.120567375887,188.602836879433,4.72304851576854,3,4
299.164285714286,188.557142857143,4.55496625136979,3,4
298.971223021583,188.575539568345,4.85472589003708,5,4
299.05035971223,188.575539568345,4.27857947792801,4,4
298.907142857143,188.65,4.362891263276,9,4
298.828571428571,188.657142857143,4.64409906182824,10,4
299,188.642857142857,4.48711474064851,2,4
298.787234042553,188.730496453901,4.41485964386623,9,4
298.86013986014,188.643356643357,4.20827461018227,10,4
298.737226277372,188.591240875912,4.49571942843527,6,4
298.760869565217,188.572463768116,4.52287071179745,3,4
298.85,188.635714285714,4.12969419694559,4,4
298.776978417266,188.661870503597,4.39388564939089,5,4
298.717391304348,188.652173913043,4.63316517481719,3,4
298.721428571429,188.657142857143,4.32829878016596,4,4
298.691176470588,188.625,4.20744643700989,6,4
298.964788732394,188.647887323944,3.77979810426933,8,4
298.748201438849,188.68345323741,3.90437819783042,7,4
298.470149253731,188.649253731343,3.8570498878764,7,4
298.546762589928,188.719424460432,3.87384068665955,5,4
298.6,188.659259259259,3.57521138219232,6,4
298.9,188.671428571429,3.29197229670101,5,4
298.826086956522,188.768115942029,3.51724648504706,8,4
298.676470588235,188.727941176471,3.11653013858615,8,4
298.511111111111,188.711111111111,3.83412951312691,5,4
298.789855072464,188.688405797101,3.94041964194663,3,4
298.544117647059,188.720588235294,3.68134227309703,4,4
298.511278195489,188.654135338346,3.83098725380001,5,4
298.625,188.691176470588,3.76240733149502,5,4
298.760869565217,188.673913043478,3.96571557571661,4,4
298.795620437956,188.678832116788,3.22470628423874,3,4
298.729927007299,188.686131386861,3.71135773027227,2,4
298.753623188406,188.710144927536,3.6397415708932,3,4
298.746376811594,188.746376811594,3.24172186651618,2,4
298.859154929577,188.767605633803,3.26315739475034,4,4
298.846153846154,188.741258741259,3.45816901414984,3,4
298.888111888112,188.79020979021,3.66472856242301,4,4
298.881118881119,188.79020979021,3.13542437532304,6,4
298.825174825175,188.783216783217,3.12417239197106,2,4
299.057142857143,188.757142857143,2.92477652728553,5,4
298.900709219858,188.808510638298,2.56602744756424,9,4
298.964788732394,188.830985915493,3.5445539054956,7,4
298.985815602837,188.801418439716,3.65109691120716,3,4
298.905797101449,188.739130434783,3.6734809485573,3,4
298.628571428571,188.778571428571,3.41973537386016,6,4
