416.574324324324,257.398648648649,32.4339731248455,NaN,1
416.766666666667,257.2,33.5453579999386,4,1
416.746666666667,257.346666666667,33.0524393625181,4,1
416.768707482993,257.360544217687,32.6524085807338,9,1
416.418300653595,257.555555555556,32.6246956232014,8,1
416.533333333333,257.466666666667,32.4057050178488,5,1
416.506666666667,257.446666666667,32.5098039773849,6,1
416.450980392157,257.503267973856,32.2461652666252,5,1
416.638157894737,257.381578947368,32.4546248697842,5,1
416.673333333333,257.346666666667,32.5270486150205,8,1
416.761904761905,257.285714285714,33.214320886279,7,1
416.608108108108,257.432432432432,31.9353533483806,5,1
416.596026490066,257.298013245033,32.7955545086458,5,1
416.666666666667,257.366666666667,33.1048788495318,5,1
416.653333333333,257.346666666667,32.6738373794122,2,1
416.732876712329,257.390410958904,32.424767679132,6,1
416.530201342282,257.44966442953,32.0556389975012,7,1
416.55033557047,257.375838926174,32.3197352546402,4,1
416.53642384106,257.496688741722,31.9528538066748,4,1
416.506666666667,257.486666666667,32.2112638482254,3,1
416.337748344371,257.615894039735,32.1153292717184,9,1
416.282894736842,257.657894736842,32.1940715607285,5,1
415.848101265823,257.860759493671,30.9329256585782,10,1
416.103896103896,257.850649350649,33.1054624058336,16,1
415.683229813665,258.142857142857,32.2743880381207,11,1
415.696428571429,258.244047619048,31.933057182347,15,1
414.972067039106,258.72625698324,31.5069319528187,15,1
414.549738219895,259.031413612565,31.1232437999856,16,1
413.901041666667,259.255208333333,30.1328256474237,25,1
413.86432160804,259.236180904523,29.3176717035919,23,1
413.235897435897,258.912820512821,28.4415531313371,86,1
415,257.404371584699,46.8434400194111,102,1
417.034246575342,255.452054794521,66.0463101431934,69,1
418.152173913043,252.579710144928,67.8137073883854,72,1
418.850299401198,249.88622754491,67.5395261647098,59,1
419.604790419162,245.508982035928,80.2410158296911,86,1
419.448275862069,240.462068965517,-76.3889683838431,128,1
418.895652173913,237.808695652174,-70.5308329971463,46,1
418.55223880597,233.694029850746,-89.1580451914738,83,1
418.526666666667,231.153333333333,85.9528111560637,58,1
418.517006802721,226.52380952381,82.9691046712621,79,1
418.625850340136,222.646258503401,-88.2214214844558,76,1
418.657142857143,221.114285714286,-79.9283754543182,29,1
417.945578231293,217.734693877551,-66.6065986095339,77,1
417.333333333333,216.133333333333,-63.3273028022582,43,1
416.467948717949,214.147435897436,-60.0464984571176,62,1
415.540880503145,212.572327044025,-61.9225543052951,53,1
414.73717948718,211.237179487179,-66.5900540661253,35,1
413.171052631579,208.993421052632,-71.6463253965363,54,1
412.438709677419,207.638709677419,-73.6555744169943,25,1
411.398734177215,206.082278481013,-70.1572073447,43,1
410.534161490683,204.670807453416,-66.3758963524407,41,1
410.232258064516,203.967741935484,-62.9021348878042,24,1
409.212328767123,201.897260273973,-60.4471071821905,51,1
408.592105263158,200.592105263158,-62.0865346012547,36,1
407.51677852349,198.818791946309,-64.7429271988046,45,1
406.007092198582,196.567375886525,-70.4039380319227,50,1
405.404109589041,195.760273972603,-69.0760239929893,25,1
404.416666666667,194.0625,-65.1891957312111,46,1
404,193.376712328767,-62.8581409138752,24,1
403.198630136986,191.643835616438,-58.9415514973966,50,1
402.041095890411,189.739726027397,-56.8715520971636,52,1
401.514705882353,189.095588235294,-57.1710180002534,27,1
400.1,186.657142857143,-62.804043517843,59,1
399.45652173913,185.775362318841,-64.9404669493692,24,1
398.181818181818,183.699300699301,-64.490931018782,43,1
397.281879194631,182.080536912752,-60.0928773493496,48,1
396.758620689655,181.186206896552,-57.6901313798655,26,1
395.543046357616,179.390728476821,-52.6866371926799,48,1
394.801282051282,178.391025641026,-51.7871120525445,31,1
393.33125,176.30625,-54.0670304748547,56,1
391.741496598639,174.12925170068,-57.0158952706819,51,1
390.855172413793,173.151724137931,-56.9474856077323,30,1
389.384105960265,171.443708609272,-55.6385734981679,48,1
388.570512820513,170.416666666667,-54.4362712554632,29,1
387.11875,168.6375,-49.0607865165536,46,1
385.55900621118,166.701863354037,-45.474809301414,53,1
384.279220779221,165.402597402597,-46.785121718786,35,1
382.598684210526,163.493421052632,-51.4519035629227,48,1
381.387755102041,162.30612244898,-54.963262301074,31,1
379.706666666667,160.62,-55.8157659489112,45,1
378.418300653595,159.091503267974,-52.6322866115365,37,1
377.613793103448,158.241379310345,-49.3208546993,24,1
376.156862745098,156.653594771242,-45.738226056826,50,1
375.375796178344,155.566878980892,-46.2978690283095,30,1
373.673202614379,153.732026143791,-48.6993147451724,48,1
371.297101449275,151.108695652174,-55.6109340478648,61,1
370.884892086331,150.827338129496,-54.6950433574093,15,1
369.366197183099,148.922535211268,-54.5776278682416,45,1
368.703448275862,148.248275862069,-55.0090700366034,19,1
367.493333333333,146.546666666667,-50.6228104497908,47,1
366.313333333333,145.333333333333,-48.2746627588962,38,1
365.724137931034,144.744827586207,-46.6074115360012,19,1
363.826388888889,142.763888888889,-47.4060753331232,51,1
363.013605442177,141.673469387755,-50.8308961914223,29,1
361.3,139.921428571429,-50.6879882152459,47,1
359.647887323944,138.30985915493,-50.3576741108918,44,1
359.223776223776,137.972027972028,-47.136953843123,21,1
357.671140939597,136.281879194631,-43.6223807997321,46,1
357.02614379085,135.679738562092,-41.9428525314559,24,1
355.537974683544,134.284810126582,-40.735348075503,45,1
353.743421052632,132.703947368421,-42.482313438684,54,1
352.486842105263,131.578947368421,-45.3682063304755,28,1
350.769784172662,130.215827338129,-47.69644044704,41,1
349.748299319728,129.183673469388,-48.9453174116741,32,1
348.640522875817,128.169934640523,-45.1361359887053,30,1
347.3,126.9625,-43.2142690196952,39,1
346.549668874172,126.198675496689,-40.8858639682977,23,1
345.603658536585,125.256097560976,-40.7882618150726,41,1
344.579268292683,124.25,-41.3229910413238,30,1
343.072727272727,122.945454545455,-43.2180470047221,49,1
340.97385620915,120.849673202614,-49.2133441157577,52,1
339.857142857143,119.974025974026,-52.9085369209099,29,1
338.775,118.875,-51.0942753875155,30,1
337.981012658228,117.955696202532,-50.4436789440228,28,1
336.741935483871,116.651612903226,-48.5513297876071,37,1
335.379746835443,115.272151898734,-45.2628848410532,39,1
334.967741935484,114.883870967742,-43.7445852811512,15,1
333.269230769231,113.301282051282,-44.0423162528273,47,1
332.642857142857,112.467532467532,-43.496177754179,30,1
330.892617449664,110.838926174497,-49.5061653463879,47,1
328.557971014493,108.485507246377,-52.1723952324175,55,1
328.34965034965,108.300699300699,-49.5396534157212,13,1
327.293333333333,107.233333333333,-46.87343091002,41,1
326.882352941176,106.882352941176,-45.3849861299355,19,1
325.675324675325,105.681818181818,-42.502099899565,37,1
324.477419354839,104.645161290323,-39.7755762759615,43,1
323.929032258065,104.2,-36.9600821326931,18,1
322.103896103896,102.720779220779,-39.1194916051214,41,1
321.344370860927,102.112582781457,-39.346407481616,27,1
319.718120805369,100.724832214765,-43.3637134134954,38,1
NaN,NaN,NaN,149,1
NaN,NaN,NaN,0,1
NaN,NaN,NaN,0,1
NaN,NaN,NaN,0,1
NaN,NaN,NaN,0,1
NaN,NaN,NaN,0,1
NaN,NaN,NaN,0,1
NaN,NaN,NaN,0,1
NaN,NaN,NaN,0,1
NaN,NaN,NaN,0,1
NaN,NaN,NaN,0,1
NaN,NaN,NaN,0,1
NaN,NaN,NaN,0,1
NaN,NaN,NaN,0,1
NaN,NaN,NaN,0,1
NaN,NaN,NaN,0,1
NaN,NaN,NaN,0,1
NaN,NaN,NaN,0,1
NaN,NaN,NaN,0,1
NaN,NaN,NaN,0,1
NaN,NaN,NaN,0,1
NaN,NaN,NaN,0,1
NaN,NaN,NaN,0,1
NaN,NaN,NaN,0,1
NaN,NaN,NaN,0,1
NaN,NaN,NaN,0,1
NaN,NaN,NaN,0,1
NaN,NaN,NaN,0,1
NaN,NaN,NaN,0,1
NaN,NaN,NaN,0,1
NaN,NaN,NaN,0,1
NaN,NaN,NaN,0,1
NaN,NaN,NaN,0,1
NaN,NaN,NaN,0,1
NaN,NaN,NaN,0,1
NaN,NaN,NaN,0,1
NaN,NaN,NaN,0,1
NaN,NaN,NaN,0,1
NaN,NaN,NaN,0,1
NaN,NaN,NaN,0,1
NaN,NaN,NaN,0,1
NaN,NaN,NaN,0,1
NaN,NaN,NaN,0,1
NaN,NaN,NaN,0,1
NaN,NaN,NaN,0,1
NaN,NaN,NaN,0,1
NaN,NaN,NaN,0,1
NaN,NaN,NaN,0,1
NaN,NaN,NaN,0,1
NaN,NaN,NaN,0,1
NaN,NaN,NaN,0,1
NaN,NaN,NaN,0,1
NaN,NaN,NaN,0,1
NaN,NaN,NaN,0,1
NaN,NaN,NaN,0,1
NaN,NaN,NaN,0,1
NaN,NaN,NaN,0,1
NaN,NaN,NaN,0,1
NaN,NaN,NaN,0,1
NaN,NaN,NaN,0,1
NaN,NaN,NaN,0,1
NaN,NaN,NaN,0,1
NaN,NaN,NaN,0,1
NaN,NaN,NaN,0,1
417.987341772152,252.917721518987,-83.5508431619375,NaN,2
417.949367088608,252.835443037975,-83.4945036537714,6,2
417.993630573248,252.847133757962,-83.3636166882565,5,2
417.962264150943,252.911949685535,-83.4356696960207,6,2
417.936708860759,252.898734177215,-83.5057944713875,1,2
417.955974842767,252.893081761006,-83.4367863785327,5,2
417.987421383648,252.874213836478,-83.3252015424652,8,2
417.993788819876,252.832298136646,-83.5873722891799,4,2
418.006289308176,252.767295597484,-83.3122932817478,4,2
417.943037974684,252.79746835443,-83.0777782707125,5,2
417.942307692308,252.769230769231,-83.3441192797201,4,2
418.019108280255,252.942675159236,-83.0120940638609,5,2
418,252.924050632911,-82.9472726385559,3,2
417.967532467532,252.824675324675,-82.8497160968648,4,2
417.961538461538,252.987179487179,-83.3769942257525,4,2
417.980769230769,252.884615384615,-83.2817950624721,2,2
417.941558441558,253.090909090909,-83.2187903224097,4,2
418,252.923566878981,-83.3521655537966,7,2
417.961290322581,252.929032258065,-82.8593956548087,6,2
418.012738853503,252.866242038217,-83.2767916708175,4,2
417.918238993711,253.006289308176,-83.8389573543121,6,2
417.96855345912,252.974842767296,-83.3372742017048,8,2
417.923566878981,252.949044585987,-83.5502875064373,6,2
417.911392405063,252.607594936709,-83.8916206171935,7,2
417.923076923077,252.807692307692,-83.732382945562,2,2
417.91875,252.63125,-83.5544679906312,4,2
418.019230769231,253.051282051282,-83.2922651632169,8,2
417.974358974359,252.852564102564,-83.3518747877453,4,2
417.99358974359,252.871794871795,-83.329729330949,4,2
418,252.73417721519,-83.5324261615679,2,2
417.955696202532,252.835443037975,-83.5361159826703,4,2
417.905660377359,252.786163522013,-83.7340748139478,3,2
417.935897435897,252.782051282051,-83.3295746538844,7,2
417.96178343949,252.554140127389,-83.4807712246405,5,2
417.9375,252.475,-83.6976656610308,3,2
417.9375,252.54375,-84.0299521877855,8,2
417.987261146497,252.859872611465,-83.4517191817633,7,2
417.981366459627,252.683229813665,-83.7176120321438,8,2
417.993670886076,252.556962025316,-83.6955681574306,5,2
417.981012658228,252.506329113924,-83.8055527795435,4,2
417.987421383648,252.880503144654,-83.7911562757324,7,2
417.956790123457,252.808641975309,-84.0054698916759,3,2
418.04347826087,253.080745341615,-84.0841599286772,7,2
418.024844720497,252.875776397516,-83.83216730449,4,2
418.057692307692,253.320512820513,-83.5986722835337,5,2
417.974193548387,253.232258064516,-84.9401624083991,29,2
418.316091954023,254.666666666667,81.0650910423882,87,2
418.284671532847,257.248175182482,63.9637181914745,43,2
417.486486486487,259.817567567568,74.7476623324185,65,2
417.078787878788,261.448484848485,83.3302026700623,49,2
416.370689655172,268.922413793103,85.096243423088,117,2
415.978417266187,271.043165467626,82.9880519116876,53,2
415.725925925926,272.437037037037,84.3285813958262,32,2
415.347826086957,276.099378881988,-83.1180273447759,96,2
415.222222222222,278.866666666667,-79.1234728518233,67,2
416.37012987013,285.805194805195,86.6931057003705,120,2
416.15625,289.38125,75.0804064335088,84,2
415.974683544304,291.025316455696,73.9814439242769,42,2
414.915032679739,295.248366013072,74.0861739645495,81,2
414.416666666667,296.916666666667,75.6778819191605,37,2
413.059602649007,300.211920529801,74.6334189855103,69,2
412.108974358974,302.75641025641,66.700398179219,53,2
411.677419354839,303.503225806452,63.8755838974772,25,2
410.677419354839,305.6,61.8594701199938,52,2
409.906832298137,307.217391304348,65.4273897963995,38,2
408.393103448276,309.910344827586,75.2462260920208,60,2
407.020689655172,313.041379310345,77.9772290375922,56,2
406.780821917808,313.787671232877,74.2220564334434,25,2
405.935064935065,315.746753246753,67.5904478213482,42,2
405.624203821656,316.796178343949,60.5258463962092,35,2
404.914110429448,318.570552147239,56.7291233899405,42,2
403.955696202532,320.29746835443,57.4743196352305,41,2
403.292207792208,321.37012987013,58.1337892105408,30,2
401.719178082192,323.767123287671,59.3078973042426,56,2
401.135135135135,324.608108108108,59.1485392542455,32,2
399.713333333333,326.473333333333,51.738029261598,56,2
398.503355704698,328.187919463087,46.0301466976758,55,2
397.913333333333,328.993333333333,44.3861083203149,35,2
396.917721518987,330.151898734177,47.0499305933823,58,2
396.225,330.7625,47.519065411529,30,2
394.013888888889,333.340277777778,48.7857206518164,64,2
392.466216216216,334.540540540541,46.4882176576595,54,2
391.708609271523,335.516556291391,43.6510469222777,31,2
390.496551724138,336.765517241379,35.3022105879014,50,2
389.515923566879,337.522292993631,36.334820438574,28,2
387.77245508982,338.874251497006,36.014954081198,60,2
385.865030674847,340.386503067485,37.2067660171395,56,2
384.673076923077,341.358974358974,39.4610975739451,35,2
382.685897435897,343.025641025641,38.2447647166583,56,2
381.758169934641,343.712418300654,38.3923323745786,29,2
379.916666666667,345.044871794872,34.4541433698895,43,2
378.260606060606,346.187878787879,29.3804011573287,47,2
377.551515151515,346.642424242424,28.7715909080624,20,2
375.89349112426,347.846153846154,28.391772904965,48,2
375.135294117647,348.364705882353,29.6271287115284,27,2
373.133333333333,349.660606060606,32.2115941140022,51,2
371.091503267974,351.18954248366,33.5148861238856,52,2
369.638157894737,352.171052631579,34.5386428361758,33,2
367.675159235669,353.40127388535,33.7262304047189,39,2
366.696202531646,354.183544303797,31.5099627627681,31,2
365.22641509434,355.251572327044,29.6367036464927,47,2
363.722222222222,356.327160493827,29.9977031598771,43,2
362.660606060606,356.963636363636,31.9597434766684,27,2
360.850649350649,358.019480519481,32.7843006624022,43,2
359.746913580247,358.783950617284,35.0544153977395,28,2
357.513157894737,360.388157894737,37.1505420378417,50,2
355.562091503268,361.607843137255,34.2379094592137,43,2
354.616352201258,362.238993710692,33.1685572989126,24,2
353.522292993631,362.783439490446,29.5360027613627,36,2
352.481481481481,363.524691358025,27.9448469903372,27,2
350.860606060606,364.618181818182,28.251280196784,39,2
348.974522292994,365.738853503185,29.46599329011,52,2
347.916666666667,366.275641025641,30.3078121532801,23,2
346.068493150685,367.616438356164,31.2861230081638,46,2
345.219178082192,368.034246575342,30.1934254405669,20,2
343.46357615894,369.079470198675,29.7945710623765,51,2
341.519736842105,370.401315789474,26.2473267563651,51,2
340.692307692308,370.910256410256,24.8765529390527,22,2
339.191358024691,371.944444444444,24.4676863007388,40,2
338.60119047619,372.214285714286,23.763798533605,18,2
336.29375,373.66875,26.4864690827543,56,2
334.455696202532,374.816455696203,28.7947160451335,44,2
333.189873417722,375.487341772152,30.00252297577,26,2
331.124183006536,376.647058823529,29.8322022897814,45,2
330.216216216216,377.202702702703,28.0166028043419,25,2
328.481012658228,378.177215189873,24.0879883285742,40,2
326.81935483871,379.083870967742,22.67874956673,43,2
326.391025641026,379.198717948718,22.561380769548,13,2
324.114864864865,380.608108108108,24.7611270089844,54,2
323.246575342466,381.095890410959,26.0818640663149,22,2
321.356164383562,381.938356164384,26.5253148409279,42,2
319.324137931034,383.027586206897,27.7007400032277,37,2
319.04,383.14,26.7731975485739,23,2
317.086666666667,384.24,25.0260696600018,44,2
316.02,384.786666666667,21.8302332759804,20,2
314.522012578616,385.396226415094,20.9195226369528,39,2
312.974842767296,386.270440251572,22.4234481557642,40,2
311.973509933775,386.834437086093,24.1521018051284,24,2
310.361111111111,387.625,26.502949911918,45,2
308.9,388.342857142857,28.8870277065725,28,2
307.162162162162,389.141891891892,27.774764242998,38,2
305.470588235294,389.843137254902,24.7905083320339,37,2
304.666666666667,390.326666666667,21.8971117818238,23,2
303.025316455696,391.183544303797,18.5126598213277,40,2
302.2,391.522580645161,17.1149389254959,23,2
300.641891891892,392.358108108108,16.5003336751245,37,2
299.548387096774,392.916129032258,18.051488940345,31,2
298.530201342282,393.355704697987,19.3707672161021,22,2
296.884353741497,394.013605442177,22.3957968777913,34,2
296.150326797386,394.274509803922,22.5830106483536,18,2
294.625806451613,394.974193548387,22.518107956647,34,2
292.838709677419,395.709677419355,22.3573118090273,30,2
291.86,396.086666666667,20.7434840285251,21,2
290.38064516129,396.916129032258,20.2251075987395,33,2
289.779874213836,397.100628930818,18.8738719890924,14,2
288.685185185185,397.487654320988,17.1105918868973,25,2
287.35119047619,398.404761904762,17.8103846778739,42,2
286.952941176471,398.523529411765,17.8665508705755,20,2
285.769696969697,399.206060606061,18.1971407125988,33,2
285.267080745342,399.198757763975,17.71902718208,16,2
283.892857142857,399.619047619048,17.783044331406,27,2
282.959302325581,400.023255813953,18.5272018630079,20,2
282.523529411765,400.158823529412,17.741399729895,12,2
281.731707317073,400.34756097561,17.479397032227,24,2
280.988023952096,400.544910179641,17.1928575655161,13,2
279.566265060241,400.885542168675,15.4781083108333,23,2
278.456790123457,401.203703703704,12.5799064887273,22,2
278.219512195122,401.274390243902,12.0826416647936,12,2
277.20245398773,401.411042944785,10.0958147177236,19,2
276.815950920245,401.484662576687,8.98400449477395,10,2
275.890909090909,401.587878787879,7.10415978543952,20,2
274.839506172839,401.746913580247,5.06554846390325,19,2
274.391304347826,401.826086956522,4.29050782602197,7,2
273.569620253165,401.917721518987,2.65098817036693,13,2
273.248447204969,401.925465838509,2.70508703761189,7,2
272.774390243902,401.926829268293,2.22172930244637,9,2
272.427710843374,401.897590361446,1.97137053323976,10,2
272.096385542169,401.915662650602,2.23791154176719,8,2
271.604790419162,401.898203592814,1.88340911783339,15,2
270.868263473054,401.940119760479,1.26981762394024,12,2
270.325153374233,401.944785276074,1.77174334215954,12,2
269.867469879518,401.849397590361,0.808129102614662,11,2
269.708333333333,401.892857142857,0.975527751781726,6,2
269.12426035503,401.89349112426,0.380333058237338,9,2
268.692307692308,401.846153846154,0.193507031851208,8,2
268.341176470588,401.776470588235,0.287550729998509,9,2
267.941860465116,401.726744186047,-0.519649027297441,10,2
267.923529411765,401.770588235294,-0.411028188964685,6,2
267.479768786127,401.728323699422,-0.694814769497861,7,2
267.017142857143,401.685714285714,-0.535754935032211,10,2
266.445086705202,401.606936416185,-0.994356381216176,10,2
266.087719298246,401.602339181287,-1.82633910769797,8,2
266.063218390805,401.563218390805,-1.31676436484218,7,2
265.517045454545,401.517045454545,-1.68946114463885,10,2
265.393063583815,401.50289017341,-1.5372614702425,7,2
264.923976608187,401.415204678363,-2.27723993598104,10,2
264.656976744186,401.343023255814,-2.46425308762876,9,2
264.366863905325,401.337278106509,-2.33140056957601,7,2
264.203488372093,401.31976744186,-2.08374642112113,7,2
263.940828402367,401.289940828402,-2.55105552331521,7,2
263.706896551724,401.14367816092,-3.46970291065367,7,2
263.434285714286,401.022857142857,-4.43661445684767,9,2
263.418994413408,401.094972067039,-4.26887239221028,8,2
262.870056497175,400.983050847458,-4.89764247079818,12,2
262.745664739884,401.023121387283,-4.14904280688101,6,2
262.422857142857,400.925714285714,-4.51646333593182,6,2
262.122093023256,400.924418604651,-4.48183351127505,5,2
261.925287356322,400.890804597701,-4.87293374560192,8,2
261.891428571429,400.84,-5.19777291163472,7,2
261.583815028902,400.739884393064,-5.54705575114136,6,2
261.471264367816,400.724137931034,-5.60885562419783,5,2
260.96,400.6,-6.11827857976138,9,2
260.709497206704,400.469273743017,-7.56321493514956,6,2
NaN,NaN,NaN,179,2
407.648648648649,237.810810810811,58.4005478998685,NaN,3
407.710344827586,237.710344827586,58.1263908871772,5,3
407.813793103448,237.579310344828,58.1459907022575,4,3
407.727891156463,237.714285714286,58.073572607743,4,3
407.811188811189,237.657342657343,58.5775918677772,6,3
407.753424657534,237.705479452055,58.1689640458516,5,3
407.577181208054,237.912751677852,57.7657089380063,7,3
407.453947368421,237.934210526316,57.0371868052206,7,3
407.813793103448,237.689655172414,58.1212464589968,9,3
407.737931034483,237.696551724138,58.5143937074512,4,3
407.820689655172,237.606896551724,58.11365288008,6,3
407.724137931034,237.751724137931,58.2090764022395,6,3
407.770833333333,237.763888888889,58.7260752285442,3,3
407.763888888889,237.673611111111,58.1384341748176,4,3
407.867132867133,237.629370629371,58.1390901388931,3,3
407.768707482993,237.65306122449,58.2259846943681,6,3
407.840277777778,237.666666666667,58.2591547409181,5,3
407.684931506849,237.856164383562,58.4131127784989,6,3
407.957446808511,237.553191489362,59.7600535015048,7,3
408.007142857143,237.471428571429,60.2116935197149,5,3
407.992805755396,237.539568345324,59.6358705375315,5,3
407.687943262411,237.723404255319,55.9216488053516,14,3
407.202614379085,238.143790849673,53.0360908105741,14,3
406.883870967742,238.393548387097,50.0683392891304,14,3
406.225609756098,239.085365853659,46.2881804241393,17,3
406.301775147929,239.01775147929,47.8376851294607,19,3
406.341176470588,239.1,48.3374837396128,17,3
406.427710843374,239.102409638554,48.65195789216,10,3
406.408284023669,239.059171597633,48.8570283941274,9,3
406.075144508671,239.445086705202,47.926031094295,12,3
406.093023255814,239.476744186047,48.7114107954329,7,3
406.230769230769,239.248520710059,48.7185027503357,9,3
405.677966101695,239.734463276836,47.1955243567656,16,3
405.816568047337,239.408284023669,46.1541357290445,18,3
406.040935672515,239.140350877193,45.105963151275,28,3
406.011494252874,239.057471264368,44.8591313232709,15,3
406.140350877193,239.017543859649,43.9657405227419,33,3
406.4,238.705882352941,45.876823835841,29,3
407.327272727273,237.812121212121,73.3421899751856,71,3
408.565217391304,235.236024844721,87.952962953284,100,3
408.695035460993,232.950354609929,79.7286298644215,46,3
409.583333333333,229.138888888889,71.1002673900877,89,3
409.955974842767,225.974842767296,77.2095347832776,59,3
410.309210526316,221.092105263158,-77.8864710404818,121,3
409.63698630137,215.157534246575,-84.2540985582515,108,3
409.539568345324,214.604316546763,-89.0530839705442,31,3
410.073529411765,209.764705882353,59.076445615951,99,3
410.987804878049,207.44512195122,62.0236438613745,58,3
412.217391304348,204.447204968944,63.6067529766649,77,3
414.065789473684,200.763157894737,71.8073935793084,71,3
414.553333333333,199.786666666667,75.3692555454057,28,3
415.874125874126,197.293706293706,85.6714149617126,67,3
416.317567567568,195.493243243243,-88.2492120327717,39,3
416.848275862069,192.903448275862,-81.9021173026151,59,3
417.068493150685,190.390410958904,-81.6039427825967,49,3
417.040816326531,189.612244897959,-80.8303838363846,19,3
416.506849315069,187.102739726027,-79.9147183456402,43,3
416.473333333333,186.513333333333,-78.8995968958918,22,3
415.778481012658,185.025316455696,-72.4315638449472,40,3
414.942307692308,183.378205128205,-60.5518666372987,42,3
414.653594771242,183.019607843137,-57.4918557866667,19,3
413.585987261146,181.535031847134,-52.4036398068771,46,3
413.136645962733,181.037267080745,-53.6407660092142,28,3
411.967741935484,179.954838709677,-55.0150812175349,44,3
410.6875,178.3125,-56.5764880927371,41,3
409.864285714286,177.514285714286,-57.013280970892,24,3
407.945945945946,175.391891891892,-56.9056437861499,48,3
407.373333333333,174.806666666667,-55.6170313121694,22,3
406.038709677419,173.432258064516,-48.7400809827886,45,3
405.356725146199,172.736842105263,-44.5314106914367,42,3
404.715976331361,172.07100591716,-42.5150469658204,22,3
403.786163522013,170.949685534591,-39.4007068265151,46,3
402.951219512195,170.189024390244,-39.725733816638,33,3
401.356687898089,168.71974522293,-39.5151956183285,45,3
399.701298701299,167.461038961039,-41.9677138058286,41,3
398.483443708609,166.516556291391,-42.3344847708336,27,3
396.59477124183,164.934640522876,-42.5542469340158,44,3
396.19375,164.725,-40.4034059602819,17,3
394.646341463415,163.396341463415,-34.2027394214566,44,3
393.505681818182,162.835227272727,-28.9133160995145,40,3
392.392857142857,161.928571428571,-26.3632350011376,34,3
391.232558139535,161.529069767442,-23.8164739082544,38,3
390.288235294118,160.894117647059,-23.9799950479485,30,3
388.385542168675,159.873493975904,-24.89864581647,46,3
386.432098765432,158.845679012346,-28.5152874509127,42,3
385.0875,158.14375,-28.9355139782608,28,3
383.416149068323,157.422360248447,-28.431459206604,45,3
382.743902439024,157.140243902439,-26.48942718338,17,3
381.185628742515,156.467065868263,-21.763351317532,37,3
379.563218390805,155.672413793103,-18.1264146722191,41,3
378.473988439306,155.21387283237,-15.7199883281947,27,3
377.011764705882,154.605882352941,-13.919753810438,51,3
376.194285714286,154.188571428571,-15.0586847517037,23,3
373.952380952381,153.779761904762,-14.9401334814559,45,3
371.3875,153.00625,-19.9466877493924,50,3
370.725609756098,152.817073170732,-19.4286064573636,20,3
369.295857988166,152.609467455621,-18.2931898886736,31,3
368.411042944785,152.282208588957,-17.0183965410677,22,3
366.834319526627,152.029585798817,-14.5153350300535,28,3
365.117647058824,151.5,-11.0413043213488,41,3
364.152941176471,151.376470588235,-9.27185098377769,22,3
362.345238095238,151.089285714286,-7.41978397160172,40,3
361.364705882353,150.817647058824,-7.60470726876279,22,3
359.11875,150.45,-10.0046252597124,46,3
357.432926829268,150.341463414634,-9.77142094001793,38,3
356.988372093023,150.273255813953,-9.69318052074878,18,3
355.077844311377,149.976047904192,-11.8245476924547,39,3
353.958823529412,149.8,-13.5958574310466,23,3
352.577142857143,149.691428571429,-13.7372794335787,25,3
350.580459770115,149.436781609195,-11.1758715118759,37,3
350.045714285714,149.251428571429,-9.77646695823854,21,3
348.598870056497,149.067796610169,-7.45896051803829,32,3
348.083798882682,149.061452513966,-6.92331420023044,16,3
346.327683615819,148.774011299435,-4.36623118007046,38,3
344.740963855422,148.71686746988,-3.30366166871689,41,3
343.722222222222,148.586419753086,-2.19636655174933,18,3
342.157232704403,148.383647798742,-2.07339209696807,35,3
341.565217391304,148.385093167702,-2.58760386649431,14,3
340.182926829268,148.414634146341,-2.52992062146862,25,3
338.771084337349,148.379518072289,-3.11239316980241,24,3
338.127272727273,148.509090909091,-4.67907010238126,13,3
336.817647058824,148.488235294118,-3.56215154506773,27,3
336.042682926829,148.414634146341,-3.67459131111969,18,3
334.705882352941,148.4,-2.11710982300901,26,3
333.947368421053,148.619883040936,-0.546885230609203,23,3
332.946107784431,148.634730538922,1.22569755084255,16,3
332.196428571429,148.809523809524,1.30860126301247,23,3
331.929824561404,148.766081871345,1.51905322517133,9,3
330.6875,148.965909090909,3.97471016026348,21,3
328.922155688623,149.005988023952,6.09020196225539,31,3
328.331325301205,149.072289156627,6.49745403407682,13,3
327.35838150289,149.156069364162,7.70772495777682,21,3
326.87573964497,149.14201183432,8.29354459597698,16,3
325.91124260355,149.325443786982,8.48244837543204,22,3
324.496932515337,149.515337423313,7.98018871039548,26,3
324.319018404908,149.472392638037,8.3162523375385,10,3
323.109756097561,149.634146341463,7.27320255007489,21,3
322.503067484663,149.693251533742,6.4134799497605,11,3
321.757575757576,149.812121212121,6.79663896031542,16,3
320.871951219512,149.884146341463,7.40477983538084,23,3
320.176829268293,149.963414634146,6.72365580004815,14,3
319.610778443114,150.167664670659,7.32362840770173,11,3
319.497041420118,150.12426035503,7.38232755067655,8,3
318.912280701754,150.333333333333,8.01462149738,16,3
318.275862068966,150.327586206897,7.04268321011908,17,3
317.548192771084,150.44578313253,7.31001842929766,16,3
316.635802469136,150.506172839506,8.39168584600983,18,3
316.275862068966,150.712643678161,8.60138693624348,16,3
315.325443786982,150.87573964497,7.81913744466928,23,3
314.730538922156,150.910179640719,7.99791743360639,16,3
314.7,151,8.16384318506265,11,3
313.54375,151.08125,7.73488949368664,26,3
313.551515151515,151.175757575758,8.51929493083952,13,3
312.768292682927,151.25,8.20108505631356,15,3
312.604790419162,151.269461077844,7.42038076295083,13,3
311.969325153374,151.40490797546,9.00246146264958,14,3
311.467455621302,151.497041420118,9.39694492865086,10,3
311.693641618497,151.57225433526,8.88897315501182,10,3
310.563636363636,151.781818181818,8.61385039540871,24,3
310.214285714286,151.857142857143,8.01189422114765,11,3
310.212121212121,151.860606060606,8.41839371950906,5,3
309.339393939394,151.848484848485,9.14351978864111,18,3
309.47619047619,151.964285714286,8.51597449754687,13,3
309.174698795181,151.939759036145,8.54203623421631,14,3
308.784431137725,152.095808383234,9.67730944277391,9,3
308.603550295858,152.05325443787,9.26853971063341,6,3
308.287425149701,152.203592814371,9.6366619765369,10,3
308.187134502924,152.25730994152,9.41871472215337,8,3
307.922155688623,152.251497005988,9.12551781207454,8,3
307.897727272727,152.335227272727,8.46849828188274,15,3
307.012048192771,152.409638554217,8.34154483450769,18,3
306.939759036145,152.506024096386,8.43585093874542,8,3
306.794117647059,152.547058823529,8.81357856268151,8,3
306.226744186047,152.744186046512,8.85110800308731,16,3
305.912280701754,152.754385964912,8.66767123421746,7,3
305.668674698795,152.698795180723,9.42663663200196,9,3
305.315476190476,152.791666666667,9.36599788033902,8,3
305.372093023256,152.802325581395,9.19572000145621,6,3
305.271676300578,152.849710982659,9.01191964683228,9,3
305.137142857143,152.897142857143,9.33536629639932,8,3
304.658823529412,152.888235294118,9.09759803630075,9,3
304.497076023392,152.929824561404,9.65703145405744,15,3
304.416184971098,153.046242774566,10.1393836608217,8,3
304.174418604651,153.052325581395,9.6926765716147,5,3
304.346820809249,153.063583815029,9.38818728031837,7,3
303.816091954023,153.229885057471,9.11998418698977,9,3
303.697674418605,153.261627906977,9.30768649141476,8,3
303.432748538012,153.210526315789,9.29327773934156,9,3
303.409356725146,153.25730994152,9.30260655682662,4,3
303.317919075145,153.271676300578,9.3913804691259,4,3
303.176136363636,153.340909090909,10.2042694815132,5,3
302.976878612717,153.375722543353,9.6399901486744,11,3
302.895953757225,153.462427745665,9.2118798041232,10,3
302.760233918129,153.380116959064,9.91078511597123,12,3
302.646408839779,153.486187845304,9.80068496273025,12,3
302.482954545455,153.505681818182,10.4408740936657,7,3
302.162790697674,153.709302325581,10.5168832058059,12,3
302.111764705882,153.7,10.4989154434752,8,3
302.011764705882,153.647058823529,10.3289870438746,12,3
301.538461538462,153.834319526627,10.4724430212797,11,3
301.558823529412,153.811764705882,10.5688601506615,1,3
301.654970760234,153.74269005848,10.0667152714147,7,3
301.619883040936,153.701754385965,9.74015179601301,4,3
301.277108433735,153.825301204819,9.96990809501128,11,3
301.272189349112,153.828402366864,10.4465155705142,5,3
301.313609467456,153.834319526627,10.5681071319324,4,3
300.988235294118,153.952941176471,10.5268807527239,7,3
301.130177514793,153.952662721893,10.4005629405692,3,3
301.063583815029,153.878612716763,10.1867901762102,8,3
300.782352941176,153.952941176471,10.2691401726354,7,3
300.622093023256,153.936046511628,10.3593847070319,4,3
300.711764705882,153.929411764706,10.0316294846672,4,3
300.686390532544,153.91124260355,9.98171008519036,3,3
300.652941176471,153.935294117647,10.2538019490956,3,3
300.774566473988,153.942196531792,9.99107629236979,9,3
300.617647058824,153.888235294118,9.87688325522938,7,3
300.511764705882,153.917647058824,10.2392663488318,2,3
300.497041420118,153.976331360947,10.0699167684904,3,3
300.627218934911,153.91124260355,9.90512355111055,6,3
