408.05504587156,236.899082568807,-80.7641437844947,NaN,1
408.027777777778,236.953703703704,-80.3149421955503,1,1
407.952830188679,236.547169811321,-81.2191493640332,4,1
407.971153846154,236.596153846154,-80.7313594277087,2,1
408.03738317757,236.766355140187,-80.4655704085673,5,1
407.990909090909,236.809090909091,-80.1439534603174,5,1
408,236.859813084112,-80.6078418497335,3,1
408.046296296296,236.694444444444,-81.1578680374211,3,1
408.109090909091,236.963636363636,-80.0109785816712,8,1
408.045871559633,237.009174311927,-80.9844449655383,9,1
408.089285714286,237.464285714286,-80.6676035931828,5,1
408.034482758621,237.655172413793,-80.9015275869247,6,1
408.129310344828,237.672413793103,-80.664894522101,6,1
408.078947368421,237.464912280702,-81.0002114377844,4,1
408.043859649123,237.342105263158,-81.1126539608287,6,1
408.026315789474,237.359649122807,-81.5470376025992,2,1
408.087719298246,237.526315789474,-80.920679441136,6,1
408.060344827586,237.491379310345,-81.0063375335014,4,1
408.025641025641,237.452991452991,-81.2655317688263,5,1
407.95652173913,237.408695652174,-82.1858369717735,6,1
407.930434782609,237.2,-82.3154520717197,4,1
407.887931034483,237.25,-83.0338967718552,5,1
407.900826446281,237.214876033058,-83.1676546518474,5,1
407.933333333333,237.416666666667,-82.8680271814457,3,1
407.90756302521,237.151260504202,-82.452305406793,3,1
407.957264957265,237.08547008547,-81.9023819162478,8,1
407.991304347826,236.878260869565,-82.7186106429655,4,1
407.964912280702,236.964912280702,-81.3376972535771,7,1
407.862068965517,236.801724137931,-80.7477202340438,6,1
407.948717948718,236.837606837607,-80.7456347658182,3,1
407.923076923077,236.623931623932,-81.0733138116424,6,1
407.940170940171,236.794871794872,-80.2210455264484,2,1
407.846153846154,236.555555555556,-79.9982722125762,4,1
407.794871794872,236.529914529915,-79.5471979936883,4,1
407.769911504425,236.238938053097,-79.3159040735186,4,1
407.585585585586,235.981981981982,-78.5657071481461,8,1
407.736363636364,236.063636363636,-79.0794294813603,5,1
407.663636363636,236.036363636364,-78.3502717198021,4,1
407.580357142857,235.973214285714,-77.640375713889,2,1
407.553571428571,235.901785714286,-77.0685978338633,2,1
407.557522123894,235.805309734513,-76.6828698937701,3,1
407.567567567568,235.963963963964,-76.8521186605033,4,1
407.472222222222,235.601851851852,-76.0805972323463,7,1
407.339449541284,235.43119266055,-75.0729150626824,5,1
407.293577981651,235.366972477064,-75.2155894450683,2,1
407.366071428571,235.553571428571,-75.1587673374489,5,1
407.336363636364,235.381818181818,-74.9548227199235,2,1
407.297297297297,235.531531531532,-74.1074747110462,5,1
407.302752293578,235.477064220183,-74.5581618435052,2,1
407.321100917431,235.385321100917,-74.2899117901533,2,1
407.297297297297,235.414414414414,-74.0993194428349,2,1
407.259259259259,235.407407407407,-73.70264345061,3,1
407.233644859813,235.308411214953,-73.6051026562594,1,1
407.339449541284,235.54128440367,-72.7133875403604,4,1
407.3125,235.526785714286,-72.9595455157225,5,1
407.281818181818,235.363636363636,-72.5937484897322,2,1
407.306306306306,235.594594594595,-72.5447846123728,3,1
407.306306306306,235.594594594595,-72.5447846123728,0,1
407.348214285714,235.705357142857,-72.3529353495613,1,1
407.362831858407,235.398230088496,-72.4643132336979,7,1
407.318181818182,235.545454545455,-71.9842627454019,7,1
407.361111111111,235.685185185185,-71.2775918174708,4,1
407.284403669725,235.412844036697,-71.7935813012728,3,1
407.327272727273,235.527272727273,-71.6427089986491,1,1
407.387387387387,235.792792792793,-71.0986870714176,3,1
407.495575221239,235.805309734513,-71.300177929774,4,1
407.441441441441,235.936936936937,-70.5143875571816,6,1
407.451327433628,235.982300884956,-70.8740178757015,4,1
407.41592920354,236.035398230089,-70.2807519994139,2,1
407.517543859649,236.017543859649,-70.5349888487502,5,1
407.486725663717,235.938053097345,-70.1591295373578,3,1
407.551724137931,236.034482758621,-70.4666766214432,3,1
407.383928571429,235.848214285714,-69.8848967926328,8,1
407.324786324786,235.717948717949,-69.1222542530117,7,1
407.5,236.140350877193,-69.8064419260868,9,1
407.495726495727,236.076923076923,-69.0707032707487,5,1
407.539130434783,236.095652173913,-70.0823001992567,4,1
407.504347826087,236.052173913043,-69.8052314916306,2,1
407.601694915254,236.28813559322,-69.3038481591401,3,1
407.542372881356,236.322033898305,-69.1559498831044,4,1
407.564102564103,236.316239316239,-69.6953741007021,5,1
407.594827586207,236.413793103448,-68.7703912975814,3,1
407.628318584071,236.309734513274,-69.1082070603922,5,1
407.551724137931,236.206896551724,-69.0174390814186,3,1
407.504273504273,236.162393162393,-68.6476745974145,1,1
407.474576271186,236.28813559322,-68.3890671591143,5,1
407.543103448276,236.327586206897,-68.8196875833914,4,1
407.478632478633,236.145299145299,-68.163534969291,7,1
407.57264957265,236.273504273504,-68.2551588125613,2,1
407.529914529915,236.282051282051,-67.7886296170778,4,1
407.586206896552,236.465517241379,-68.0037480444547,3,1
407.53781512605,236.319327731092,-68.1579692466155,3,1
407.553719008264,236.404958677686,-67.7880252432765,4,1
407.654867256637,236.442477876106,-68.5517349437045,8,1
407.612068965517,236.422413793103,-68.5039011563142,3,1
407.504273504273,236.264957264957,-68.2140269486605,5,1
407.555555555556,236.504273504273,-68.7556932869194,4,1
407.563025210084,236.554621848739,-68.0467189281917,4,1
407.554621848739,236.521008403361,-68.1729546316194,4,1
407.53781512605,236.46218487395,-69.6445573150682,8,1
407.555555555556,236.512820512821,-69.4864264681571,2,1
407.529914529915,236.393162393162,-69.4839916823029,4,1
407.491525423729,236.330508474576,-68.9514075372286,7,1
407.338983050847,236.025423728814,-68.8182755442188,6,1
407.529411764706,236.378151260504,-68.6975027584362,7,1
407.436974789916,236.445378151261,-68.8512718246951,8,1
407.453781512605,236.453781512605,-68.8878478457259,4,1
407.483050847458,236.440677966102,-68.8755880458418,1,1
407.441666666667,236.291666666667,-69.0111830537997,4,1
407.454545454545,236.297520661157,-69.9554533781778,5,1
407.375,236.2,-69.0614789874006,5,1
407.529914529915,236.367521367521,-68.9519408282903,5,1
407.463414634146,236.325203252033,-68.8350498123887,8,1
407.428571428571,236.428571428571,-69.2460563113592,6,1
407.368852459016,236.254098360656,-69.255363155383,5,1
407.421487603306,236.421487603306,-68.6274184440553,5,1
407.427419354839,236.274193548387,-69.6526186467065,9,1
407.483606557377,236.377049180328,-69.2268053772781,6,1
407.436974789916,236.411764705882,-68.5536249638905,5,1
407.434426229508,236.33606557377,-69.2018300554861,3,1
407.504201680672,236.53781512605,-69.3591290858769,5,1
407.451612903226,236.354838709677,-69.9513471450172,5,1
407.434426229508,236.188524590164,-69.4433443522493,6,1
407.447154471545,236.422764227642,-69.7054538645884,7,1
407.595041322314,236.545454545455,-69.4343532231444,10,1
407.504132231405,236.512396694215,-69.0891687273287,10,1
407.720338983051,236.805084745763,-69.4985473718834,7,1
407.762295081967,236.795081967213,-69.4551581917314,6,1
407.816666666667,236.883333333333,-69.3562341936108,2,1
407.729508196721,236.83606557377,-69.7258094042303,6,1
407.741935483871,236.822580645161,-67.847066151349,10,1
407.756097560976,236.967479674797,-68.8703688423349,9,1
407.967741935484,237.225806451613,-67.7851740932117,11,1
407.725806451613,236.911290322581,-68.0038229405659,8,1
407.775,236.816666666667,-67.8435143718722,8,1
407.647540983607,236.713114754098,-67.4640146291937,10,1
407.745901639344,236.852459016393,-67.6322884264066,6,1
407.55905511811,236.677165354331,-65.9367189115431,21,1
407.362204724409,236.566929133858,-64.7805618322365,18,1
406.524193548387,235.967741935484,-45.7634920859962,57,1
405.070175438596,234.447368421053,-29.2118995602701,52,1
403.990825688073,234.155963302752,-30.2039081389535,25,1
402.139130434783,233.026086956522,-40.2209228782618,46,1
401.14406779661,232.177966101695,-47.11951827661,33,1
399.071428571429,230.880952380952,-37.1992799267236,42,1
397.47619047619,229.626984126984,-26.0443423266804,66,1
395.327433628319,228.601769911504,-26.5867404404901,41,1
393.53781512605,227.529411764706,-41.5595167912266,44,1
392.577586206897,226.76724137931,-49.5449031972299,23,1
390.822033898305,224.872881355932,-53.1819041103918,50,1
389.267716535433,223.314960629921,-43.5074504606727,43,1
388.033613445378,222.033613445378,-33.3637319000934,32,1
386.705882352941,220.705882352941,-33.8414443881501,46,1
385.984,220.064,-39.9992614206848,22,1
384.874015748031,219.062992125984,-50.2777640506952,46,1
382.869918699187,217.016260162602,-52.5121565601923,48,1
382.28,216.44,-45.6539739863172,18,1
380.793893129771,214.946564885496,-34.5078399755281,52,1
379.935483870968,214.346774193548,-29.9683133280472,23,1
378.669421487603,213.198347107438,-32.2788307040949,41,1
377.146341463415,212.040650406504,-43.4052371540019,40,1
376.148760330579,211.371900826446,-43.3348130607801,26,1
374.133333333333,209.8,-40.0184197082855,47,1
373.158333333333,209.15,-34.7592393818452,28,1
371.563492063492,207.714285714286,-27.8419213574626,54,1
370.131782945736,206.697674418605,-34.6686817005501,39,1
369.221374045802,206.106870229008,-39.3692479207027,22,1
367.081967213115,204.44262295082,-44.8538920423039,55,1
365.916666666667,203.408333333333,-47.0498122246303,30,1
364.387096774194,202.33064516129,-38.029247673309,38,1
362.701492537313,201.074626865672,-28.2460035695421,50,1
361.71875,200.484375,-25.3093338184826,30,1
360.683823529412,199.602941176471,-33.7179975423076,42,1
360,199.10071942446,-38.6999341253744,23,1
357.275862068966,197.146551724138,-46.1681479403577,61,1
355.617886178862,195.951219512195,-31.2498423096915,37,1
354.883720930233,195.806201550388,-26.8651117485448,18,1
353,194.404761904762,-26.0310036012808,51,1
352.3359375,193.9921875,-26.1711218770407,22,1
350.842105263158,193.007518796992,-37.2241805918489,41,1
348.908396946565,191.595419847328,-42.8466834796197,62,1
347.353448275862,190.25,-41.7154076421158,33,1
345.632,189.136,-34.8070237802595,39,1
344.856060606061,188.727272727273,-31.3960581370187,23,1
343.380952380952,187.65873015873,-27.4080675955924,42,1
341.961832061069,186.732824427481,-33.6395429654131,35,1
341.275362318841,186.282608695652,-39.1067341654712,31,1
338.685483870968,184.274193548387,-44.0478147050941,56,1
337.365217391304,183.217391304348,-45.0445953926634,27,1
335.882352941176,182.084033613445,-34.3944505961094,34,1
334.376,180.96,-30.5690853396736,42,1
333.811475409836,180.5,-30.1946642806754,17,1
332.258333333333,179.3,-37.89367978606,38,1
331.646153846154,178.646153846154,-43.1374929455758,26,1
329.017391304348,176.373913043478,-47.1100418171782,55,1
327.453781512605,175.235294117647,-36.4771583840056,34,1
326.592,174.472,-34.1567062943087,24,1
325.362831858407,173.734513274336,-27.0061760517935,32,1
324.58064516129,172.983870967742,-30.3808946403187,29,1
323.417322834646,172.023622047244,-38.5320942184341,35,1
321.9,170.9,-44.9240392888074,51,1
320.36,169.656,-45.7960070371513,31,1
318.512605042017,168.243697478992,-37.4076975241172,40,1
317.634146341463,167.544715447154,-33.6868973409472,22,1
316.082644628099,166.413223140496,-27.414907501868,42,1
314.868217054264,165.519379844961,-32.0181738069824,32,1
314.109375,165.2421875,-34.8811136945418,25,1
311.789915966387,163.411764705882,-42.1181082422084,55,1
310.275862068966,162.275862068966,-46.8490901902673,29,1
309.173553719008,161.454545454545,-39.6026429016756,29,1
307.475409836066,160.360655737705,-31.5443798396581,41,1
306.758928571429,159.875,-27.3893373825496,18,1
305.358974358974,158.700854700855,-29.5207653891382,41,1
304.432203389831,157.966101694915,-35.5708998570758,21,1
302.79674796748,156.772357723577,-42.7040148765814,51,1
300.279661016949,154.889830508475,-42.15452921473,49,1
299.512,154.592,-37.3461369700792,21,1
298.2265625,153.65625,-25.7470086419366,39,1
297.061538461538,152.930769230769,-24.7067916560842,30,1
295.587301587302,151.960317460317,-26.4084066160548,40,1
293.934426229508,150.696721311475,-34.3817464126387,40,1
292.768,150.048,-37.872638761207,31,1
290.725,148.7,-37.5883793866136,45,1
289.764705882353,148.126050420168,-34.1578902402955,17,1
287.780487804878,147,-23.8777965381959,44,1
286.7734375,146.46875,-23.8085853379996,37,1
285.913385826772,146.11811023622,-21.9743250353355,19,1
284.540322580645,145.096774193548,-30.5378528653997,41,1
283.700787401575,144.763779527559,-33.0415442166454,25,1
281.22131147541,143.377049180328,-40.2458106024655,57,1
278.900826446281,142.00826446281,-30.2741683165053,43,1
278.2,141.72,-25.873606665126,16,1
276.632,140.688,-20.1240455802176,48,1
275.909090909091,140.583333333333,-19.6135142126475,17,1
274.177419354839,139.766129032258,-24.4511406884682,38,1
272.110236220472,138.590551181102,-33.7523623950884,47,1
270.736,137.96,-33.7543771902021,28,1
268.53781512605,136.72268907563,-30.2102831223682,44,1
267.896825396825,136.603174603175,-26.3766824626282,21,1
266.152671755725,135.725190839695,-18.1539823385872,47,1
264.860465116279,135.031007751938,-18.9885995349065,34,1
263.834645669291,134.59842519685,-22.2178919504085,30,1
262.244094488189,133.614173228346,-32.3009394155792,44,1
261.283464566929,133.125984251969,-33.3204377818254,20,1
258.731707317073,131.983739837398,-30.8218840733485,44,1
257,131.118518518519,-21.9112335948887,38,1
256.21897810219,130.43795620438,-19.3188925782413,30,1
255.129770992366,130.106870229008,-19.2531565482917,32,1
254.401515151515,129.5,-25.8767726614556,29,1
252.575539568345,128.63309352518,-32.4285741453723,37,1
250.022388059701,127.373134328358,-36.9531131558919,51,1
249.015384615385,126.569230769231,-32.9430140666147,26,1
246.991666666667,125.366666666667,-18.6022523509917,44,1
246.064,124.76,-17.8655745656421,23,1
244.798449612403,124.201550387597,-20.16072526829,32,1
243.370078740157,123.354330708661,-28.1347521095277,36,1
242.443609022556,123.097744360902,-32.2252844705949,28,1
240.0234375,121.8515625,-32.4354711804783,45,1
238.984496124031,121.248062015504,-31.9515177040167,27,1
237.276119402985,120.261194029851,-24.496259433889,37,1
235.8984375,119.421875,-18.5327907639986,42,1
235.173228346457,119.094488188976,-23.1335063189124,19,1
233.603174603175,118.404761904762,-27.5750552530738,33,1
232.782945736434,117.852713178295,-30.5798046005649,21,1
231.328571428571,117.242857142857,-31.975093676382,45,1
229.104838709677,115.870967741935,-27.4048372703228,44,1
228.286885245902,115.475409836066,-23.3920657743233,20,1
226.612903225806,114.411290322581,-18.8372859550335,42,1
226.1484375,114.328125,-19.3169795353419,14,1
224.645161290323,113.508064516129,-25.458574842562,34,1
223.611940298507,113.007462686567,-29.2888958027497,30,1
222.323308270677,112.451127819549,-29.3327808255209,31,1
219.967741935484,111.459677419355,-21.2738111159087,43,1
219.140625,110.953125,-16.2202856539634,22,1
217.720930232558,110.348837209302,-12.2848428800709,41,1
216.5,109.765625,-14.6248590358081,37,1
215.772357723577,109.593495934959,-16.3664064050411,15,1
213.661538461538,109.084615384615,-19.6769603933067,41,1
213.210144927536,109,-23.2795329604806,26,1
210.586956521739,108.159420289855,-20.5568345179606,48,1
208.731343283582,107.529850746269,-9.24299517482843,48,1
208.088888888889,107.325925925926,-6.47302268176317,19,1
206.984496124031,106.945736434109,-7.57991469990511,36,1
206.389312977099,106.69465648855,-9.93710649377727,22,1
204.560606060606,106.424242424242,-15.3075944340123,37,1
202.159420289855,106.115942028986,-16.7167417554495,46,1
201.035460992908,105.985815602837,-13.4169708546319,25,1
198.766917293233,105.624060150376,-0.665389387675486,50,1
198.139705882353,105.580882352941,2.45527980413074,23,1
196.589552238806,105.283582089552,2.5505983724905,36,1
195.717557251908,104.893129770992,-3.03315924693805,37,1
194.607142857143,105.042857142857,-7.50147134218488,31,1
192.627737226277,104.905109489051,-13.1147118979886,47,1
191.645390070922,104.936170212766,-12.7961779327618,26,1
189.213740458015,104.557251908397,-3.10500399602432,44,1
187.930769230769,104.284615384615,4.27443642270036,45,1
187.07874015748,104.377952755906,2.88888836679497,21,1
185.693548387097,104.225806451613,-0.716902234406417,31,1
184.785714285714,104.238095238095,-6.41302113435173,28,1
183.095588235294,104.360294117647,-9.84571498764616,38,1
180.846774193548,104.129032258065,-4.37420559289763,42,1
179.764227642276,103.951219512195,1.244137335689,19,1
178.151260504202,103.949579831933,9.36994118798953,36,1
177.25641025641,104.017094017094,9.79114907965102,18,1
175.778761061947,104.212389380531,5.40165961874672,32,1
173.786324786325,104.538461538462,-1.99803148015885,40,1
172.622807017544,104.614035087719,-2.33585080982451,17,1
170.141666666667,104.75,-0.463236960911203,42,1
169.280991735537,104.768595041322,2.82256361500682,19,1
167.771653543307,104.755905511811,17.3177634130306,40,1
167.888,105.352,22.1425920740028,28,1
168.171875,105.6640625,22.3699025083307,17,1
168.766129032258,105.870967741935,22.0878576340791,28,1
169.114754098361,106.040983606557,21.9799851128771,18,1
168.472440944882,106.755905511811,23.2589291321766,25,1
167.814516129032,107.266129032258,35.7565572224633,35,1
167.541984732824,107.236641221374,37.2412924891635,23,1
166.708661417323,107.929133858268,45.6656877617881,26,1
166.355371900826,108.140495867769,45.3508024057687,16,1
166.656,108.12,45.6069496967348,16,1
166.896825396825,108.555555555556,48.4554979735895,27,1
NaN,NaN,NaN,126,1
422.306451612903,256.983870967742,-28.0255744023599,NaN,2
422.198412698413,256.81746031746,-26.5583518317808,8,2
422.291666666667,257.158333333333,-27.0553565493288,14,2
422.235772357724,256.983739837398,-26.520164661465,7,2
422.411290322581,257.072580645161,-26.6966440160341,7,2
422.344,257.016,-26.7697638861078,3,2
422.404958677686,257.074380165289,-26.2109438119059,4,2
422.254237288136,256.889830508475,-25.8391826723538,5,2
422.230769230769,256.931623931624,-26.3094479063033,3,2
422.268907563025,256.974789915966,-27.6914983777106,4,2
422.161290322581,256.91935483871,-29.1080752660466,9,2
422.319327731092,256.991596638655,-27.5287183050764,11,2
422.296610169492,256.915254237288,-26.7527692092329,7,2
422.270491803279,256.975409836066,-27.2334834082079,4,2
422.194915254237,256.957627118644,-27.9002410180856,10,2
422.294117647059,256.957983193277,-27.1601500998317,3,2
422.196721311475,256.901639344262,-27.4050293973507,5,2
422.121951219512,256.707317073171,-26.8879156934936,5,2
422.145299145299,256.74358974359,-27.7091620642613,8,2
422.091666666667,256.825,-27.8033048424841,9,2
422.107438016529,256.776859504132,-26.8695629296781,7,2
422.056,256.576,-27.1278733429691,8,2
422.112903225806,256.596774193548,-27.5180536648125,5,2
422.27868852459,256.77868852459,-28.5690288226778,6,2
422.283333333333,256.708333333333,-27.2758329036677,10,2
422.247933884298,256.685950413223,-26.9194841185506,5,2
422.411290322581,256.645161290323,-26.7579901453227,11,2
422.291338582677,256.685039370079,-27.661116157057,11,2
422.841666666667,256.675,-14.0675417912481,39,2
423.270676691729,256.157894736842,11.1697010298155,45,2
424.3828125,256,13.6040072504713,29,2
426,255.504,10.6773998143624,53,2
426.857142857143,255.166666666667,5.0272925395912,33,2
429.128787878788,254.734848484848,-2.54447284817045,58,2
431.43795620438,254.613138686131,-0.723884973283838,49,2
432.793893129771,254.732824427481,0.280328655731606,30,2
435.568,254.656,-6.41598607088203,60,2
436.792307692308,254.484615384615,-16.9459653336349,31,2
439.261538461538,255.484615384615,-26.3555479591571,52,2
441.417910447761,256.291044776119,-28.7082888531895,40,2
442.392307692308,256.792307692308,-23.4704669772478,24,2
444.369565217391,257.760869565217,-17.9000401236903,54,2
445.372262773723,257.956204379562,-15.5471390975133,35,2
448.414285714286,259.007142857143,-26.0341462356943,67,2
450.777777777778,260.690476190476,-38.8675013313304,56,2
451.976,261.376,-37.6163178517368,31,2
453.775362318841,262.782608695652,-31.4657736104875,49,2
454.610294117647,263.301470588235,-24.7920732064711,24,2
456.634328358209,264.619402985075,-12.3625267682092,54,2
458.623188405797,265.311594202899,-17.5175953857313,46,2
459.167883211679,265.481751824818,-22.0789344760569,29,2
461.681481481481,266.718518518519,-28.7647320750445,54,2
462.834586466165,267.18045112782,-28.2107666481451,30,2
465.654135338346,268.406015037594,-13.2863844211725,56,2
467.387323943662,268.556338028169,-8.97016863064757,45,2
468.635714285714,268.728571428571,-8.72294092214032,30,2
470.758389261745,269.174496644295,-13.8265489263222,51,2
472.184397163121,269.326241134752,-18.9548003539214,30,2
474.179856115108,270.007194244604,-25.0802280891039,54,2
476.904411764706,270.948529411765,-21.7291681541556,51,2
477.880597014925,271.276119402985,-17.7244697609855,24,2
480.489655172414,271.813793103448,-12.8963027754666,53,2
481.376811594203,272.108695652174,-12.0920160582227,27,2
483.225352112676,272.732394366197,-18.9213453174362,40,2
486.198473282443,273.770992366412,-29.3632710770693,65,2
487.088888888889,274.081481481481,-27.6311892362997,22,2
489.472,275.144,-20.3493433675114,50,2
490.365671641791,275.574626865672,-17.946757752142,25,2
492.481481481481,276.281481481481,-13.5336482291398,51,2
494.459854014599,277.036496350365,-16.6712747788162,44,2
495.29197080292,277.372262773723,-21.8339777303363,36,2
497.761904761905,278.246031746032,-26.8386500767283,51,2
499.503937007874,279.062992125984,-27.2120757357212,31,2
501.827067669173,280.007518796992,-17.6064411441024,48,2
504.545454545455,280.734848484848,-7.04807161009571,59,2
505.682170542636,280.976744186047,-7.97835840933828,27,2
507.565217391304,281.557971014493,-13.0827216385618,47,2
508.594202898551,281.68115942029,-18.1727750518498,22,2
510.727941176471,282.352941176471,-22.1202212773704,56,2
513.656934306569,283.255474452555,-18.2038231584104,51,2
514.647058823529,283.441176470588,-13.4158408222561,23,2
516.774436090226,283.984962406015,-6.63166437170313,47,2
517.741007194245,284.258992805755,-6.58985351450782,24,2
520.029850746269,284.798507462687,-12.821963345614,51,2
521.97037037037,285.288888888889,-21.0741984694476,43,2
523.782945736434,285.821705426357,-23.36891715173,30,2
525.813953488372,286.449612403101,-20.0518821210413,40,2
526.706766917293,286.714285714286,-17.6375450562001,24,2
529.112781954887,287.669172932331,-9.10828371288736,52,2
531.582089552239,288.320895522388,-9.01324028544631,53,2
532.8984375,288.3671875,-14.1275981618681,26,2
534.443661971831,289.091549295775,-20.9220199579537,42,2
535.679104477612,289.5,-23.8050511348621,32,2
538.784615384615,290.653846153846,-25.0731189740881,56,2
540.683823529412,291.404411764706,-18.141451787876,44,2
542.433823529412,292.022058823529,-14.3697192387747,36,2
544.06015037594,292.375939849624,-12.2120551825578,43,2
544.97037037037,292.82962962963,-15.3729764217795,26,2
546.97037037037,293.666666666667,-24.9704842878956,50,2
549.284671532847,294.51094890511,-27.8620035954615,46,2
550.96992481203,295.330827067669,-26.6497113822493,34,2
552.936170212766,295.822695035461,-19.2920094401643,38,2
553.920863309353,296.323741007194,-15.3083740745649,28,2
556.208955223881,296.985074626866,-10.3273355665806,51,2
558.007518796992,297.624060150376,-13.988377255398,41,2
559.477611940299,297.910447761194,-17.7685685737114,29,2
560.826086956522,298.173913043478,-17.0873337434778,34,2
562.238805970149,298.567164179104,-18.6897067022617,28,2
564.8125,299.2890625,-9.76341286711326,48,2
566.84126984127,299.492063492063,-0.331871399654901,48,2
567.931297709924,299.534351145038,1.06240017337718,21,2
569.923664122137,299.809160305344,1.00627594495478,32,2
571.328358208955,299.850746268657,-3.74886730219751,29,2
573.313868613139,299.934306569343,-7.26051688162038,45,2
575.927536231884,300.188405797101,-10.687991138246,47,2
577.335820895522,300.305970149254,-7.35971335166221,26,2
579.59375,300.453125,0.21498575614719,46,2
580.736434108527,300.682170542636,2.95015162564264,29,2
583.274074074074,300.555555555556,3.48481456355133,50,2
585.440298507463,300.932835820896,-3.30695049884651,47,2
586.44776119403,300.932835820896,-7.12639459863247,26,2
589.346153846154,301.407692307692,-14.3174690184828,60,2
590.356060606061,301.378787878788,-15.3803917818199,28,2
592.57037037037,302.044444444444,-10.4454104829109,43,2
594.555555555556,302.296296296296,-4.62577361316951,46,2
596.239130434783,302.623188405797,-3.33777256967658,29,2
598.198473282443,302.885496183206,-6.64125202963875,39,2
599.285714285714,303.022556390977,-9.64259765311934,26,2
601.401459854015,303.416058394161,-18.3790094594881,42,2
604.014925373134,304.268656716418,-17.8489556846244,51,2
604.814814814815,304.42962962963,-15.460736477568,27,2
606.9,304.885714285714,-9.74174475195081,43,2
608.029850746269,305.216417910448,-7.14120961246886,28,2
610.519379844961,305.744186046512,-4.91649133598865,51,2
612.568181818182,306.219696969697,-10.9553337710064,43,2
613.355555555556,306.311111111111,-13.8864336682812,25,2
616.410852713178,307.348837209302,-22.731607829322,64,2
617.587301587302,307.650793650794,-23.1169995221565,23,2
619.556390977444,308.187969924812,-17.2002679193608,41,2
621.022556390977,308.684210526316,-11.8331069581791,38,2
622.0546875,309.09375,-9.88180551039004,23,2
624.541984732824,309.809160305344,-11.0634710134134,43,2
624.848484848485,309.954545454545,-11.786817154039,15,2
626.610687022901,310.389312977099,-18.085759647811,41,2
628.772727272727,311.090909090909,-19.1449441704653,45,2
629.791044776119,311.134328358209,-17.9231640625408,24,2
631.736434108527,311.736434108527,-14.1589222073513,51,2
632.875,312.0078125,-9.76074201183539,21,2
635.190476190476,312.714285714286,-3.34712700332196,38,2
637.2890625,312.984375,-5.38826829131398,36,2
637.638461538462,313.146153846154,-7.18102030789452,16,2
639.992481203008,313.578947368421,-13.5605707462709,45,2
640.877697841727,313.625899280576,-16.304053699025,22,2
643.333333333333,314.280303030303,-17.2796642493675,45,2
644.969696969697,314.643939393939,-12.7635243949155,36,2
645.954198473282,314.793893129771,-10.2097523560899,27,2
648.515873015873,315.468253968254,-2.5186308786364,45,2
649.1328125,315.640625,-4.50261477265471,18,2
650.625954198473,315.847328244275,-6.41510742380406,27,2
651.962686567164,316.425373134328,-11.9165623783025,39,2
653.217054263566,316.651162790698,-14.1436881328075,31,2
655.734375,317.21875,-17.2239286747328,43,2
656.682170542636,317.472868217054,-18.8493744930712,31,2
658.132352941176,317.786764705882,-14.7661476790677,31,2
660.556451612903,318.83064516129,-7.18356164781523,50,2
661.4921875,319.1640625,-9.09736365274123,20,2
663.484126984127,319.611111111111,-11.9819729014439,36,2
664.806451612903,319.862903225806,-15.6324676285937,22,2
666.081481481481,320.414814814815,-18.4444034976728,37,2
668.748031496063,321.141732283465,-21.288387669581,42,2
669.5,321.346153846154,-20.3431847151887,17,2
671.899224806202,322.062015503876,-12.5060615411083,51,2
672.738805970149,322.313432835821,-10.5068672432249,21,2
675.191176470588,322.801470588235,-6.13458973428662,44,2
676.296551724138,323.027586206897,-9.27240589898099,29,2
676.165562913907,323.516556291391,-10.670178938629,22,2
676.885906040268,323.785234899329,-18.0642039610313,30,2
677.197368421053,324.039473684211,-22.3219798758125,19,2
677.127388535032,324.382165605096,-27.6214568502581,25,2
677.246913580247,324.666666666667,-28.045010774605,21,2
677.075,324.75,-29.3773472903973,10,2
677.566878980892,325.541401273885,-34.7560903399839,31,2
677.324840764331,325.579617834395,-33.9996184451469,10,2
677.557692307692,325.935897435897,-35.0903704675117,15,2
677.969696969697,326.448484848485,-37.4216346931527,27,2
678.1375,327.06875,-42.7145254594526,23,2
677.976470588235,327.429411764706,-47.7190413893588,28,2
678.167701863354,327.832298136646,-54.4353555978772,21,2
NaN,NaN,NaN,161,2
429.574074074074,250.990740740741,-74.3109094136716,NaN,3
429.555555555556,250.962962962963,-74.7164742005351,6,3
429.603773584906,251.179245283019,-74.4067243519074,2,3
429.612612612613,251.171171171171,-75.1936737951796,7,3
429.648148148148,251.342592592593,-74.3320211511525,5,3
429.642857142857,251.116071428571,-74.6098702043636,6,3
429.678571428571,251.107142857143,-73.4659892300413,4,3
429.715596330275,251.348623853211,-74.2574761111576,7,3
429.706422018349,251.05504587156,-73.554524375724,10,3
429.573913043478,250.747826086957,-73.1284687728057,8,3
429.601769911504,250.849557522124,-73.1836194813157,2,3
429.530973451327,250.761061946903,-72.9502728893586,4,3
429.570175438596,250.798245614035,-71.6473177685823,5,3
429.663793103448,250.905172413793,-71.6807217484162,4,3
429.623931623932,251,-71.2729972061765,5,3
429.775862068966,251.129310344828,-70.1695789678353,9,3
429.784482758621,251.23275862069,-70.034322609846,4,3
429.730434782609,251.034782608696,-70.214098539801,5,3
429.901785714286,251.276785714286,-71.1685166090163,7,3
429.901785714286,251.276785714286,-71.1685166090163,0,3
429.90350877193,251.140350877193,-70.6886987994143,4,3
429.991379310345,251.146551724138,-70.4366684979508,4,3
429.964285714286,251.419642857143,-69.8362138749221,6,3
429.938053097345,251.283185840708,-69.8916975153278,3,3
429.973214285714,251.357142857143,-69.5062132022543,3,3
429.964285714286,251.410714285714,-69.5915502302199,2,3
429.990990990991,251.513513513514,-69.2802545049228,1,3
429.965517241379,251.362068965517,-69.0183283474347,5,3
430,251.426086956522,-69.2937204271529,3,3
430.035714285714,251.383928571429,-69.8618904427837,3,3
430.045045045045,251.405405405405,-69.1585358227554,3,3
430.108108108108,251.495495495496,-69.0752989407263,2,3
430.009009009009,251.405405405405,-69.7656705595688,4,3
430.070796460177,251.451327433628,-69.6645875960067,2,3
430.070796460177,251.451327433628,-69.6645875960067,0,3
430.008849557522,251.424778761062,-69.3119727923658,2,3
430.035087719298,251.40350877193,-69.4039595349863,1,3
430.098214285714,251.553571428571,-69.3709214304579,2,3
430.072072072072,251.576576576577,-69.2596069386951,1,3
430.098214285714,251.553571428571,-69.3709214304579,1,3
430.135135135135,251.666666666667,-69.1827802795623,1,3
430.035087719298,251.40350877193,-69.4039595349863,3,3
430.072072072072,251.576576576577,-69.2596069386951,3,3
430.072072072072,251.441441441441,-69.3714791245953,2,3
430.070796460177,251.451327433628,-69.6645875960067,2,3
430.107142857143,251.5625,-69.5116481682124,1,3
430.142857142857,251.571428571429,-70.0063945481335,2,3
430.126126126126,251.522522522523,-69.1733686774815,5,3
430.133928571429,251.553571428571,-70.052239700043,5,3
430.133928571429,251.553571428571,-70.052239700043,0,3
430.097345132743,251.442477876106,-70.1627479326553,1,3
430.150442477876,251.566371681416,-69.5341788601175,2,3
430.18018018018,251.603603603604,-69.343048386944,4,3
430.12389380531,251.362831858407,-70.1459246696533,4,3
430.120689655172,251.370689655172,-70.1997046383158,3,3
430.136752136752,251.444444444444,-70.3951716004742,1,3
430.094827586207,251.387931034483,-70.7678818226933,1,3
430.116666666667,251.391666666667,-70.4559003537713,4,3
430.142857142857,251.361344537815,-70.2767051100268,1,3
430.172413793103,251.603448275862,-70.5544574124301,5,3
430.136752136752,251.538461538462,-70.3293003469662,1,3
430.24347826087,251.75652173913,-70.6447521089615,4,3
430.136752136752,251.692307692308,-69.7340146303681,6,3
430.247787610619,251.805309734513,-69.5521386853607,4,3
430.163793103448,251.689655172414,-69.7365125544975,3,3
430.129310344828,251.603448275862,-68.7785049950977,4,3
430.147826086957,251.739130434783,-69.0082994047554,5,3
430.189655172414,251.844827586207,-69.8068960733605,3,3
430.25,251.857142857143,-69.3313146017009,4,3
430.236842105263,251.894736842105,-68.7647920320523,4,3
430.254237288136,251.779661016949,-68.9696246016943,6,3
430.339130434783,252.078260869565,-69.1910735856242,5,3
430.27731092437,251.806722689076,-69.2262102484425,4,3
430.2,251.591666666667,-69.5108080669232,5,3
430.3,251.541666666667,-69.7109834147196,6,3
430.893442622951,252.360655737705,-64.4389321866222,28,3
431.079365079365,252.349206349206,-59.0553681658179,22,3
432.131782945736,253.488372093023,-39.8443272394563,51,3
433.944,254.944,-44.0344027259241,60,3
435.008064516129,255.66935483871,-55.7432518845728,37,3
436.5,257.55737704918,-64.9206618162998,50,3
437.280991735537,258.876033057851,-68.1408338114598,29,3
438.037037037037,259.903703703704,-62.7737973228873,38,3
439.880952380952,263.166666666667,-63.583887746869,71,3
440.660869565217,265.104347826087,-81.0052337833671,35,3
440.869565217391,266.35652173913,-89.423906828934,28,3
441.094488188976,267.976377952756,86.3944833339952,34,3
441.322580645161,270.266129032258,-89.5981898269228,47,3
441.261904761905,272.079365079365,-77.9437910018453,44,3
441.512195121951,273.536585365854,-71.9645074350371,27,3
441.957627118644,275.610169491525,-72.5691916972895,43,3
442.214876033058,277.00826446281,-78.6357916514038,25,3
442.193548387097,279.072580645161,-88.056590324781,43,3
442.58064516129,281.088709677419,-81.2659008463252,42,3
442.785714285714,281.825396825397,-73.5625924760856,18,3
443.453846153846,283.592307692308,-60.7197119402766,46,3
443.781954887218,284.511278195489,-56.1166131009322,23,3
444.793893129771,286.221374045802,-59.7327777713904,40,3
445.768656716418,287.694029850746,-64.8524182131998,41,3
446.796610169492,289.406779661017,-66.4975019111292,34,3
448.168067226891,291.655462184874,-60.4279962319924,47,3
448.77868852459,292.204918032787,-56.0714936581375,21,3
449.769841269841,293.706349206349,-47.5962071023373,48,3
451.138461538462,294.961538461538,-49.2206725328963,42,3
451.544,295.44,-52.3521185661269,21,3
453.315789473684,297.771929824561,-64.8963718105695,51,3
454.174311926606,299.394495412844,-70.7104915506603,29,3
455.067796610169,300.457627118644,-62.4735102886638,25,3
456.355371900826,302.090909090909,-53.0220565559692,41,3
456.700854700855,302.717948717949,-49.6365435359544,22,3
457.789473684211,304.385964912281,-49.7479176946062,45,3
458.269841269841,305.15873015873,-55.59275307251,26,3
459.573770491803,307.508196721311,-68.6908250749158,46,3
460.957627118644,310.135593220339,-71.2505364112163,54,3
461.411290322581,310.725806451613,-66.5021288299593,24,3
462.09756097561,312.292682926829,-57.7762029450723,37,3
462.806451612903,313.58064516129,-54.1405459843002,31,3
463.740458015267,315.145038167939,-53.76894212401,41,3
464.653846153846,316.730769230769,-61.2048949486196,39,3
465.072,317.64,-61.8576506106202,27,3
466.521008403361,320.226890756303,-62.9128622534571,50,3
466.927419354839,320.927419354839,-58.4311160959997,19,3
467.875,322.125,-50.884998836287,36,3
469.057851239669,323.859504132231,-46.2581356818323,37,3
469.181102362205,324.125984251969,-45.9360528494007,18,3
470.642276422764,325.983739837398,-52.7584399323163,46,3
471.030303030303,326.659090909091,-57.4433939933974,29,3
473.008620689655,329.491379310345,-64.84053249491,52,3
474.114754098361,330.991803278689,-56.728321375123,36,3
474.779527559055,331.858267716535,-52.5276483313617,23,3
475.846774193548,333.338709677419,-49.6471924171619,37,3
476.349593495935,333.959349593496,-50.9137804911545,23,3
476.992125984252,335.133858267717,-57.9212639200788,40,3
478.239669421488,337.586776859504,-66.6700305093967,48,3
479.226086956522,339.365217391304,-71.4459436214145,32,3
480.02479338843,340.884297520661,-68.1847455799886,36,3
480.428571428571,341.444444444444,-64.7705930708483,15,3
481.725806451613,343.596774193548,-54.3058031417707,52,3
482.694915254237,345.245762711864,-54.0741303105259,38,3
483.152542372881,345.847457627119,-56.2751462647873,16,3
483.939655172414,347.655172413793,-62.977456835957,42,3
484.657894736842,349.175438596491,-69.9176273578948,26,3
485.824561403509,351.350877192982,-67.3498115775983,42,3
486.75652173913,352.704347826087,-59.0345938004503,33,3
487.336206896552,353.594827586207,-53.8284358317983,25,3
488.336134453782,354.899159663866,-47.8087795275778,37,3
488.779527559055,355.661417322835,-49.2629456967456,24,3
489.3828125,356.90625,-54.1501924300846,29,3
490.521008403361,358.53781512605,-59.9738001840996,45,3
491.370689655172,359.681034482759,-61.7813362047542,27,3
492.631578947368,361.763157894737,-59.325179974564,46,3
493.058823529412,362.319327731092,-56.7000442653633,15,3
494.188524590164,363.55737704918,-48.1326357064889,33,3
495.121951219512,364.707317073171,-45.0681098216999,33,3
495.463414634146,365.30081300813,-47.8259551937078,20,3
496.691056910569,366.975609756098,-52.4089187539261,40,3
497.3,367.691666666667,-55.3382992063599,23,3
498.605263157895,369.80701754386,-63.2381285608399,50,3
499.724137931034,371.379310344828,-59.0131959764138,34,3
500.314049586777,372.239669421488,-55.2434834563694,21,3
501.491525423729,374.161016949153,-48.1512291969756,39,3
501.716666666667,374.375,-46.7131759195181,16,3
502.589743589744,375.803418803419,-49.3117421055769,33,3
503.663865546218,377.193277310924,-56.7113178150587,38,3
504.117117117117,377.855855855856,-61.708613692503,20,3
505.646464646465,380.747474747475,-69.6324164965302,50,3
505.971698113208,381.462264150943,-69.1222945689197,17,3
506.573913043478,382.539130434783,-64.2142407354548,31,3
507.391304347826,384.147826086957,-57.2642812530813,38,3
507.834862385321,384.954128440367,-52.8720587090559,14,3
508.787037037037,386.537037037037,-55.0519624087967,31,3
509.04347826087,387.226086956522,-59.1348053415633,19,3
509.65,388.416666666667,-64.4669263935699,33,3
510.902912621359,391.135922330097,-72.6890444791022,49,3
511.234234234234,391.702702702703,-68.5086768397625,14,3
512.008928571429,392.9375,-55.5598530176327,31,3
512.316239316239,393.495726495727,-54.2902169018105,19,3
513.444444444444,395.401709401709,-45.7826928717897,40,3
514.271186440678,396.618644067797,-49.2482170058182,31,3
514.65,397.258333333333,-51.5954202368573,18,3
515.521367521368,397.940170940171,-53.7231105820411,29,3
516.051282051282,398.478632478633,-54.9182312568076,20,3
517.618181818182,399.981818181818,-49.8312435695817,37,3
518.298245614035,400.517543859649,-39.8005516543728,24,3
518.736842105263,400.780701754386,-35.1472397013287,22,3
519.431034482759,401.26724137931,-27.0020959477257,30,3
519.8,401.283333333333,-22.6812531236562,20,3
520.881355932203,401.330508474576,-18.6999512547627,26,3
521.764705882353,401.436974789916,-17.6525910486497,19,3
522.316666666667,401.408333333333,-16.7114070783331,9,3
524.083333333333,401.759259259259,-12.4526782086774,34,3
524.765765765766,401.738738738739,-5.28856320317697,17,3
526.128205128205,401.581196581197,7.88416279899638,34,3
527.53781512605,401.243697478992,12.1293580188901,30,3
528.21186440678,400.864406779661,10.211525642858,19,3
529.862903225806,400.177419354839,7.00115864897364,38,3
530.636363636364,399.900826446281,-2.6389462425173,23,3
532.44537815126,399.831932773109,-12.5121293390426,36,3
533.935483870968,399.709677419355,-12.5180280426912,39,3
535.456896551724,399.801724137931,-10.4679085863051,26,3
537.087719298246,400.166666666667,-4.82144882120648,36,3
538.144144144144,400.315315315315,-0.925480880286224,19,3
538.930434782609,400.295652173913,-0.981579335311454,26,3
