404.813186813187,235.846153846154,32.8875050120216,NaN,1
404.813186813187,235.846153846154,32.8875050120216,0,1
404.739130434783,235.913043478261,33.3845349658361,1,1
404.688172043011,235.967741935484,33.787138581744,1,1
404.688172043011,235.967741935484,33.787138581744,0,1
404.571428571429,236.010989010989,34.03511057205,2,1
404.595744680851,236.031914893617,33.8524156609631,3,1
404.553191489362,236.117021276596,33.5922102913531,2,1
404.731182795699,236.021505376344,33.9908808562029,3,1
404.648936170213,235.957446808511,33.5246243033536,3,1
404.655913978495,235.903225806452,31.4261886142131,7,1
404.744680851064,236.170212765957,23.7241857391096,23,1
404.488636363636,236.431818181818,-1.61566539475823,38,1
404.288888888889,236.722222222222,-40.3863055836686,24,1
404.692307692308,238.397435897436,-88.6746605613575,50,1
404.51724137931,240.873563218391,-87.3325200349373,43,1
404.617283950617,242.41975308642,-74.4981995423589,34,1
405.064935064935,245.571428571429,-60.2521284946786,52,1
405.843373493976,247.493975903614,-61.9898148991902,32,1
406.897435897436,251.141025641026,-68.1661223303262,53,1
408.280487804878,255,-47.1960309925572,62,1
409.45,256.7125,-31.9147548963987,36,1
412.106666666667,259.093333333333,-25.7342110837754,59,1
413.865853658537,260.987804878049,-38.4797479847745,39,1
416.703703703704,264.160493827161,-53.3840542014095,61,1
419.636363636364,267.090909090909,-35.0066201421125,65,1
421.357142857143,268.285714285714,-32.5776614336054,36,1
423.867469879518,270.204819277108,-38.0273513400812,55,1
425.627906976744,272.011627906977,-59.4958924304185,39,1
428.123456790123,275.518518518519,-59.4011088617396,69,1
430.467391304348,278.239130434783,-36.1353481864855,59,1
431.59756097561,278.987804878049,-30.6646327097567,24,1
434.974683544304,282.126582278481,-47.9231357246342,73,1
436.142857142857,284.202380952381,-67.8112894840732,39,1
438.578313253012,287.771084337349,-54.0950294835097,67,1
441.370786516854,290.76404494382,-40.5229423810722,62,1
442.858974358974,292.25641025641,-43.9200443176517,31,1
445.278481012658,295.822784810127,-58.7192807665861,67,1
446.426829268293,297.646341463415,-65.0315141331369,35,1
448.252631578947,300.8,-44.2498769455378,57,1
451.302325581395,304.162790697674,-45.8097489361564,73,1
452.395061728395,305.444444444444,-52.7919402560001,29,1
454.802469135802,309.654320987654,-62.3379544620717,72,1
455.892857142857,311.535714285714,-56.0650464426306,35,1
458.411111111111,314.555555555556,-35.8005332960407,62,1
461.666666666667,317.511904761905,-47.8144134770424,68,1
462.714285714286,318.5,-47.9368400760839,28,1
465.698795180723,322.481927710843,-42.8166518972224,69,1
466.923076923077,323.813186813187,-36.6087405877896,32,1
470.23595505618,326.674157303371,-31.1882045631678,70,1
473.318181818182,329.386363636364,-56.2324058452855,63,1
474.275,330.275,-50.211568418379,24,1
477.533333333333,333.922222222222,-39.770531752044,72,1
478.670212765957,334.893617021277,-31.8368810119294,28,1
482.302325581395,337.476744186047,-42.908886755597,68,1
485.29347826087,340.380434782609,-61.8647271725016,66,1
486.443181818182,341.522727272727,-53.387976270015,32,1
489.635294117647,344.929411764706,-30.9870183857917,69,1
491,346.084210526316,-33.5822678141143,32,1
493.954545454545,348.943181818182,-51.8690634281736,67,1
496.423529411765,352.317647058824,-62.1020567069068,65,1
497.720930232558,354.186046511628,-44.1196908301318,33,1
500.271604938272,356.716049382716,-33.5456941910255,61,1
501.701149425287,358.045977011494,-35.6005521308645,30,1
504.476744186047,360.906976744186,-55.5487732568585,61,1
506.878048780488,364.060975609756,-51.6868277765181,60,1
508.2,365.32,-32.6703991463055,27,1
510.820512820513,367.320512820513,-24.5727424738287,51,1
512.802325581395,369.209302325581,-39.108222727305,42,1
515.244186046512,371.825581395349,-56.0806117643119,54,1
517.914634146341,374.817073170732,-45.8601198983172,60,1
519.973684210526,376.486842105263,-31.7178620453636,38,1
522.447058823529,377.941176470588,-31.647080653549,47,1
524.246913580247,379.246913580247,-41.303981563151,34,1
527.3875,382.1625,-55.7699161138195,63,1
529.837209302326,384.5,-36.0699938565282,52,1
531.4375,385.5375,-22.3810160137136,28,1
534.026315789474,387.184210526316,-25.2949344799139,50,1
535.883720930233,388.662790697674,-42.9071421660183,36,1
538.3625,390.9625,-58.5548668721221,52,1
540.240506329114,393.075949367089,-49.0862714074464,47,1
541.55,394.3125,-40.0546337807941,31,1
544,396.125,-39.0940163550533,44,1
545.333333333333,397.24358974359,-45.7100136099926,26,1
547.234567901235,398.481481481481,-53.184822098516,37,1
549.037037037037,399.444444444444,-40.1165679321754,36,1
550.116883116883,400.025974025974,-29.4268154889008,18,1
552.630136986301,400.712328767123,-12.2562806177861,42,1
554.214285714286,400.871428571429,-10.9731834852576,25,1
556.633802816901,400.549295774648,-22.7467707526572,41,1
559.014084507042,401.140845070423,-23.6234268533222,40,1
561.350877192982,402.052631578947,-9.51500091583653,32,1
564.074626865672,401.835820895522,-9.13682417181077,40,1
565.770491803279,401.967213114754,-7.37258030218724,24,1
568.774193548387,401.725806451613,-20.5879018084916,43,1
571.333333333333,401.698412698413,-19.2632782762022,37,1
572.898305084746,402.101694915254,-11.2463627605405,18,1
576.407407407407,401.888888888889,5.46738752450441,45,1
578.035714285714,401.696428571429,1.04260934300418,20,1
580.896551724138,401.637931034483,-16.9724978063157,36,1
583.783333333333,401.4,-17.1767638961034,42,1
NaN,NaN,NaN,60,1
386.756097560976,237.658536585366,84.3595073448099,NaN,2
386.761904761905,237.5,84.568305059145,2,2
386.811764705882,237.705882352941,84.091883865761,3,2
386.855421686747,237.518072289157,84.8863434932081,2,2
386.746987951807,237.771084337349,84.4292225361844,4,2
386.850574712644,237.816091954023,84.8848671783589,4,2
386.920454545455,237.647727272727,85.7860503265485,5,2
386.886363636364,237.875,86.0484560400286,8,2
386.966292134831,237.898876404494,86.9865312077833,5,2
386.427083333333,237.53125,63.3224045667062,43,2
386.884955752212,237.504424778761,24.6727425633982,39,2
387.928571428571,237.107142857143,7.20702913112124,41,2
390.68,236.33,13.8426116097885,68,2
392.577777777778,235.766666666667,27.9435720256592,36,2
395.561797752809,234.056179775281,49.5736969422238,65,2
399.133333333333,231.622222222222,22.9312312367153,75,2
401.240506329114,230.860759493671,13.0955903824103,43,2
404.28,230.093333333333,13.1364905486782,44,2
406.884615384615,229.25641025641,27.4386024194302,37,2
410.120879120879,227.89010989011,36.9016968482682,63,2
415.256756756757,225.202702702703,2.61721415531248,77,2
417.472972972973,224.959459459459,0.531940035993022,26,2
421.053333333333,224.053333333333,13.221708398237,63,2
423.423076923077,223.487179487179,21.8644956923298,31,2
427.481012658228,221.632911392405,12.5985500032966,63,2
431.101123595506,220.865168539326,-5.05300770783579,52,2
432.9,220.9,-2.26955153779254,27,2
437.86170212766,220.404255319149,5.95051652724392,76,2
440.010309278351,220.092783505155,10.5548738226213,43,2
444.488888888889,219.366666666667,-9.69285927560721,69,2
448.989361702128,219.648936170213,-11.2126219795237,68,2
451.563829787234,219.840425531915,-2.07640015310606,42,2
456.471264367816,219.172413793103,4.35085673801058,77,2
459.084337349398,218.987951807229,-4.66964043589639,44,2
463.627659574468,219.574468085106,-22.6777152030068,67,2
468.1875,220.177083333333,-7.06323507220617,74,2
470.462365591398,220.301075268817,-0.463487986793215,37,2
475.370786516854,219.842696629213,-2.58450703315982,76,2
477.545454545455,220.159090909091,-14.1368038803689,37,2
482.023529411765,221.141176470588,-22.3615243885905,71,2
486.204301075269,221.870967741935,-0.726791065075818,68,2
489.233333333333,221.855555555556,2.59412575856088,47,2
493.096774193548,221.774193548387,-2.65781572995763,63,2
495.786516853933,221.988764044944,-19.3214692379421,42,2
500.135416666667,222.927083333333,-13.1743253805937,71,2
505.042553191489,223.436170212766,4.40024588576241,80,2
507.425531914894,223.478723404255,-2.12572762438609,38,2
511.076086956522,223.576086956522,-12.1300658146949,56,2
513.747368421053,224.442105263158,-21.6996936767182,45,2
518.063157894737,225.473684210526,-5.96685381267735,72,2
522.404255319149,225.755319148936,2.14478961282694,69,2
524.752688172043,225.784946236559,-4.70015565631176,37,2
529.434782608696,227.086956521739,-14.7436837036979,75,2
531.529411764706,227.423529411765,-15.8156089699095,35,2
535.577319587629,227.896907216495,-0.977493951724749,60,2
540.144444444444,228.355555555556,-12.2170168911152,67,2
542.170454545455,229.034090909091,-18.3100727049157,36,2
545.909090909091,229.943181818182,-18.4531929015106,60,2
547.89247311828,230.462365591398,-12.3453953059081,33,2
552.611111111111,231.355555555556,-5.13863945253966,69,2
556.395604395604,232.076923076923,-28.5227075985669,61,2
558.544444444444,232.844444444444,-25.6651961690046,35,2
562.8375,234.7125,-8.41074980798607,70,2
564.075268817204,234.935483870968,-5.57910329103904,25,2
568.446808510638,236.095744680851,-12.9772324224004,69,2
572.585106382979,237.670212765957,-27.6107538127238,70,2
574.375,238.4375,-25.1088075368556,34,2
578.265306122449,239.612244897959,-11.8281984460091,62,2
580.029702970297,240.287128712871,-7.03921731483516,33,2
584.458333333333,241.260416666667,-21.2555419048112,71,2
588.430107526882,242.784946236559,-27.9080913590318,67,2
590.811111111111,243.466666666667,-14.302030635015,39,2
594.363636363636,244.443181818182,-5.40936734861538,60,2
596.191489361702,244.617021276596,-4.37084094045354,36,2
599.89010989011,245.659340659341,-23.8444773718381,59,2
604.32967032967,247.032967032967,-21.2983953140344,72,2
606.288888888889,247.577777777778,-11.1141041974239,31,2
610.091954022988,248.551724137931,-2.94617400738447,61,2
611.880434782609,248.891304347826,-13.2877426708043,35,2
615.932584269663,250.337078651685,-28.7319461110543,67,2
619.636363636364,251.602272727273,-12.6269408406493,59,2
621.882352941176,252.011764705882,-3.71950698322687,33,2
625.032258064516,252.913978494624,-10.3716706275602,52,2
627.244680851064,253.372340425532,-17.8758215185464,35,2
630.934782608696,254.652173913043,-28.758425013383,60,2
634.89010989011,255.967032967033,-11.6579422846525,65,2
636.64367816092,256.425287356322,-5.95761707021695,30,2
640.365853658537,257.243902439024,-16.11203891539,63,2
642.270588235294,257.823529411765,-24.39275968418,29,2
646.039473684211,259.342105263158,-31.2811697452805,59,2
649.777777777778,260.986111111111,-12.5845872051008,58,2
652.685714285714,261.8,-11.3991009672458,38,2
656.114285714286,263.2,-24.8785969100001,52,2
658.157142857143,264.2,-32.2158560610025,30,2
659.434210526316,265.907894736842,-30.562923833421,38,2
660.353658536585,267.573170731707,-34.3708375865746,36,2
661.133333333333,268.573333333333,-40.000150846805,25,2
661.802816901409,270.352112676056,-50.924865616791,34,2
662.378378378378,271.864864864865,-56.7317455490281,29,2
662.746478873239,274.070422535211,-36.8412017824218,47,2
663.957142857143,276.442857142857,-34.6823457508202,41,2
663.985507246377,276.898550724638,-39.3486646323845,13,2
664.106060606061,278.772727272727,-54.8225689038057,41,2
664.271428571429,280.414285714286,-60.2951845270618,30,2
664.630769230769,283.415384615385,-47.1754639581382,49,2
NaN,NaN,NaN,65,2
385.741573033708,245.179775280899,-37.2526507282099,NaN,3
385.648351648352,245.153846153846,-37.3977414761272,2,3
385.870967741935,245.311827956989,-36.283775137069,4,3
385.722222222222,245.333333333333,-36.1097380363151,7,3
385.615384615385,245.252747252747,-38.359109315892,9,3
385.927083333333,245.354166666667,-36.0915692148996,7,3
385.554347826087,245.217391304348,-37.1141181280549,6,3
385.674157303371,245.303370786517,-37.1793558571316,5,3
385.7,245.333333333333,-37.2638833794322,5,3
385.769230769231,245.417582417582,-37.0143378330694,3,3
385.695652173913,245.163043478261,-37.0728303580895,7,3
385.774193548387,245.344086021505,-36.1108316477523,5,3
385.577777777778,245.277777777778,-36.9350290004703,5,3
385.494252873563,245.344827586207,-36.9042941612449,3,3
385.75,245.347826086957,-36.6718660801303,7,3
385.516853932584,245.348314606742,-37.1704411717652,5,3
385.47191011236,245.191011235955,-37.0725625721675,6,3
385.571428571429,245.285714285714,-36.3329786004572,4,3
385.56043956044,245.274725274725,-36.5321253360769,2,3
385.413793103448,245.229885057471,-37.241019096636,4,3
385.695652173913,245.402173913043,-36.63621619425,5,3
385.588888888889,245.4,-37.2221190657361,2,3
385.477272727273,245.386363636364,-37.3554481388749,4,3
385.588888888889,245.5,-37.7011821453603,2,3
385.516853932584,245.438202247191,-37.5525490387922,1,3
385.413793103448,245.35632183908,-37.6732431245527,2,3
385.425287356322,245.333333333333,-36.8315081821308,2,3
385.363636363636,245.295454545455,-38.5744558152251,3,3
385.420454545455,245.306818181818,-38.0251363450552,2,3
385.252873563218,245.252873563218,-37.3621488156148,3,3
385.393258426966,245.404494382022,-37.4131494611712,4,3
385.406976744186,245.279069767442,-36.8980692899839,3,3
385.35632183908,245.344827586207,-38.2055864279433,3,3
385.370786516854,245.38202247191,-37.5484529513869,2,3
385.179775280899,245.348314606742,-36.498594178055,6,3
385.553191489362,245.563829787234,-35.8663694550375,13,3
386.019801980198,245.821782178218,-36.5263719536877,9,3
386.528301886792,246.235849056604,-36.1641740524407,9,3
386.666666666667,246.257142857143,-34.5135067872768,5,3
386.5,246.625,-35.3583708483154,23,3
386.858407079646,247.256637168142,-30.3237353055507,49,3
386.904347826087,247.139130434783,-48.9721132660893,22,3
386.96261682243,245.803738317757,82.0216083420201,42,3
386.811881188119,244.287128712871,78.1987506389282,34,3
387.123595505618,241.359550561798,-75.4281318624061,58,3
387,238.565656565657,-81.8525128120836,54,3
387.034090909091,237.227272727273,88.5356721043226,27,3
387.96,232.506666666667,79.611397356351,69,3
388.265060240964,231.048192771084,87.3743279481079,28,3
388.137931034483,227.781609195402,-64.6318913637951,56,3
387.209302325581,224.139534883721,-65.9277102345345,57,3
386.704225352113,222.183098591549,-80.9172250738601,31,3
386.628571428571,217.742857142857,87.9808769500792,67,3
386.475609756098,215.573170731707,-82.0188166355782,34,3
385.329268292683,211.59756097561,-59.4210326461747,66,3
384.244186046512,208.127906976744,-68.8316485628546,58,3
383.897435897436,206.615384615385,-79.638632367076,28,3
383.090909090909,202.168831168831,-76.6658967197837,71,3
382.539325842697,199.932584269663,-71.1673246092753,38,3
381.295454545455,196.045454545455,-65.1100792965478,63,3
380.689655172414,192.436781609195,-87.1121309787824,61,3
380.518518518519,190.79012345679,86.7778664039789,28,3
380.164556962025,186.594936708861,-76.638520996099,68,3
379.797619047619,184.845238095238,-68.4641714999416,31,3
378.932584269663,181.460674157303,-66.8694239550938,51,3
378.059523809524,177.5,88.470865136802,59,3
377.957142857143,175.785714285714,81.9869667459342,24,3
377.736842105263,172.144736842105,-82.0831883607119,56,3
377.241379310345,169.620689655172,-73.8862053730118,37,3
376.482352941176,165.894117647059,-78.4492107184858,58,3
376.206896551724,162.045977011494,80.4772183589417,58,3
376.358974358974,160.448717948718,78.670875445052,29,3
376.164556962025,156.607594936709,-80.2000948732196,63,3
375.89156626506,154.879518072289,-72.0880238852278,26,3
375.193181818182,151.318181818182,-78.7824704317747,55,3
374.759036144578,147.566265060241,84.5499901099363,55,3
374.621621621622,146.351351351351,87.0010119078424,19,3
374.141176470588,142.529411764706,-74.7217612078702,57,3
373.862068965517,141.137931034483,-73.8845212546859,30,3
372.777777777778,137.20987654321,-85.3243954136629,64,3
372.626506024096,134.228915662651,75.4334852733184,54,3
372.855263157895,132.592105263158,75.6365261278184,25,3
372.914285714286,129.8,-86.8948726573918,44,3
372.764705882353,127.447058823529,-79.0785767848763,35,3
372.686746987952,124.265060240964,89.3052019330581,52,3
373.033707865169,121.134831460674,74.8002446021281,52,3
373.285714285714,119.27380952381,78.8390190220019,29,3
373.320512820513,116.487179487179,-84.6244512545367,48,3
373.149425287356,114.64367816092,-78.800130106057,27,3
372.709302325581,111.186046511628,87.9516094534808,53,3
372.951219512195,107.731707317073,72.1434431861973,56,3
373.24358974359,106.512820512821,78.59485322863,24,3
373.061728395062,103.024691358025,-78.3367866183343,51,3
372.759036144578,101.180722891566,-74.757257891695,30,3
372.317073170732,97.7073170731707,86.4502063410967,55,3
372.30303030303,93.2626262626263,82.7198387249907,69,3
372.388888888889,91.6759259259259,86.8427885208274,29,3
371.99173553719,88.7768595041322,-54.0564127947131,63,3
371.646616541353,87.7669172932331,-20.1589616801249,34,3
371.493055555556,87.0694444444444,-0.729026081636993,31,3
371.341614906832,86.7142857142857,-0.800221894431872,39,3
371.654761904762,86.5476190476191,-2.70558023461926,29,3
369.390977443609,86.4436090225564,-23.0230229041748,67,3
369.031496062992,86.7086614173228,-50.6845180455425,38,3
368.906474820144,86.8848920863309,-49.2731137050916,42,3
366.935251798561,86.9064748201439,-42.2188564255202,60,3
366.875862068965,86.7379310344828,-32.6901184639212,32,3
NaN,NaN,NaN,145,3
418.511363636364,220.454545454545,46.1286246751153,NaN,4
418.454545454545,220.488636363636,45.9859523545947,2,4
418.505617977528,220.348314606742,46.2498620416427,5,4
418.516483516484,220.428571428571,45.9496065933727,4,4
418.565217391304,220.260869565217,46.8845260805555,3,4
418.604395604396,220.263736263736,46.6609983054765,5,4
418.460674157303,220.516853932584,45.9245167897981,4,4
418.5,220.533333333333,45.7251337025357,1,4
418.417582417582,220.615384615385,45.6633721186642,1,4
418.478260869565,220.554347826087,45.6440931368983,1,4
418.417582417582,220.56043956044,46.1976822299104,1,4
418.511363636364,220.454545454545,46.1286246751153,3,4
418.438202247191,220.539325842697,46.3421221418014,1,4
418.311827956989,220.623655913978,46.4154052783046,4,4
418.532608695652,220.445652173913,45.7001130654712,3,4
418.511363636364,220.318181818182,45.6090683421009,6,4
418.533333333333,220.444444444444,45.2137068758124,4,4
418.462365591398,220.494623655914,45.2654938529041,5,4
418.494623655914,220.440860215054,45.4637411453521,2,4
418.505263157895,220.4,42.7017743804564,14,4
418.833333333333,220.197916666667,39.8352335374225,15,4
418.797872340426,220.468085106383,15.5606729973156,34,4
420.104761904762,220.504761904762,3.20379910861414,49,4
421.551020408163,220.438775510204,5.51735761442797,29,4
425.211111111111,219.6,24.8584819372978,62,4
427.141304347826,218.586956521739,41.136597238785,34,4
430.536842105263,216.452631578947,27.5512055052318,65,4
435.488095238095,214.642857142857,8.84864294235914,81,4
437.192307692308,214.5,13.2450673069316,30,4
440.963855421687,212.481927710843,49.5066133530635,69,4
442.8625,210.9125,65.119270211869,41,4
445.795454545455,208.272727272727,46.9152781338623,64,4
449.70652173913,205.358695652174,25.6339261804727,76,4
451.746666666667,204.653333333333,23.5813215245185,37,4
455.641025641026,201.75641025641,46.9834526969877,75,4
457.388235294118,199.847058823529,58.9352147479003,43,4
460.066666666667,197.155555555556,40.3442627810936,59,4
464.351648351648,194.703296703297,21.4706071869498,75,4
466.191011235955,193.943820224719,27.2751817547521,32,4
469.566265060241,191.506024096386,35.8174909647669,66,4
471.7,189.666666666667,49.5780812966976,45,4
474.766666666667,187.111111111111,27.506680847206,62,4
478.966292134831,185.303370786517,20.6742341088342,73,4
480.846153846154,184.576923076923,20.997143449898,31,4
484.362637362637,182.274725274725,40.3027835257538,69,4
486.2,180.822222222222,41.5677643714977,35,4
489.455555555556,178.811111111111,20.695892294687,62,4
493.586956521739,177.141304347826,14.9461257943045,70,4
495.409638554217,176.626506024096,18.1969773642975,29,4
499.619047619048,173.869047619048,32.0627574637085,77,4
500.928571428571,173.059523809524,30.9725559307043,26,4
504.369565217391,171.347826086957,11.6907261502751,58,4
508.453488372093,170.162790697674,9.29390787765887,62,4
510.336956521739,169.521739130435,16.3988504585876,32,4
514.402173913043,167.717391304348,25.5203506458765,72,4
516.193548387097,166.924731182796,19.6478482268219,31,4
520.086956521739,165.684782608696,3.46303673477059,65,4
523.729411764706,164.8,11.247913208472,63,4
525.170454545455,164.568181818182,15.759766692876,23,4
529.906976744186,162.488372093023,17.6455519670278,76,4
531.10989010989,161.78021978022,15.8184647295453,31,4
534.741935483871,161.118279569892,2.08446225029255,58,4
538.704545454545,160.590909090909,12.295398166176,57,4
540.190476190476,160.452380952381,15.4672005904297,22,4
544.297872340426,158.978723404255,24.3245935692008,64,4
545.978723404255,158.255319148936,24.1739838574919,34,4
549.735632183908,157.091954022989,6.16084759989176,59,4
553.875,156.136363636364,18.0857149175419,61,4
555.755813953488,155.441860465116,24.7235847029755,32,4
558.987654320988,154.222222222222,23.0511954582266,51,4
560.629213483146,153.573033707865,19.2482526643412,28,4
563.697674418605,152.616279069767,3.21294727750795,51,4
567.308510638298,151.829787234043,6.74358803435748,50,4
569.229885057471,151.16091954023,14.7154566210129,35,4
572.214285714286,150.081632653061,21.7918652457511,47,4
574.092783505155,149.381443298969,19.3596581644273,31,4
577.870967741935,148.408602150538,-2.50696316970668,64,4
581.306818181818,148.068181818182,1.04673655661466,57,4
582.932584269663,148.044943820225,7.58418347445304,25,4
587.118279569892,146.870967741935,15.0251361445576,66,4
588.695652173913,146.576086956522,14.4719277375973,27,4
591.927083333333,146.21875,2.58229833396249,50,4
596.054945054945,145.978021978022,3.01397264106954,59,4
597.602150537634,146.075268817204,8.70158884309098,32,4
601.747368421053,145.094736842105,13.4634062431432,66,4
603.40625,144.916666666667,11.4077432719797,27,4
606.626262626263,144.575757575758,1.332283744211,55,4
610.131313131313,144.151515151515,5.60745090983074,58,4
611.627450980392,143.735294117647,13.9360762151196,25,4
615.659574468085,142.765957446808,17.4818712021407,62,4
616.979797979798,142.242424242424,17.4922728447165,33,4
620.214285714286,141.408163265306,4.04189309712721,55,4
623.617647058824,140.5,4.42356007451194,56,4
624.910891089109,140.475247524752,10.2224497537711,27,4
629.057142857143,138.885714285714,14.7865578598124,74,4
630.324074074074,138.583333333333,17.2627826411082,31,4
633.22641509434,137.783018867925,3.91257533889301,52,4
636.871287128713,137.09900990099,-0.511464470061495,59,4
638.6875,136.791666666667,7.4826106838224,35,4
642.215189873418,136.063291139241,13.3464669388101,55,4
644.321428571429,135.642857142857,16.2073003539161,31,4
647.730769230769,134.987179487179,0.603147142410614,50,4
651.539473684211,134.513157894737,-2.47031908839026,54,4
653.641025641026,134.282051282051,6.91591188025238,28,4
656.435483870968,133.935483870968,19.3565783945014,40,4
657.714285714286,133.185714285714,26.6279609574929,20,4
658.80303030303,132.19696969697,24.2224360726673,22,4
659.617647058824,131.235294117647,27.8996741350962,20,4
660.079365079365,130.809523809524,31.6419620610817,11,4
660.806451612903,129.483870967742,37.2471524370278,27,4
660.881355932203,129.186440677966,37.9509757001842,15,4
661.672413793103,127.741379310345,32.7954230920156,31,4
662.516129032258,126.5,25.0866189903867,26,4
662.913793103448,126.051724137931,25.5704286553159,14,4
663.559322033898,125,37.4151293502141,25,4
663.913793103448,124.224137931034,44.4597055352369,13,4
664.363636363636,122.563636363636,60.5417734113743,29,4
