435.094650205761,244.592592592593,32.729432589815,NaN,1
435.037190082645,244.537190082645,32.7439342222886,9,1
434.991631799163,244.723849372385,32.9625514270108,11,1
435.114893617021,244.782978723404,33.3047642330661,10,1
435.308641975309,244.572016460905,34.5452586032559,18,1
435.5234375,244.1875,35.3390388888764,27,1
435.100775193798,244.337209302326,33.7805170223227,32,1
435.216417910448,244.220149253731,34.0819616126038,24,1
435.071428571429,244.296992481203,34.4810959578577,18,1
435.522556390977,244.011278195489,38.4193180854859,50,1
434.533333333333,244.301960784314,59.8971586819006,101,1
433.904564315353,244.439834024896,71.1522680268836,66,1
432.279835390947,246.008230452675,74.966020462232,126,1
431.409836065574,247.262295081967,75.0591392132458,71,1
429.153153153153,253.481981981982,58.2671093772484,132,1
427.051162790698,256.753488372093,60.2442898451933,109,1
426.106280193237,258.04347826087,61.6740680994483,52,1
423.321951219512,262.341463414634,64.7104040942059,122,1
421.530927835052,265.164948453608,63.174870605065,67,1
419.669603524229,268.25550660793,52.2168589913734,95,1
417.668122270742,271.82096069869,49.3279961950778,104,1
415.883720930233,273.748837209302,53.4898310166992,66,1
412.71282051282,277.923076923077,57.4528165637798,114,1
410.97,280.575,58.5705926559803,65,1
409.198156682028,283.926267281106,46.8556621675158,97,1
407.68669527897,286.081545064378,44.0741327690552,88,1
406.004672897196,287.565420560748,43.2735832139586,51,1
402.031088082902,291.19170984456,44.6969460551254,107,1
400.535353535354,292.29797979798,46.6174180423046,47,1
398.404651162791,294.209302325581,40.0535996084406,85,1
395.866071428571,296.620535714286,38.3969930225053,89,1
393.779342723005,297.849765258216,42.5332733896728,55,1
390.526570048309,300.285024154589,43.9217155278843,90,1
388.661764705882,301.661764705882,45.5322237217363,51,1
386.635944700461,303.608294930876,37.9991058840565,81,1
384.848623853211,305.642201834862,35.4447199740186,73,1
383.504854368932,306.519417475728,35.259730889955,33,1
381.6,308.10243902439,39.0303363186848,70,1
380.392344497608,309.095693779904,43.0538378127045,46,1
377.480952380952,311.242857142857,45.6270860459751,75,1
376.138888888889,313.569444444444,41.8758874048472,72,1
375.731481481481,313.986111111111,41.6764924813902,30,1
373.85201793722,315.72197309417,49.4839708482502,79,1
372.801801801802,316.328828828829,54.367683411148,49,1
369.683937823834,319.911917098446,58.1658130323428,101,1
368.342995169082,321.797101449275,43.795276407564,76,1
367.574257425743,322.831683168317,40.1504682128225,39,1
365.942583732057,324.377990430622,38.7895327647073,73,1
364.805429864253,325.402714932127,41.2692126110811,52,1
361.582524271845,327.694174757282,42.6913969937407,89,1
358.886138613861,329.777227722772,37.8896749841953,86,1
358.383838383838,329.984848484848,33.0823097269019,42,1
355.65625,332.285714285714,30.6881051384646,122,1
354.871244635193,333.008583690987,29.5759375331762,53,1
352.236514522822,333.917012448133,37.8385025134938,126,1
347.739130434783,336.908212560386,40.9689051142211,118,1
346.8,337.639024390244,36.3658485026621,38,1
345.071090047393,339.412322274881,29.0194573870742,82,1
344.293859649123,339.859649122807,30.3905215512454,41,1
342.856031128405,341.167315175097,30.5946540826063,95,1
338.84375,343.258928571429,39.699368900484,125,1
337.239819004525,344.651583710407,36.3518081865406,55,1
335.338095238095,346.109523809524,29.3266893606266,71,1
334.017857142857,347.410714285714,30.7285739143609,58,1
331.930612244898,349.159183673469,32.0758336653381,93,1
329.116666666667,350.479166666667,41.4904231859096,95,1
327.525641025641,351.653846153846,41.7690845007484,68,1
324.027777777778,354.643518518519,38.2771252087619,114,1
323.484848484848,355.134199134199,37.2829687466806,47,1
321.276595744681,357.485106382979,36.347202999024,102,1
318.643724696356,358.785425101215,48.2745711321825,106,1
317.185344827586,359.879310344828,46.7662380893,65,1
314.240174672489,362.510917030568,43.0158805654656,111,1
312.782222222222,364.075555555556,35.2772356832877,64,1
310.407725321888,366.103004291845,30.2257627807438,96,1
307.72,368.332,27.3376444825608,113,1
305.506493506493,369.181818181818,35.1745407147558,67,1
302.694835680751,370.582159624413,40.5361077340997,90,1
300.792626728111,372.336405529954,42.3997778580405,56,1
298.762790697674,375.051162790698,42.1129845540773,94,1
297.410041841004,376.326359832636,48.6467207142758,72,1
296.351931330472,376.871244635193,55.2622305171942,52,1
294.091703056769,379.930131004367,59.7413779174535,112,1
293.40990990991,381.27027027027,57.7351062145874,45,1
292.405172413793,383.508620689655,49.0018731957525,100,1
291.270042194093,385.970464135021,42.9049684905688,99,1
290.118942731278,387.339207048458,37.8642537877374,63,1
287.991561181435,388.57805907173,44.5147418534028,95,1
286.883817427386,388.896265560166,47.3832904166078,44,1
286.222641509434,390.769811320755,47.0754229656856,116,1
284.264705882353,393.5625,40.3662201962422,139,1
283.546428571429,394.510714285714,34.3254594947583,54,1
282.189285714286,394.957142857143,35.7860254717963,110,1
281.53220338983,394.898305084746,35.5628011620385,53,1
279.549295774648,394.566901408451,42.5067090979504,111,1
278.788590604027,394.536912751678,44.3212333367334,56,1
278.028368794326,395.219858156028,40.9623856981109,60,1
276.888888888889,395.975694444444,34.5018806926617,94,1
276.541806020067,395.996655518395,32.0805081382619,43,1
276.115511551155,395.739273927393,32.9541817024405,78,1
274.713286713287,396.083916083916,37.557120451347,93,1
273.888059701493,397.179104477612,30.740953750178,54,1
NaN,NaN,NaN,268,1
429.840517241379,238.202586206897,77.3012896354672,NaN,2
429.647577092511,238.264317180617,77.9532163299195,13,2
429.614035087719,238.175438596491,78.2145938634996,7,2
429.569565217391,238.239130434783,78.1733130060954,6,2
429.484716157205,238.244541484716,78.4948505630984,9,2
429.426724137931,238.301724137931,78.4240132348625,7,2
429.402654867257,238.163716814159,78.6112144231598,10,2
429.310344827586,238.288793103448,78.5411203447803,10,2
429.270386266094,238.360515021459,78.8083009963962,7,2
429.179824561404,238.333333333333,78.5934500009287,11,2
429.169565217391,238.408695652174,78.5951966077966,6,2
429.178571428571,238.357142857143,78.8835081266661,8,2
429.210526315789,238.372807017544,79.1594978190906,10,2
429.117391304348,238.521739130435,79.1750575282484,12,2
429.190265486726,238.358407079646,80.6583752011025,22,2
429.375,238.032407407407,81.383783755816,16,2
429.622222222222,237.973333333333,83.9409826319872,45,2
429.582278481013,236.447257383966,81.8638157766244,92,2
429.418032786885,235.16393442623,71.0978645577942,65,2
429.668067226891,232.710084033613,31.4239081277162,118,2
430.392712550607,231.68016194332,26.9228384272255,59,2
433.896396396396,230.072072072072,32.1387477747469,135,2
436.187234042553,229.187234042553,37.0818391489797,129,2
438.781395348837,227.074418604651,36.7083727255802,74,2
442.613861386139,224.475247524752,22.2573716075642,105,2
444.710204081633,222.930612244898,23.4570910388461,79,2
447.719696969697,222.106060606061,22.8726740700111,111,2
452.951807228916,219.975903614458,34.4738893690966,175,2
454.641148325359,220.301435406699,25.0774549770055,90,2
459.265217391304,218.25652173913,23.3199461948518,107,2
460.721518987342,217.649789029536,21.4104360891249,55,2
463.738775510204,216.073469387755,15.7852573947975,94,2
466.513307984791,215.205323193916,18.5428788231953,74,2
469.091603053435,214.400763358779,19.3724478154442,77,2
473.715481171548,212.435146443515,13.8875346616714,135,2
475.440816326531,211.689795918367,6.30787167916699,62,2
479.208510638298,210.459574468085,2.30774389681232,104,2
482.661354581673,209.996015936255,11.8500517876975,104,2
484.796680497925,209.522821576763,17.885211566527,74,2
488.596,208.036,20.7569415621499,105,2
490.450980392157,207.266666666667,17.3693428708691,53,2
493.737704918033,205.651639344262,9.18385080135874,97,2
495.736625514403,204.761316872428,11.4812888124452,71,2
497.120481927711,204.261044176707,14.5875902751551,50,2
500.234042553192,203.123404255319,18.8051319590809,90,2
502.214912280702,202.092105263158,19.1999875926538,59,2
505.703056768559,200.628820960699,14.6283858003887,83,2
507.785714285714,199.330357142857,14.5191722580054,65,2
508.535714285714,199.0625,15.1052369171511,28,2
510.804979253112,198.236514522822,17.176942895437,63,2
512.198347107438,198.157024793388,19.0970844566265,41,2
516.546341463415,196.970731707317,19.470291178213,95,2
519.055555555556,196.319444444444,12.0137327059611,75,2
520.823255813953,196,7.77350629929509,59,2
523.603603603604,195.626126126126,6.22424794865691,87,2
525.072961373391,195.609442060086,7.18418572329815,41,2
529.113122171946,195.638009049774,12.0346197731387,112,2
531.762711864407,195.381355932203,9.45949938578407,83,2
533.205128205128,195.017094017094,6.16204974434625,56,2
537.346846846847,194.337837837838,-0.363258014779768,116,2
537.933884297521,194.161157024793,-1.47804295444307,46,2
540.853174603175,194.186507936508,6.82446001510908,110,2
544.85201793722,193.650224215247,17.2039877665931,143,2
547.090497737557,193.158371040724,17.2505481057181,56,2
551.388059701493,191.875621890547,8.98736441626058,100,2
552.879807692308,191.1875,8.19456292324042,51,2
555.839130434783,190.634782608696,12.7868228766635,98,2
559.645454545455,190.359090909091,18.7900984450448,126,2
561.891402714932,189.782805429864,16.8032707603,55,2
566.095454545455,188.409090909091,10.6243438023148,105,2
567.600877192982,187.763157894737,5.87944947297712,54,2
571.656387665198,186.964757709251,9.47654251804497,95,2
574.983870967742,186.487903225806,16.2435070504612,109,2
577.416666666667,186.154166666667,14.9012041852242,62,2
581.85593220339,185.440677966102,11.8667736993105,110,2
583.836820083682,184.719665271967,5.59758975562368,57,2
587.911016949153,183.847457627119,-1.61416584840144,105,2
591.656779661017,184.080508474576,2.35728639624345,100,2
593.15611814346,184.147679324895,3.26831177202544,45,2
597.393162393162,184.311965811966,7.21666924674285,107,2
599.694323144105,184.013100436681,5.89191311819179,55,2
603.418181818182,182.836363636364,-3.26808103540646,119,2
606.026200873362,182.480349344978,-2.27268218166705,93,2
607.941964285714,182.727678571429,1.42989403100581,53,2
611.929203539823,182.853982300885,2.42638400526458,104,2
613.351351351351,183,4.03543831736908,46,2
616.588744588745,182.437229437229,0.127471636044896,105,2
602,185,0,99,2
622.201754385965,181.969298245614,-1.98887437350016,42,2
625.021459227468,182.064377682403,3.25065973546525,69,2
626.396624472574,182.464135021097,5.07901375916271,56,2
630.556034482759,181.991379310345,4.57978405061198,105,2
633.37037037037,181.135802469136,-2.83826865308603,107,2
635.9375,180.790178571429,-6.80955545262912,67,2
639.077922077922,181.064935064935,-2.74825436681226,91,2
639.878661087866,181.087866108787,-1.25072831750744,38,2
643.454545454545,181.566115702479,4.80100860929859,97,2
647.083665338645,181.430278884462,3.3894782621558,91,2
648.549180327869,180.922131147541,1.61244294931979,57,2
651.586345381526,180.192771084337,-4.08189943254116,105,2
652.477911646586,180.168674698795,-1.59525468647299,50,2
656.321285140562,180.469879518072,5.5138106177128,126,2
659.443548387097,180.79435483871,6.23844827526071,91,2
661.618644067797,180.28813559322,0.749000505928747,78,2
665.042016806723,179.718487394958,-6.09028044470206,98,2
666.791836734694,179.518367346939,-9.05650812680781,63,2
667.201550387597,179.771317829457,-5.09192413159848,93,2
666.693140794224,179.696750902527,-3.66573722963871,67,2
666.762589928058,179.884892086331,-4.342560327598,41,2
667.309433962264,180.192452830189,0.329841052700639,71,2
667.367816091954,180.252873563218,1.45254436450828,44,2
667.723880597015,180.223880597015,0.483036583161045,59,2
667.527472527473,180.520146520147,0.375461524405587,55,2
667.490774907749,180.258302583026,2.30505446283251,38,2
668.192452830189,180.433962264151,5.52594840324782,56,2
668.363636363636,180.496212121212,6.2262813034553,31,2
668.132352941176,180.985294117647,6.19653873537303,56,2
667.884328358209,180.861940298507,7.18444613830177,56,2
667.101123595506,180.625468164794,5.72842987725751,49,2
666.421985815603,180.056737588652,5.09280038445821,85,2
NaN,NaN,NaN,282,2
398.239631336406,239.230414746544,63.4732620489007,NaN,3
398.190697674419,239.311627906977,63.738240623198,6,3
398,239.469483568075,64.2714381368553,6,3
397.990610328639,239.370892018779,64.1620230254218,8,3
397.981308411215,239.355140186916,63.9798226250386,9,3
397.86320754717,239.594339622642,64.0321870705692,14,3
397.843601895735,239.526066350711,64.3928513749874,7,3
397.882075471698,239.433962264151,63.8583454279433,7,3
397.972350230415,239.193548387097,63.8560426327284,11,3
397.99537037037,239.24537037037,63.6225992718921,11,3
397.764150943396,239.528301886792,62.9604483914273,22,3
397.869158878505,239.406542056075,62.94849721597,6,3
398.065789473684,239.118421052632,61.8976500938405,56,3
397.914285714286,238.563265306122,67.9114279120126,75,3
397.385593220339,238.89406779661,84.0776402615323,57,3
396.741666666667,239.070833333333,-78.3932496857201,110,3
396.667924528302,239.11320754717,-77.7354338589753,57,3
396.916349809886,240.551330798479,-74.0892003500567,132,3
398.03431372549,246.053921568627,-67.051359894934,135,3
398.191919191919,247.050505050505,-70.8128092458198,54,3
394.303571428571,220.428571428571,-4.0039516634899,137,3
393.513157894737,219.763157894737,-7.61178511338807,63,3
393.847457627119,217,-7.18224936840448,149,3
389.24,214.4,-2.82482243410392,148,3
397.211206896552,251.340517241379,44.2593814216969,81,3
395.882845188285,252.196652719665,41.0146562192206,73,3
395.093617021277,252.68085106383,41.0768686654628,36,3
392.467592592593,254.569444444444,37.8676105051327,77,3
389.755656108597,255.733031674208,39.26988669216,73,3
388.502262443439,256.339366515837,35.3273513220756,32,3
386.792207792208,256.939393939394,29.863319143043,62,3
385.504385964912,257.412280701754,23.8915838611709,39,3
383.369918699187,258.475609756098,16.3440574396859,66,3
379.119815668203,259.147465437788,15.7819441058771,113,3
377.584474885845,259.488584474886,17.1227783409133,52,3
373.855072463768,260.004830917874,29.3383279166098,92,3
372.456730769231,260.480769230769,28.673315915571,41,3
369.89552238806,261.169154228856,25.9624549876199,73,3
367.319634703196,261.89497716895,18.892981313566,60,3
366.142222222222,262.133333333333,14.9478215570149,42,3
362.644736842105,262.859649122807,10.6025835681399,93,3
360.833333333333,263.157657657658,9.98228677616483,44,3
357.18691588785,263.663551401869,15.2721271181937,92,3
353.756097560976,264.170731707317,18.9419984599313,89,3
351.035532994924,264.781725888325,18.9181444313743,60,3
349.631818181818,265.131818181818,13.8671747893021,67,3
348.059633027523,265.619266055046,9.02233357320616,36,3
344.913242009132,266.401826484018,4.59854347875838,93,3
342.106666666667,266.915555555556,7.3356210887093,72,3
340.459090909091,266.890909090909,11.0359750545852,49,3
337.473451327434,267.575221238938,21.0158919490075,94,3
336.066666666667,267.782222222222,23.1552689648686,53,3
332.320754716981,269,23.1819554065395,85,3
329.70796460177,270.008849557522,16.4754438827154,80,3
328.192139737991,270.711790393013,14.2761454054428,55,3
325.263636363636,271.6,8.76335620026948,77,3
323.799126637555,272.126637554585,11.3161161301575,51,3
320.532751091703,272.502183406114,20.7207292006401,92,3
317.534246575342,273.34703196347,18.273069478668,94,3
315.616071428571,273.816964285714,19.3141515069789,49,3
312.927927927928,274.540540540541,12.0471355539015,80,3
311.407239819005,275.009049773756,9.23737698430494,43,3
308.075892857143,275.607142857143,3.7853513571104,103,3
304.634782608696,275.873913043478,8.75644253904665,92,3
302.697368421053,275.921052631579,13.4815832735336,58,3
299.957081545064,276.214592274678,14.2627343171932,93,3
298.415584415584,276.354978354978,13.4411092908015,46,3
295.300925925926,277.162037037037,5.81627086070386,105,3
291.833333333333,277.785087719298,-1.89329701137427,102,3
290.55601659751,277.871369294606,-1.79769382699966,57,3
287.336134453782,277.647058823529,5.28692168231696,109,3
285.452586206897,277.672413793103,9.28767068287121,68,3
281.973799126638,277.724890829694,10.9679796895285,93,3
278.80701754386,278.390350877193,5.69622926444493,97,3
277.340517241379,278.512931034483,4.21068920660031,42,3
273.149321266968,279.384615384615,-0.325742229955915,107,3
272.43829787234,279.36170212766,1.12097529773721,40,3
269.550218340611,279.340611353712,6.02249475473252,96,3
266.13963963964,279.617117117117,11.68170011413,87,3
264.271111111111,279.586666666667,12.0820915562167,61,3
261.960869565217,280.047826086957,6.69154706728779,85,3
260.587719298246,280.482456140351,2.94456685866302,56,3
257.225531914894,281.263829787234,-7.44349577700571,117,3
254.437751004016,281.036144578313,-2.3762295993665,106,3
253.053941908714,280.858921161826,2.7732928753533,66,3
249.522821576763,280.879668049793,8.67917517131014,108,3
248.110204081633,280.922448979592,10.1335927982432,50,3
244.691666666667,281.620833333333,6.14041872778748,103,3
241.987341772152,282.31223628692,1.99682563111562,91,3
240.108695652174,282.7,-1.39709543760917,59,3
237.809128630705,282.97510373444,1.66281878960884,101,3
236.996078431373,282.933333333333,2.978729807393,52,3
233.8625,283.025,9.1318778438676,113,3
231.080971659919,283,14.6993652363344,111,3
229.634453781513,283.584033613445,10.1149514771852,59,3
226.906504065041,284.077235772358,5.49322574249937,106,3
225.327935222672,284.663967611336,-0.677970698428522,69,3
221.789029535865,284.911392405063,-4.05840022369384,120,3
219.630081300813,284.772357723577,-0.827066269133188,93,3
218.381526104418,284.85140562249,0.778036946505548,57,3
215.536585365854,284.565040650407,7.80333445043438,97,3
213.935606060606,284.299242424242,11.6496165564264,68,3
211.132075471698,284.607547169811,5.45393164421292,149,3
208.063291139241,286.135021097046,1.99341831487864,126,3
206.891213389121,286.435146443515,0.450979257033687,56,3
204.121338912134,286.682008368201,5.13970317561125,104,3
203.301587301587,286.650793650794,7.23795290662521,53,3
200.701550387597,286.759689922481,15.2845650936528,122,3
198.030188679245,287.222641509434,18.9079450934787,121,3
196.785714285714,287.960317460317,14.5783168956751,67,3
194.230769230769,289.060728744939,8.89024113138697,97,3
192.515625,289.56640625,5.61807067755715,77,3
189.901140684411,289.901140684411,2.34672247115269,119,3
187.213740458015,289.919847328244,8.99601845539809,131,3
185.842696629213,290.01872659176,10.8155031182538,69,3
183.113553113553,290.710622710623,15.0873814293302,130,3
181.872262773723,291.171532846715,14.5263132353786,61,3
179.084210526316,291.645614035088,5.05972033714983,127,3
176.42238267148,292.397111913357,-3.89080278673465,166,3
175.007782101167,292.785992217899,-3.53553495100729,74,3
173.374570446735,292.580756013746,-2.57603559976616,100,3
172.407166123778,292.615635179153,0.958399813342124,74,3
169.677524429967,292.882736156352,6.56518231988601,150,3
166.876288659794,293.756013745704,10.773541183653,156,3
165.570934256055,294.051903114187,7.13583605816815,66,3
163.477611940299,294.444029850746,1.94896010085971,118,3
162.648745519713,295.179211469534,-1.47196440867054,64,3
161.544827586207,295.358620689655,-1.67878800647538,99,3
159.590909090909,295.560606060606,6.87783590674807,108,3
158.214559386973,295.130268199234,8.62835404524706,71,3
156.142857142857,294.976833976834,11.6057252713333,84,3
155.11328125,294.81640625,13.420036516489,45,3
152.008733624454,295.646288209607,8.71954121893415,91,3
150.337606837607,296.397435897436,-0.883454987444518,87,3
149.949790794979,296.564853556485,-4.01886977201428,41,3
149.165254237288,296.690677966102,-8.35164002971275,55,3
149.428571428571,297.044897959184,-12.3804536786562,35,3
149.530120481928,296.751004016064,-14.0490209727445,56,3
149.444029850746,296.391791044776,-13.4890627331701,53,3
148.280991735537,296.090909090909,-13.5017054855666,42,3
145.741071428571,295.339285714286,-15.9402234284175,76,3
144.215596330275,295.48623853211,-26.5572344368355,40,3
144.430379746835,295.451476793249,-37.5834137355126,75,3
144.479508196721,295.422131147541,-42.0269428620614,47,3
144.542510121457,295.376518218623,-42.567143043709,21,3
144.44398340249,295.157676348548,-45.8067140592117,42,3
144.095833333333,294.754166666667,-48.9892772648255,29,3
144.050420168067,294.113445378151,-51.0737784588725,34,3
144.6,294.247058823529,-50.6857350049193,37,3
NaN,NaN,NaN,255,3
407.355769230769,229.966346153846,-19.7314237672015,NaN,4
407.516587677725,230.004739336493,-20.6006203765073,15,4
407.6038647343,229.932367149758,-19.8037380775447,18,4
407.77619047619,229.933333333333,-20.3657841223552,17,4
407.587962962963,229.944444444444,-22.2214433426004,18,4
407.514150943396,229.617924528302,-20.7891084911406,20,4
407.402843601896,229.582938388626,-20.4676849291544,15,4
407.523364485981,229.607476635514,-20.489897978459,13,4
407.62441314554,229.535211267606,-22.3466911524629,13,4
407.730769230769,229.461538461538,-20.7582175796688,13,4
407.708333333333,229.337962962963,-23.0040490833304,16,4
407.603773584906,229.037735849057,-20.826050011947,18,4
407.397260273973,228.89497716895,-22.2456497247572,19,4
407.36320754717,228.86320754717,-22.5773274141335,13,4
407.661971830986,228.741784037559,-22.9889597228494,15,4
407.47247706422,228.743119266055,-22.7204636733489,9,4
407.55980861244,228.799043062201,-23.0545291330284,13,4
407.572769953052,228.840375586854,-23.1743805237786,12,4
407.547169811321,228.641509433962,-23.0255575521636,11,4
407.302752293578,228.45871559633,-23.2824785807492,18,4
407.31308411215,228.504672897196,-23.7644001843218,10,4
407.064220183486,228.293577981651,-23.8030419934137,10,4
407.12676056338,228.267605633803,-23.5292810410078,11,4
407.06334841629,228.095022624434,-23.6119972669503,8,4
406.990610328639,228.239436619718,-23.284181113611,14,4
407.109090909091,228,-23.7593794232337,21,4
407.334862385321,228.096330275229,-23.646225412704,12,4
407.075892857143,227.986607142857,-23.5105901470985,16,4
407.13698630137,227.954337899543,-23.9716529903307,11,4
407.084905660377,228.070754716981,-23.6655844195653,13,4
407.282407407407,228.12037037037,-23.7450217327814,10,4
407.070796460177,227.898230088496,-23.6664600304263,20,4
407.088888888889,227.853333333333,-24.2731332073822,11,4
407.371040723982,228.20814479638,-23.9896000028977,18,4
407.184210526316,227.973684210526,-24.7908879701953,13,4
407.04954954955,227.783783783784,-24.3703720358813,8,4
407.142201834862,227.857798165138,-23.736011723818,6,4
407.137777777778,227.791111111111,-23.3865473779365,9,4
407.266968325792,227.85520361991,-23.4045785001577,8,4
407.268518518519,227.87037037037,-23.0443389670325,11,4
407.344186046512,227.911627906977,-22.9476784377652,9,4
407.295964125561,227.7533632287,-23.7346169463771,16,4
407.263392857143,227.700892857143,-24.1948469967774,13,4
407.120535714286,227.544642857143,-23.8468846223721,18,4
407.199115044248,227.407079646018,-23.7066622928392,16,4
407.151111111111,227.355555555556,-23.2645825649115,11,4
407.058823529412,227.402714932127,-23.811196141336,16,4
406.936073059361,227.219178082192,-23.9569314767145,12,4
406.941704035874,227.125560538117,-24.0845618889399,16,4
407.013100436681,227.174672489083,-24.8469216346072,16,4
407.25,227.290909090909,-25.3083085619305,13,4
407.194690265487,226.991150442478,-25.2078362035392,24,4
407.350427350427,226.901709401709,-26.7233363272382,26,4
407.386363636364,227.095454545455,-26.4561995504076,24,4
407.81220657277,227.586854460094,-30.6077452904566,41,4
408.402985074627,227.900497512438,-31.7674076706164,22,4
409.130890052356,228.486910994764,-32.8798594971588,32,4
410.12972972973,229.145945945946,-36.8524226353997,48,4
410.184210526316,229.094736842105,-36.4352191759692,27,4
411.755208333333,230.020833333333,-37.7221594669147,48,4
412.14358974359,230.184615384615,-37.5964360711612,31,4
413.487684729064,231.182266009852,-34.4524354595815,50,4
413.995515695067,232.013452914798,-34.4990958825299,46,4
414.334905660377,232.405660377358,-34.8350344863267,25,4
416.151515151515,234.045454545455,-38.9719833842088,70,4
417.215789473684,234.642105263158,-46.3070515582985,58,4
420.178010471204,237.219895287958,-49.0613250751297,81,4
421.607655502392,238.866028708134,-40.5316879423187,64,4
422.151376146789,239.587155963303,-36.6496848912125,27,4
423.703539823009,241.119469026549,-33.500904062921,66,4
425.117391304348,242.404347826087,-36.4599378364392,56,4
428.568527918782,245.096446700508,-38.367273716291,117,4
431.942708333333,247.369791666667,-38.0414047720416,97,4
433.089108910891,248.20297029703,-33.1465866446826,40,4
435.395348837209,250.074418604651,-27.3765050253818,71,4
436.31223628692,250.886075949367,-28.2477188548288,38,4
440.031818181818,252.963636363636,-33.9139680931759,111,4
442.851162790698,254.693023255814,-43.250836564383,87,4
444.548076923077,255.961538461538,-41.9651668040077,71,4
448.019607843137,258.794117647059,-39.5028317415659,94,4
449.028571428571,259.814285714286,-35.9257871490753,36,4
451.022624434389,261.696832579186,-37.2151245969011,63,4
453.790178571429,263.65625,-47.8513329250265,87,4
455.470588235294,265.186274509804,-49.7351894424797,74,4
458.813186813187,268.703296703297,-55.1666152598683,104,4
460.153005464481,270.142076502732,-53.413485045105,41,4
461.595238095238,272.133333333333,-47.0129337462505,73,4
463.232876712329,274.712328767123,-45.8989308530108,71,4
464.495192307692,275.677884615385,-47.403721787503,49,4
466.906862745098,278.622549019608,-50.4647432208886,94,4
468.534031413613,280.178010471204,-50.4217713847168,55,4
471.203980099502,282.606965174129,-50.8873356473421,76,4
472.94495412844,284.48623853211,-45.734871511303,73,4
474.014354066986,285.842105263158,-41.7427501847135,41,4
476.421052631579,287.808612440191,-43.0115764257406,82,4
477.217592592593,288.476851851852,-47.4536500629656,49,4
480.126315789474,291.2,-45.7610158067777,100,4
483.288770053476,293.967914438503,-51.2576883565026,81,4
483.958333333333,294.838541666667,-47.784033368081,35,4
485.270531400966,296.173913043478,-46.1708151231903,57,4
486.071748878924,297.372197309417,-47.5657739079754,44,4
488.683720930233,300.046511627907,-51.1354260464165,98,4
491.283582089552,303.024875621891,-52.6857760724935,94,4
493.059139784946,304.881720430108,-53.8631615802241,53,4
494.829896907216,306.721649484536,-48.1599355121742,72,4
495.413145539906,307.539906103286,-45.8199621598221,45,4
497.523364485981,310.014018691589,-44.3385319117588,75,4
500.059701492537,312.721393034826,-46.3012524821207,87,4
501.210256410256,313.610256410256,-47.1662710767088,42,4
504.089005235602,316.329842931937,-50.9809266198167,82,4
505.872340425532,318.11170212766,-52.7646949090141,49,4
507.259803921569,319.740196078431,-49.3471411009179,60,4
508.775330396476,321.594713656388,-45.2213718316188,75,4
510.197247706422,323.220183486239,-46.2411382052622,57,4
512.279279279279,324.972972972973,-53.7777035399238,98,4
513.094650205761,325.506172839506,-60.0564911983103,53,4
515.677570093458,328.546728971963,-61.1738001177809,109,4
517.855769230769,331.788461538462,-51.8856304187601,108,4
518.540669856459,332.282296650718,-49.5032665696889,35,4
520.566666666667,334.838095238095,-47.8436374544353,85,4
521.789719626168,336.359813084112,-47.5436742287197,50,4
524.014084507042,338.732394366197,-51.2216395564664,87,4
526.230769230769,340.556561085973,-55.5542517122567,104,4
528.650273224044,343.032786885246,-56.7635586841231,78,4
530.180904522613,344.909547738693,-45.2185913698411,68,4
530.822727272727,345.618181818182,-42.751772747883,41,4
533.072072072072,347.761261261261,-40.2958118700717,86,4
535.52422907489,349.95154185022,-43.3371482482776,101,4
536.924882629108,351.276995305164,-46.0184286915382,60,4
539.55,353.725,-49.5475245325057,97,4
541.062200956938,355.047846889952,-54.1506557772752,51,4
543.463414634146,357.673170731707,-51.2054075323485,92,4
544.972093023256,359.218604651163,-49.1736027716862,64,4
545.663461538462,360.182692307692,-44.8626660687234,31,4
547.918552036199,362.515837104072,-46.5694810574214,97,4
548.512396694215,362.962809917355,-48.2185385975835,53,4
551.521008403361,364.831932773109,-58.4670487821485,122,4
553.573333333333,367.782222222222,-50.1311286836191,119,4
554.279279279279,368.536036036036,-45.2931894815078,45,4
556.609090909091,370.331818181818,-40.7897048989549,90,4
557.924107142857,371.866071428571,-39.4074202944402,58,4
560.125560538117,374.264573991031,-36.7548623054481,91,4
562.461206896552,375.806034482759,-44.1508814862888,101,4
563.849557522124,376.58407079646,-49.775399224077,62,4
565.963133640553,378.562211981567,-52.0139909416196,83,4
567.215962441315,379.600938967136,-53.1084408890571,46,4
568.710526315789,381.587719298246,-49.8286966859181,67,4
570.36866359447,383.760368663594,-48.8500565593567,77,4
571.767772511848,385.578199052133,-46.9292786434511,56,4
573.256880733945,386.949541284404,-53.9521750125649,83,4
573.66814159292,387.672566371681,-54.4950530827636,52,4
575.830985915493,390.169014084507,-56.5453398355491,103,4
577.841860465116,391.674418604651,-53.9847284006957,82,4
578.391111111111,392.568888888889,-49.5237459043135,44,4
580.300925925926,394.837962962963,-41.4723092270546,93,4
581.299539170507,396.032258064516,-36.9895866000408,49,4
583.172,396.224,-31.6248387995714,91,4
584.71102661597,396.12927756654,-29.7568501077899,79,4
585.555102040816,396.644897959184,-28.3230099814355,48,4
587.474789915966,397.348739495798,-25.2417119107752,61,4
587.432098765432,397.572016460905,-22.3032464126257,31,4
588.491869918699,397.906504065041,-17.5043317264147,41,4
591.339534883721,399.274418604651,-4.69792737467526,99,4
592.237668161435,399.690582959641,-1.40050367669966,46,4
594.6,400.017391304348,2.33063243332097,69,4
595.5,399.879310344828,1.53974345142687,26,4
596.858369098713,399.49356223176,0.988998836758727,55,4
598.776785714286,399.138392857143,-3.49659986025966,53,4
600.241860465116,399.023255813953,-3.98366757436082,43,4
602.24200913242,398.799086757991,-5.39905218802806,62,4
602.954751131222,398.819004524887,-3.15264540358211,32,4
604.883408071749,398.910313901345,3.05016088365223,66,4
608.341232227488,399.104265402844,9.3837436278943,96,4
610.47263681592,398.721393034826,9.25727610636175,46,4
611.841860465116,398.516279069767,3.30107539783041,48,4
612.554054054054,398.31981981982,-1.87261234770856,31,4
614.180487804878,398.29756097561,-6.60380058671628,57,4
615.357142857143,398.052380952381,-12.2878183347567,43,4
616.288461538462,398.043269230769,-14.6800738628981,26,4
617.560975609756,398.268292682927,-17.1395284172045,41,4
618.033653846154,398.225961538462,-18.2563268810952,17,4
619.438095238095,398.604761904762,-15.9219283564713,48,4
621.469387755102,399.244897959184,-12.7798821971432,56,4
621.66,399.29,-11.3096248648973,18,4
623.578125,399.541666666667,-8.43014379865974,50,4
624.13567839196,399.412060301508,-7.40818318427653,29,4
624.560747663551,399.032710280374,-10.602017739837,43,4
626.040178571429,398.888392857143,-12.6124353360467,50,4
626.736842105263,398.69298245614,-12.7129457808889,34,4
627.823008849557,398.87610619469,-6.26500409354806,54,4
628.885321100917,398.967889908257,-2.71078304768808,32,4
631.632653061224,399.255102040816,13.252538876576,92,4
634.664974619289,399.02538071066,19.7604630775805,59,4
636.014925373134,398.830845771144,17.6289893675059,34,4
636.903669724771,398.48623853211,11.6685360886471,47,4
637.873831775701,398.135514018692,4.92841420143852,30,4
639.117647058824,397.886877828054,-3.9555733207736,47,4
640.542986425339,397.393665158371,-12.2081431783641,52,4
641.420560747664,397.369158878505,-15.283827360725,35,4
644.028846153846,397.668269230769,-23.9479848263938,66,4
644.952380952381,397.766666666667,-24.710710968895,32,4
646.067873303167,398.004524886878,-22.1339592451211,53,4
648.14,398.965,-18.8591025828514,79,4
649.274111675127,399.517766497462,-14.7346568663116,31,4
651.636363636364,400.075757575758,-1.09569533768011,59,4
651.837320574163,400.043062200957,0.415875866197824,19,4
652.735159817352,399.817351598174,2.33633719630012,40,4
654.174887892377,399.47533632287,3.81479604813602,44,4
