450.674796747967,256.292682926829,-5.09095994373622,NaN,1
450.682170542636,256.37984496124,-6.04445517679402,8,1
450.746031746032,256.396825396825,-6.06327762899854,5,1
450.784615384615,256.415384615385,-5.66574105664058,6,1
450.653225806452,256.411290322581,-5.2667392429145,8,1
450.4921875,256.4140625,-5.6818248965235,6,1
450.626865671642,256.582089552239,-5.53024333864499,8,1
450.885245901639,256.524590163934,-4.16199076972475,12,1
451.047244094488,256.669291338583,-4.18778259823606,11,1
450.859375,256.6171875,-3.27554193278823,11,1
451.0859375,256.71875,-3.10925409064057,6,1
451.184,256.76,-2.52609360501553,9,1
451.228346456693,256.787401574803,-2.52934123705897,6,1
451.230769230769,256.823076923077,-1.79891858416774,5,1
451.255813953488,256.806201550388,-2.41432743999645,5,1
451.0703125,256.8359375,-2.37457788775682,11,1
450.901515151515,256.833333333333,-2.45305603559145,4,1
451.472,256.976,-0.31024574448792,15,1
451.571428571429,256.992063492063,-0.419034685857789,5,1
452.247863247863,257.179487179487,-13.6159116290756,43,1
453,257.333333333333,-55.8900638708799,58,1
453.781818181818,258.609090909091,-58.232159067327,29,1
455.247706422018,260.954128440367,-34.5701840818232,61,1
455.823529411765,261.336134453782,-26.8017516727055,22,1
458.014925373134,262.328358208955,-25.080344939225,71,1
462.291338582677,264.330708661417,-37.6240101987404,77,1
464.068702290076,265.152671755725,-33.8424727518545,34,1
468.70796460177,267.743362831858,-26.704990117559,94,1
470.252100840336,268.72268907563,-34.6268074400389,40,1
473.477876106195,271.300884955752,-61.2202996971611,80,1
476.240740740741,275.027777777778,-59.9928360845075,73,1
477.30303030303,276.535353535354,-51.680807889043,35,1
480.107843137255,279.78431372549,-61.489400792474,83,1
481.101851851852,281.546296296296,-74.4094283700159,42,1
482.723214285714,285.080357142857,-81.1294828050086,74,1
483.385321100917,288.504587155963,-65.1603369097972,81,1
484.546511627907,291.139534883721,-70.7907184518263,39,1
485.165048543689,293.504854368932,-78.3240445427103,47,1
485.769911504425,295.575221238938,-78.1856888297675,38,1
486.280303030303,298.189393939394,-67.8612130396652,73,1
488.050505050505,303.656565656566,-86.6749945095057,87,1
488.307692307692,304.714285714286,-88.1909517074933,22,1
488.701923076923,308.057692307692,-84.069818424493,65,1
488.925,310,-78.6048322964069,50,1
489.274336283186,314.203539823009,88.3598461293892,67,1
489.315315315315,318.027027027027,78.5117575941026,74,1
489.232142857143,319.392857142857,85.6871020973752,31,1
489.018691588785,323.457943925234,-89.7777937133128,71,1
488.72972972973,325.432432432432,83.6107058084759,34,1
488.053571428571,329.080357142857,72.4275986481373,69,1
487.230769230769,332.504273504273,83.3225826992879,63,1
486.863636363636,333.954545454545,81.4246462180093,33,1
486.118279569892,337.193548387097,67.6954223584976,63,1
485.303571428571,339.526785714286,65.760722585631,45,1
484.228070175439,342.947368421053,78.1066631764083,62,1
483.279279279279,346.432432432432,78.6307252715859,65,1
482.708737864078,348.233009708738,65.796311334601,34,1
481.393939393939,351.151515151515,55.4275457267861,54,1
480.681415929204,353.150442477876,63.9122058483215,38,1
479,356.945454545455,69.4214839671097,65,1
477.423423423423,359.837837837838,56.2293508608834,61,1
476.29347826087,361.54347826087,52.2632011209821,35,1
474.941747572816,364.378640776699,64.3228920953598,57,1
473.826923076923,366.269230769231,68.7791368321158,39,1
472.055555555556,369.546296296296,52.0326692228573,60,1
469.953271028037,372.308411214953,49.090692209631,59,1
469.21,373.05,50.3519198285558,21,1
466.408602150538,377.279569892473,52.6092236558219,75,1
465.875,377.951923076923,50.4588823138234,21,1
463.653846153846,380.894230769231,44.5647655992655,60,1
461.522935779817,383.532110091743,57.9447361787318,57,1
460.088235294118,385.323529411765,54.0508710853255,35,1
457.713235294118,389.676470588235,43.1799097870404,92,1
457.101265822785,390.898734177215,41.8375134076373,52,1
455.554347826087,393.353260869565,25.7044599586299,82,1
453.508287292818,394.745856353591,11.546686994404,65,1
452.59693877551,395.066326530612,12.6271855998513,31,1
451.038647342995,395.565217391304,5.73064037129549,57,1
449.808333333333,395.408333333333,1.63226091783029,45,1
448.556420233463,395.599221789883,3.32541881735707,57,1
444.57037037037,395.840740740741,-2.74379726972114,113,1
443.25306122449,396.036734693878,-1.05691177863147,55,1
441.532751091703,396.139737991266,-0.225330503277894,60,1
439.804255319149,396.017021276596,-0.31636453404767,44,1
438.709401709402,395.74358974359,4.31054872765236,93,1
435.259433962264,396.344339622641,-0.546239607094426,72,1
434.230046948357,396.30985915493,-1.46606426092989,43,1
NaN,NaN,NaN,213,1
419.928571428571,219.375,-84.3587165842209,NaN,2
419.945454545455,219.272727272727,-84.7221091221688,2,2
419.918181818182,219.209090909091,-84.7174637386764,2,2
419.945454545455,219.272727272727,-84.7221091221688,2,2
420.11214953271,219.373831775701,-86.4647993355938,5,2
420.114285714286,219.095238095238,-85.3216740632484,4,2
420.153846153846,219.192307692308,-85.9050882007947,3,2
420.228571428571,219.27619047619,-85.0194469077535,3,2
420.201923076923,219.163461538462,-85.5069379965648,1,2
420.348623853211,219.100917431193,-86.2050760776162,5,2
420.449541284404,219.238532110092,-85.9356428629383,4,2
420.527272727273,219.081818181818,-85.1936652438053,7,2
420.590909090909,218.672727272727,-86.7019581809527,20,2
420.614678899083,218.48623853211,-86.2028637162722,15,2
421.046875,219.140625,-89.9273396183112,49,2
420.838983050847,217.508474576271,79.400245577958,36,2
421,216.752066115702,87.948570984921,23,2
421.336134453782,215.134453781513,-75.0440082165944,52,2
421.18253968254,213.47619047619,-67.8300492775251,37,2
420.33606557377,210.680327868852,-88.6586448435361,66,2
420.627118644068,207.254237288136,68.6440132451942,66,2
421.207547169811,206.245283018868,71.0526818258442,30,2
422.397959183673,201.918367346939,76.0953270447938,70,2
422.820754716981,200.198113207547,72.4315302643898,32,2
423.919191919192,196.191919191919,47.8287000534569,81,2
426.04,193.3,61.2454942288683,63,2
426.5,192.274509803922,61.8240955121596,26,2
428.411111111111,188.477777777778,56.8447197790192,64,2
429.469387755102,186.724489795918,50.6344180643328,34,2
430.74,184.59,52.2295932850569,48,2
432.545454545455,182.4,62.4493333830066,52,2
433.89898989899,180.626262626263,55.1616982451604,37,2
435.785714285714,178.19387755102,38.7596293772962,57,2
436.519607843137,177.460784313725,36.7132819887809,24,2
438.532110091743,175.495412844037,47.215455681767,49,2
440.820754716981,173.349056603774,54.3585555079225,55,2
441.766355140187,172.383177570093,44.4845782229404,27,2
443.758928571429,170.6875,31.816068822222,55,2
444.849557522124,169.964601769911,26.6354258937189,29,2
447.324786324786,168.452991452991,31.2397745976685,58,2
449.75,166.965517241379,39.4840697043915,51,2
450.950413223141,166.355371900826,37.04929740805,29,2
453.341463414634,164.934959349593,29.8331993891837,64,2
454.333333333333,164.316666666667,25.793900151377,23,2
457.398230088496,162.743362831858,20.0706247063944,57,2
460.09649122807,161.710526315789,30.9921453115017,63,2
461.710526315789,160.947368421053,31.7832605608246,32,2
464.372727272727,159.590909090909,25.1591185970953,54,2
465.55652173913,159.139130434783,20.0424009300402,27,2
468.725663716814,157.681415929204,15.795443419907,56,2
471.358974358974,156.709401709402,24.2287447275183,50,2
472.90350877193,156.035087719298,24.6623210532161,27,2
476.051724137931,154.681034482759,25.0758644034467,54,2
477.228070175439,153.885964912281,22.004707209989,28,2
479.457627118644,152.754237288136,14.545216589742,54,2
482.433333333333,151.375,17.9877892539769,56,2
484.1,150.791666666667,23.5083593443862,34,2
486.921052631579,149.315789473684,20.4162541162782,62,2
488.525423728814,148.661016949153,20.1436019406177,30,2
491.217391304348,147.391304347826,9.90289473244443,59,2
494.607142857143,146.178571428571,11.589860838501,59,2
496.278260869565,145.591304347826,18.4599225792454,35,2
499.327731092437,144.386554621849,23.8849635112948,56,2
500.906779661017,143.754237288136,21.5194389097939,29,2
503.923728813559,142.508474576271,9.8047192542755,58,2
507.042372881356,141.516949152542,11.4193561274783,56,2
508.657407407407,141.12962962963,16.1095635873039,32,2
511.542372881356,139.85593220339,19.7797802448236,54,2
513.504424778761,139.309734513274,19.2869844961838,35,2
516.116666666667,138.275,12.7769077003877,51,2
518.939130434783,137.24347826087,10.2756906395076,53,2
520.230088495575,136.982300884956,10.5771143710997,22,2
523.238938053097,135.920353982301,21.9213206509,54,2
524.533898305085,135.5,25.4322018690834,29,2
527.285714285714,134.420168067227,17.9714413268358,49,2
530.42735042735,133.418803418803,6.69419013938844,56,2
532.178571428571,133.098214285714,8.88454789165757,29,2
534.841666666667,132.116666666667,14.9137623027967,50,2
536.338983050847,131.898305084746,19.2633666549167,28,2
539.407079646018,131.008849557522,19.8031347936788,53,2
542.077586206897,130.206896551724,11.929690662915,49,2
543.741071428571,129.6875,9.1637521413547,32,2
546.165217391304,129.04347826087,7.53182887323555,43,2
547.691666666667,128.9,15.2886372066008,31,2
550.875,127.964285714286,21.1980043882615,62,2
553.09756097561,127.463414634146,14.3313339798039,43,2
554.495798319328,126.983193277311,8.21910050334224,32,2
557.016949152542,126.550847457627,3.32235807282159,51,2
558.701754385965,126.263157894737,4.99662173214443,30,2
561.208,125.872,13.7146331522717,55,2
564.423728813559,125.305084745763,14.9266785753327,57,2
565.596638655462,124.932773109244,9.57166698546761,31,2
568.793103448276,124.508620689655,2.54655234327926,61,2
569.964912280702,124.298245614035,-2.49407500023609,26,2
572.724137931035,124.043103448276,4.3723191976828,54,2
575.723214285714,123.464285714286,12.4230578146889,62,2
577.330357142857,123.294642857143,14.0318949531838,30,2
579.752293577982,122.761467889908,9.22702804526192,45,2
581.045871559633,122.403669724771,6.63026261967627,32,2
583.830188679245,121.971698113208,3.15856343673272,53,2
586.176991150443,121.637168141593,7.5279716636541,47,2
587.482142857143,121.508928571429,13.727622330207,31,2
590.466019417476,121.029126213592,15.6486459695504,53,2
591.611650485437,120.747572815534,13.8663248388446,22,2
594.245454545455,120.145454545455,4.57489792034195,51,2
596.706422018349,119.614678899083,2.01844888286627,51,2
597.948717948718,119.299145299145,5.90390694725973,24,2
600.911764705882,118.960784313725,12.6917142249121,55,2
601.8,118.772727272727,15.3500957203413,20,2
604.504424778761,118.159292035398,11.6926286136195,47,2
606.481818181818,117.654545454545,6.86562885540251,39,2
607.825688073395,117.403669724771,5.52350561662842,31,2
609.81308411215,117.03738317757,5.17725193063937,40,2
610.805555555556,117.064814814815,5.57461405636415,19,2
612.601851851852,116.796296296296,8.11362515201061,34,2
614.728971962617,116.457943925234,9.29422271649618,33,2
615.669811320755,116.311320754717,8.58996334049444,19,2
617.779816513761,115.889908256881,6.26658587772656,33,2
618.873873873874,115.702702702703,3.89835611894155,18,2
620.276785714286,115.517857142857,3.04296667466863,25,2
622.266055045872,115.385321100917,1.58741407388121,31,2
622.786324786325,115.111111111111,3.45993561647144,18,2
624.09649122807,114.956140350877,3.5640998993568,23,2
625.094827586207,115.068965517241,3.6573509451932,18,2
626.284403669725,114.825688073395,6.8999507748631,25,2
627.846153846154,114.760683760684,6.24997869470308,24,2
628.798245614035,114.798245614035,7.05344319200135,15,2
630.089285714286,114.607142857143,4.70417362891622,24,2
630.779661016949,114.389830508475,6.48815208606851,20,2
632.418803418803,114.230769230769,3.75102429216695,29,2
633.796460176991,114,2.17614740148681,24,2
NaN,NaN,NaN,113,2
402.330357142857,239.116071428571,28.3856745732126,NaN,3
402.543859649123,239,29.0685648517261,8,3
402.829457364341,238.728682170543,35.0414300871849,31,3
403.10447761194,238.619402985075,33.923565689519,25,3
402.803149606299,238.858267716535,47.0011247330014,61,3
401.842975206612,239.710743801653,83.2143627387504,44,3
401.408695652174,241.434782608696,77.2406923184893,34,3
400.53982300885,243.796460176991,68.5937193976905,48,3
400.30701754386,244.657894736842,68.2001884073774,25,3
399.183486238532,247.733944954128,-86.0930452420404,61,3
398.897196261682,250.841121495327,-74.1546448795077,60,3
399.184466019417,252.252427184466,-81.755152588572,26,3
399.076923076923,255.471153846154,85.6384945498404,59,3
399.036036036036,257.765765765766,85.5385447042152,37,3
398.792452830189,261.490566037736,-76.0665926446253,71,3
399.027777777778,264.333333333333,-74.70317898751,48,3
399.240740740741,265.148148148148,-77.6489223578166,20,3
399.742574257426,268.910891089109,-88.3334404378767,61,3
399.872549019608,270.352941176471,-89.3088505165799,25,3
400.127659574468,273.159574468085,-79.7688783958107,42,3
400.346534653465,275.128712871287,-76.7831992728626,35,3
400.35,275.53,-77.0568573983496,11,3
400.640776699029,277.339805825243,-80.9889707025229,27,3
400.813725490196,278.029411764706,-84.1545397826382,13,3
401.060606060606,279.414141414141,-87.4117996849487,21,3
401.276595744681,282.063829787234,-83.4439948284129,39,3
401.340206185567,282.494845360825,-81.9656970863637,9,3
401.47,284.63,-74.2420625885301,31,3
401.611650485437,285.407766990291,-72.3963693635388,15,3
401.961904761905,286.895238095238,-68.7094559094289,26,3
402.388349514563,288.572815533981,-67.527994671633,28,3
402.679611650485,289.572815533981,-70.1323472024144,16,3
403.19801980198,291.485148514851,-73.8417523181895,32,3
403.519230769231,292.173076923077,-75.9170516773953,17,3
403.803921568627,293.78431372549,-76.259917180445,30,3
404.27358490566,295.462264150943,-72.9894486306371,30,3
404.457943925234,296.028037383178,-71.5595867099219,13,3
404.973214285714,297.669642857143,-67.9876028311031,29,3
405.218181818182,298.518181818182,-66.1549513910868,18,3
405.838095238095,300.371428571429,-61.2152301048962,39,3
406.441176470588,301.71568627451,-63.5194541444266,25,3
406.71568627451,302.274509803922,-63.9465758080124,12,3
407.275510204082,303.877551020408,-67.4830189433182,30,3
407.642105263158,304.726315789474,-69.6136632342213,15,3
408.20618556701,306.113402061856,-68.7459092544839,24,3
408.494949494949,307.191919191919,-67.735881792621,16,3
408.89,308.01,-65.2081986914956,17,3
409.287128712871,308.920792079208,-62.0153960634214,17,3
409.62962962963,309.796296296296,-61.6050433793743,17,3
410.145631067961,311.019417475728,-61.3750711258918,27,3
410.747572815534,312.04854368932,-63.920935175764,22,3
410.990196078431,312.539215686275,-63.6657765059709,11,3
411.622641509434,314.150943396226,-66.7303169537872,30,3
411.704761904762,314.533333333333,-65.9951497323487,15,3
412.584158415842,315.891089108911,-64.2144586468454,28,3
412.805825242718,316.553398058252,-63.3871252495513,14,3
413.051020408163,317.020408163265,-60.7388665849281,13,3
413.586538461538,318.269230769231,-59.5465142025658,22,3
413.78,318.65,-58.5979460766956,8,3
414.271844660194,319.553398058252,-54.8119666252723,23,3
414.669902912621,320.485436893204,-56.2812261373118,16,3
414.96,320.95,-54.6394524344286,7,3
415.632075471698,322.103773584906,-57.2024253617788,26,3
415.821782178218,322.50495049505,-57.9233859975288,9,3
416.32380952381,323.27619047619,-57.7289267874231,12,3
416.941176470588,324.578431372549,-57.6017555730698,23,3
417.144230769231,324.836538461538,-56.4193516256107,8,3
417.594339622641,325.537735849057,-56.4681074129638,14,3
417.703703703704,325.768518518519,-56.4397470980357,4,3
417.990654205607,326.233644859813,-55.1474276877219,13,3
418.47619047619,327.114285714286,-54.1199838295277,14,3
418.663551401869,327.514018691589,-54.5137582016048,8,3
419.224299065421,328.299065420561,-53.5241927166989,16,3
419.424528301887,328.433962264151,-52.851888112538,7,3
419.961165048544,329.242718446602,-53.9834179751334,15,3
420.257142857143,329.752380952381,-53.4554497336602,10,3
420.37962962963,329.824074074074,-53.9608065726392,7,3
421.056603773585,330.820754716981,-53.9234780320024,18,3
421.165137614679,331.018348623853,-54.8727106661458,9,3
421.519230769231,331.548076923077,-54.1734545190402,13,3
422.028571428571,332.342857142857,-53.665175641368,15,3
422.2,332.6,-53.1139288557296,6,3
422.519230769231,332.971153846154,-52.0751764014727,9,3
422.759259259259,333.407407407407,-51.0972150133244,10,3
423.161904761905,334,-52.2115540483223,13,3
423.390476190476,334.47619047619,-50.9971164622688,12,3
423.62962962963,334.638888888889,-50.552146721904,13,3
424.298076923077,335.5,-50.2454572843649,16,3
424.352380952381,335.685714285714,-50.6268263330447,7,3
424.564814814815,335.972222222222,-50.2527861279792,9,3
425.086538461538,336.740384615385,-49.3007413672976,16,3
425.333333333333,336.959595959596,-50.6564744175697,9,3
425.534653465347,337.19801980198,-50.3222052880999,10,3
426.067307692308,337.692307692308,-50.9238591647864,11,3
426.375,338.144230769231,-50.5346327111052,8,3
426.788461538462,338.615384615385,-48.708185516576,10,3
426.93137254902,338.794117647059,-48.6553591938211,6,3
427.169811320755,339.169811320755,-49.3548758246945,6,3
427.240384615385,339.317307692308,-49.4026232425623,4,3
428.009523809524,340.266666666667,-50.2662610160334,17,3
428.254716981132,340.528301886792,-50.5790090337378,9,3
428.235849056604,340.424528301887,-50.8401013679648,4,3
428.578431372549,340.892156862745,-49.3829671630869,10,3
428.72380952381,341.209523809524,-51.6267528077295,9,3
428.970588235294,341.588235294118,-50.0944182062981,9,3
429.306930693069,342.108910891089,-50.9701379225222,9,3
429.46,342.3,-51.2590179246674,3,3
429.823529411765,342.588235294118,-51.3507243100624,8,3
430.03,342.89,-52.3380838370877,6,3
430.233009708738,343.252427184466,-52.1256251261889,7,3
430.534653465347,343.524752475248,-51.5957429430145,8,3
430.616161616162,343.585858585859,-51.0986719550847,8,3
430.915094339623,344.028301886792,-52.7694097786366,13,3
431.096153846154,344.259615384615,-52.1495644570717,4,3
431.281553398058,344.417475728155,-51.0404006090967,5,3
431.47572815534,344.640776699029,-51.8495515239086,8,3
431.676470588235,344.843137254902,-50.488712657194,7,3
431.811881188119,345.118811881188,-50.5461138655175,7,3
432.095238095238,345.342857142857,-50.467608434213,10,3
432.330097087379,345.699029126214,-50.9436087558188,8,3
432.342857142857,345.8,-50.5196753960367,4,3
432.509433962264,345.962264150943,-50.7183361736063,3,3
NaN,NaN,NaN,106,3
397.38,226.68,-56.9419762680224,NaN,4
397.38,226.68,-56.9419762680224,0,4
397.336633663366,226.613861386139,-56.9351634500189,1,4
397.28,226.52,-56.7938495557709,1,4
397.28,226.52,-56.7938495557709,0,4
397.316831683168,226.514851485149,-56.6092269607419,1,4
397.480769230769,226.721153846154,-56.1682446182566,3,4
397.663636363636,226.972727272727,-56.4347380409104,8,4
397.885964912281,227.219298245614,-55.8035069246738,10,4
397.936,227.344,-60.484428144958,51,4
398.170731707317,226.813008130081,89.6596236519153,60,4
398.081300813008,226.292682926829,65.6309803020572,28,4
399.349514563107,224.31067961165,59.8503797922419,56,4
399.894230769231,223.615384615385,89.9224038826143,29,4
400.040404040404,221.464646464646,-65.8187753194557,43,4
399.803921568627,219.147058823529,-84.2934974563776,47,4
399.74,218.31,85.2092286398393,32,4
399.910112359551,214.61797752809,89.2598935985089,61,4
399.74,212.99,-79.7621892683271,31,4
399,209.185567010309,-61.9526752944022,67,4
397.615384615385,206.394230769231,-84.6365823077564,65,4
397.173469387755,205.561224489796,-87.382884775921,26,4
396.610526315789,201.526315789474,-83.0195638333835,63,4
396.484848484848,199.989898989899,-73.0599487089601,26,4
395.838383838384,197.838383838384,-75.7847885790033,44,4
395.288659793814,195.567010309278,-89.3646236939958,40,4
395.16,194.61,85.819913843397,19,4
394.95,192.59,78.9786924841329,38,4
395.11,191.24,77.5926410061592,22,4
395.371134020619,189.041237113402,85.051247483118,33,4
395.630434782609,187.195652173913,86.2351498338325,31,4
395.822916666667,186.333333333333,83.7748930133101,18,4
396.119565217391,184.891304347826,75.7371398879751,30,4
396.39175257732,183.628865979381,72.2069733046698,23,4
396.39603960396,182.50495049505,66.1665331081313,32,4
397.036697247706,181.082568807339,66.8580344860101,34,4
397.327102803738,180.345794392523,69.0327249957826,14,4
398.211538461538,178.192307692308,72.8764517017191,33,4
398.70297029703,177.277227722772,73.526842338776,21,4
399.315217391304,175.315217391304,67.5257551543823,31,4
399.834951456311,173.980582524272,60.5924720312068,27,4
400.155339805825,173.31067961165,57.9807770800565,18,4
401.269230769231,171.240384615385,53.1711354584588,41,4
401.747572815534,170.21359223301,54.7495796858687,25,4
403.105263157895,167.915789473684,60.4784517636925,42,4
403.855555555556,166.477777777778,65.1204196054781,29,4
404.382978723404,165.553191489362,64.1564720475511,16,4
405.19387755102,163.959183673469,58.8754607834279,32,4
405.585858585859,163.080808080808,55.2236555109177,17,4
406.147058823529,162.06862745098,50.2005739448717,27,4
407.353535353535,160.141414141414,47.6356202446448,39,4
408.05,159.21,50.1286419606112,17,4
409.298969072165,157.587628865979,56.4816573266393,33,4
409.521276595745,157.212765957447,56.6686111489954,15,4
410.63829787234,155.787234042553,53.815629971494,30,4
411.514563106796,154.728155339806,47.9223427383794,23,4
412.132653061225,154.173469387755,41.78733797598,19,4
413.485148514851,152.752475247525,38.804084067885,35,4
414.230769230769,152.054945054945,34.7294601689762,18,4
415.387096774194,150.838709677419,37.2597739558173,30,4
417.061855670103,149.443298969072,43.9482383928617,32,4
417.990291262136,148.796116504854,49.2793233630818,20,4
419.367346938775,147.040816326531,45.9088098738923,41,4
419.757281553398,146.699029126214,43.1448921140062,17,4
420.925925925926,145.62962962963,37.0951635745541,29,4
422.601941747573,144.242718446602,31.4630967843637,39,4
423.329787234043,143.670212765957,31.7321929324147,19,4
424.670103092784,142.288659793814,35.4227853398989,35,4
425.456310679612,141.796116504854,40.0458431250934,20,4
427.151515151515,140.313131313131,42.6708314477272,40,4
428.72380952381,138.980952380952,38.432210223788,32,4
429.436893203883,138.388349514563,34.9716382485878,20,4
430.659793814433,137.670103092784,29.9211864774749,30,4
431.721153846154,136.807692307692,30.1081850249981,27,4
433.12,135.58,35.7660991886268,32,4
434.572916666667,134.375,39.1254198914266,34,4
435.148936170213,133.925531914894,37.8887366626434,14,4
437.108910891089,132.50495049505,35.7912075238185,41,4
437.732673267327,132.009900990099,31.9494798973439,16,4
439.382352941176,130.843137254902,26.5161347369268,35,4
441.17,129.62,26.1563988883903,38,4
442.22,129.02,28.9944390734627,24,4
443.659793814433,128.144329896907,33.7337968054556,33,4
444.622448979592,127.34693877551,38.0280052353991,25,4
446.067307692308,126.298076923077,37.8339298531575,32,4
447.192307692308,125.182692307692,33.0257049076512,34,4
447.890909090909,124.690909090909,33.0495949525167,18,4
449.122807017544,123.964912280702,27.0568064838108,30,4
450.126126126126,123.297297297297,23.2185171915255,31,4
452.058823529412,122.156862745098,18.5035257998154,39,4
453.611111111111,121.287037037037,20.8077610550735,32,4
454.252427184466,121.145631067961,22.5797710452107,19,4
455.523364485981,120.233644859813,23.6412851988993,32,4
456.11214953271,119.953271028037,23.9937071467245,12,4
457.411214953271,119.355140186916,22.1179415448962,24,4
458.645454545455,118.636363636364,19.951037936721,27,4
458.932773109244,118.756302521008,18.6877134319552,17,4
460.570175438596,117.877192982456,15.4393528905811,33,4
460.955752212389,117.637168141593,14.8405838590001,13,4
462.598214285714,116.830357142857,13.4448067680383,35,4
463.621621621622,116.333333333333,15.9606547560558,25,4
464.256637168142,116,18.1534885330673,16,4
465.688073394495,115.394495412844,21.1484146618249,30,4
466.53982300885,115.097345132743,22.4974782527201,18,4
467.686956521739,114.547826086957,22.7198004676407,24,4
468.972727272727,113.663636363636,19.4260673670667,33,4
469.469026548673,113.442477876106,17.7452637776627,15,4
470.504587155963,113.100917431193,15.5526426137333,24,4
471.298245614035,112.701754385965,15.151905577814,19,4
472.316239316239,112.350427350427,15.4775328180004,21,4
473.466101694915,111.830508474576,16.1541104295286,27,4
474.120689655172,111.534482758621,16.8281294892544,12,4
475.6,110.891666666667,19.7336017749753,32,4
476.27868852459,110.672131147541,21.1609674699435,12,4
477.408333333333,110.225,20.6115654091727,20,4
478.859504132231,109.685950413223,18.1140479063038,27,4
479.578512396694,109.446280991736,14.7476475328042,16,4
480.704347826087,108.904347826087,11.4013035842878,32,4
481.224137931034,108.620689655172,11.4868041911649,15,4
482.51282051282,108.299145299145,10.6427635320042,23,4
483.771186440678,107.771186440678,13.2239883005842,27,4
484.793388429752,107.685950413223,14.227647061231,19,4
486.026785714286,107.285714285714,15.8606445119185,27,4
486.446280991736,107.107438016529,18.8964493012415,15,4
487.404761904762,106.84126984127,17.9734911079229,23,4
488.76,106.448,16.2468604759562,27,4
489.1,106.2,17.7146999043486,13,4
490.390243902439,105.658536585366,13.7163143883818,31,4
490.966666666667,105.583333333333,12.4247843572979,15,4
492.438016528926,105.181818181818,11.0598738775505,25,4
493.782608695652,104.747826086957,12.8407357986678,30,4
494.51724137931,104.336206896552,14.648805863006,21,4
496.094827586207,104.086206896552,19.9963369503012,26,4
496.377049180328,104.008196721311,18.5483245255171,14,4
498.093220338983,103.567796610169,18.4127036158469,28,4
499.48275862069,103.146551724138,15.0266135581004,26,4
500.034482758621,102.991379310345,13.4181296328974,10,4
501.529914529915,102.555555555556,7.93704225475077,31,4
502.008196721311,102.368852459016,8.39791891013072,15,4
503.316666666667,102.133333333333,7.55485185854085,26,4
504.991596638655,101.714285714286,11.4764308609371,29,4
505.735042735043,101.538461538462,11.7699091917167,16,4
507.779816513761,101.045871559633,14.6537662986702,38,4
508.03305785124,101.082644628099,19.0403599219239,26,4
509.717948717949,100.470085470085,16.3170810510318,30,4
511.042372881356,100.245762711864,11.5027272002596,25,4
511.764227642276,100.024390243902,11.8955670954784,17,4
513.591666666667,99.4416666666667,9.46931441884984,37,4
514.64347826087,99.3565217391304,7.69142632562163,23,4
516.179487179487,99,14.1107221933836,30,4
517.614754098361,98.9344262295082,15.0239530808794,29,4
518.279661016949,98.635593220339,14.6509673082808,20,4
519.958333333333,98.4416666666667,14.8296840419881,28,4
520.844827586207,98.1120689655172,13.5459331650778,18,4
522.193277310924,97.8235294117647,9.46453793077857,29,4
524.040322580645,97.4274193548387,7.19574972794913,39,4
525.025862068965,97.2068965517241,6.86316529731821,18,4
526.099173553719,97.0247933884298,5.73990763327937,23,4
526.690476190476,96.9126984126984,7.0422645709599,15,4
528.683760683761,96.6068376068376,11.827388655958,37,4
530.231404958678,96.3719008264463,12.6155589145388,26,4
530.837398373984,96.349593495935,12.0215724726438,10,4
532.672413793103,95.9568965517241,10.6436715149384,33,4
533.262711864407,95.8050847457627,9.08459064511842,18,4
535.08547008547,95.2991452991453,6.07382286406048,35,4
536.380165289256,95.1404958677686,4.43712539742224,28,4
537.441666666667,94.9583333333333,4.59363189430362,19,4
538.766666666667,94.575,7.22553340288141,30,4
539.581196581197,94.4615384615385,8.77676584271956,17,4
541.543103448276,94.3620689655172,10.8881962141183,31,4
543.364406779661,94.2627118644068,13.5174881214165,30,4
544.283333333333,94.2,10.2581131489873,18,4
545.762295081967,93.9262295081967,5.25028533235155,34,4
546.384615384615,93.7521367521367,6.06082110654477,21,4
548.394957983193,93.3193277310924,3.62176285588573,34,4
549.860869565217,93.3304347826087,5.56730942990627,28,4
550.849557522124,93.1327433628319,6.61272704865117,18,4
551.82905982906,92.965811965812,6.11104663061891,34,4
552.982608695652,93.0086956521739,7.50285900658698,18,4
554.052173913043,92.8086956521739,8.58097285511911,28,4
555.948275862069,92.7413793103448,7.1234646391164,33,4
556.738738738739,92.5585585585586,5.43332795520596,17,4
558.232142857143,92.3392857142857,2.82001909567586,27,4
558.810344827586,92.1379310344828,3.20999070834069,20,4
560.411214953271,91.7663551401869,2.06647793621383,29,4
562.556603773585,91.811320754717,3.53504888070768,37,4
563.554545454545,91.7181818181818,3.02672450530845,22,4
564.747826086956,91.5652173913043,7.32133982751668,31,4
565.036363636364,91.4545454545455,7.05070100892354,15,4
566.313043478261,91.6086956521739,9.11274088045895,31,4
567.715517241379,91.4827586206897,9.73068876101066,23,4
568.396396396396,91.1981981981982,9.26635813307201,23,4
569.838095238095,91.0476190476191,6.49180928926757,32,4
571.49,90.83,2.90376377667675,23,4
572.654205607477,91.0280373831776,1.0870666370468,25,4
574.28431372549,90.7156862745098,3.45383584943397,31,4
574.863636363636,90.8909090909091,2.93543333480783,18,4
575.872727272727,90.8363636363636,2.44357580729309,26,4
576.688679245283,90.8301886792453,2.7741632351363,18,4
577.962264150943,90.6415094339623,4.94587245745114,34,4
579.62962962963,90.7037037037037,6.19216401757479,28,4
580.330188679245,90.4905660377358,4.94552170382367,18,4
581.813725490196,90.3725490196078,2.7690166820485,24,4
582.918367346939,90.3673469387755,-0.356493011252251,16,4
583.989690721649,90.2061855670103,0.935113450427976,21,4
585.319587628866,90.2371134020619,-0.345581924970068,26,4
585.734693877551,90.1836734693878,-0.479003414390669,11,4
586.076923076923,90.1538461538462,0.489124704837606,16,4
586.813725490196,90.078431372549,1.3973883003378,10,4
588.097087378641,90.1165048543689,4.09261977112593,23,4
589.490384615385,90.0576923076923,4.86839356226045,25,4
590.185567010309,89.8144329896907,5.26134439159165,15,4
591.474747474747,89.7171717171717,5.49098149863445,18,4
591.871287128713,89.7128712871287,5.15620050217981,8,4
592.96,89.63,4.30539524002846,21,4
594.212121212121,89.5555555555556,2.86968047886533,19,4
594.74,89.63,2.99286332365303,11,4
595.525773195876,89.3917525773196,3.10200302928105,17,4
596.09375,89.4375,3.70605397289698,11,4
596.845360824742,89.3505154639175,3.59691037222668,13,4
597.736842105263,89.2736842105263,4.5273176889545,14,4
598.237113402062,89.340206185567,3.98857959291461,10,4
599.107843137255,89.2450980392157,5.11740138171163,17,4
599.432692307692,89.25,4.90540771822752,6,4
600.552083333333,89.1041666666667,5.2343140912648,20,4
601.258064516129,89.0860215053764,5.19947746086281,13,4
601.795454545455,88.8068181818182,5.36482178811572,13,4
602.677419354839,88.7956989247312,4.46040419257399,15,4
602.967741935484,88.7096774193548,4.36100516755944,8,4
603.623762376238,88.8514851485149,3.53166190420773,14,4
604.368421052632,88.6,4.28493615878695,16,4
604.5,88.563829787234,3.96705956005689,5,4
605.402173913043,88.5434782608696,2.48672168332013,14,4
605.505376344086,88.5268817204301,3.4353966464427,7,4
606.389473684211,88.4421052631579,2.40925008445715,18,4
606.577319587629,88.6288659793814,1.63728565830465,6,4
607.279569892473,88.5698924731183,2.90833412473553,12,4
608.064516129032,88.4301075268817,3.2908029603503,16,4
608.336842105263,88.4210526315789,3.12624741651206,4,4
608.760869565217,88.3804347826087,4.77087470056668,9,4
609.685393258427,88.3595505617977,3.48858801849222,13,4
609.747252747253,88.3846153846154,4.06116808023558,4,4
610.466666666667,88.3111111111111,3.15292920707497,11,4
610.70652173913,88.3369565217391,4.46235335492703,8,4
611,88.4583333333333,2.4633034161617,10,4
611.541666666667,88.4270833333333,3.5442518376759,10,4
611.467391304348,88.3586956521739,4.01771150636581,6,4
611.677083333333,88.2916666666667,4.04746303465857,8,4
612.170212765957,88.2872340425532,3.35671098815294,6,4
612.368421052632,88.2947368421053,4.6363238738542,7,4
612.656565656566,88.3131313131313,4.57702210713222,12,4
613.148936170213,88.3297872340426,3.9790367465997,7,4
613.40206185567,88.4742268041237,4.37367236555116,7,4
613.836734693878,88.3061224489796,3.60932997153494,11,4
614.136842105263,88.3052631578947,4.04753531730882,5,4
614.375,88.3541666666667,4.31129981614552,5,4
614.732673267327,88.4158415841584,4.42111497348752,9,4
614.868686868687,88.3434343434343,4.01993486009293,8,4
615.020202020202,88.3434343434343,4.15426034524857,4,4
615.254901960784,88.3137254901961,3.87666720172303,7,4
615.990099009901,88.4059405940594,3.17285291461297,9,4
615.705882352941,88.3921568627451,4.21560999221906,5,4
616.47572815534,88.378640776699,3.57238289586036,11,4
616.6,88.4285714285714,3.16392555437824,6,4
