432.059701492537,243.701492537313,-9.77578647257918,NaN,1
432.138461538462,243.623076923077,-8.75554638512476,8,1
432.111940298507,243.626865671642,-9.93074716380773,8,1
432.17037037037,243.755555555556,-11.4560577616111,7,1
431.970588235294,243.669117647059,-10.7663087412888,9,1
432.082706766917,243.781954887218,-9.80599268119851,9,1
430.896551724138,243.703448275862,-5.42157939321863,18,1
430.3125,243.590277777778,-5.34839579097225,17,1
430.540540540541,243.452702702703,-9.99023615332321,28,1
432.369565217391,243.710144927536,-18.2834107835175,36,1
432.507462686567,243.84328358209,-21.6528814821082,14,1
432.682926829268,244.325203252033,-62.9304219971432,75,1
431.528301886792,245.716981132075,39.2190461502229,79,1
429.683333333333,246.333333333333,17.1543762966583,46,1
425.801587301587,247.261904761905,19.1819189764756,82,1
424.229007633588,247.427480916031,31.5777361947673,47,1
420.488,249.064,53.1396016110498,88,1
416.44094488189,251.748031496063,46.2131226583443,88,1
413.752293577982,253.54128440367,36.8780308334325,62,1
410.32380952381,256,57.1893634764049,84,1
409.324324324324,256.396396396396,69.8380238527323,40,1
406.678571428571,260.508928571429,65.7788046366885,83,1
404.269565217391,263.817391304348,52.9514829390371,75,1
402.817204301075,265.505376344086,53.4978782048327,36,1
401.333333333333,267.864864864865,61.9337067865947,58,1
400.503937007874,269.645669291339,61.6427889651181,44,1
398.507462686567,272.649253731343,56.2027381332281,77,1
396.656488549618,275.450381679389,61.2440282149478,73,1
395.530434782609,277.121739130435,69.5095678149528,34,1
394.128205128205,280.974358974359,75.968055529472,66,1
393.457627118644,282.508474576271,74.654618866889,29,1
392.417322834646,285.173228346457,60.270431000378,69,1
391.046511627907,287.255813953488,63.2782149886718,56,1
389.918032786885,289.114754098361,71.2676323438753,37,1
388.793388429752,291.438016528926,67.2601307343061,47,1
388.445378151261,292.310924369748,59.8146004685265,20,1
387.270491803279,294.286885245902,50.1393707368181,47,1
386.37037037037,295.407407407407,59.1695023922923,43,1
385.327433628319,297.486725663717,66.3942515493514,40,1
384.522522522523,299.693693693694,75.7769295790067,42,1
384.267857142857,300.616071428571,74.1243159730394,21,1
383.309734513274,302.690265486726,63.1524048088967,49,1
382.296610169492,304.389830508475,64.5747279431536,43,1
381.87037037037,305.759259259259,67.2400553616267,29,1
381.509433962264,307.981132075472,80.3245193185676,47,1
381.190476190476,309.4,88.2446721520084,27,1
381.036363636364,311.4,80.0393990463206,41,1
380.478632478633,313.119658119658,73.5614945411376,41,1
380.102803738318,314.411214953271,69.0465070119376,26,1
379.375,316.964285714286,73.3624799041713,55,1
379.322033898305,317.728813559322,75.9532171068269,28,1
378.655555555556,322.622222222222,86.0647540261559,70,1
378.205882352941,324.352941176471,80.920050243926,42,1
377.979591836735,325.632653061225,74.6329233386414,26,1
377.343137254902,327.754901960784,70.089947511379,42,1
377.184210526316,328.631578947368,72.7823237272004,22,1
376.51376146789,331.128440366972,80.5389188319735,51,1
376.264705882353,334.156862745098,86.4896908406612,47,1
375.886597938144,336.134020618557,86.7753237618522,29,1
375.281553398058,338.291262135922,77.3198375172662,42,1
374.719626168224,339.766355140187,72.707513674995,30,1
373.87610619469,342.283185840708,69.9751562563085,50,1
373.424778761062,344.433628318584,75.9692108466622,50,1
373.21,345.83,78.8216425374961,27,1
372.760416666667,348.802083333333,81.7205739837522,50,1
372.481132075472,350.38679245283,81.9682449681219,32,1
371.676470588235,352.794117647059,76.0330550897378,46,1
370.828571428571,355.2,68.428725946947,47,1
370.547169811321,355.933962264151,69.9593165930791,23,1
370.067307692308,357.826923076923,75.8548805324212,40,1
369.867924528302,359.5,80.0591829163429,30,1
369.305263157895,362.768421052632,86.6263565081786,47,1
368.690721649485,364.80412371134,80.1190475639394,38,1
368.28431372549,365.843137254902,77.4758597512012,25,1
367.698113207547,367.839622641509,74.4743397532187,38,1
367.407407407407,368.611111111111,74.7542819620923,24,1
367.137614678899,370.495412844037,80.9391093971667,39,1
366.651162790698,374.546511627907,-84.9518479333857,59,1
366.48275862069,375.034482758621,-85.4814433378256,13,1
366.31,376.5,84.6677959081353,37,1
366.122448979592,377.836734693878,80.6190228598074,28,1
365.524752475248,380.019801980198,76.5193262029121,39,1
365.028301886792,381.141509433962,78.4771632412507,39,1
364.919191919192,381.939393939394,80.4910097595681,21,1
364.636363636364,385.571428571429,-84.2897194624588,50,1
364.650602409639,387.469879518072,-85.6936893721998,30,1
364.280898876404,389.056179775281,88.7245748951984,36,1
363.795454545455,390.863636363636,81.4543472797842,33,1
363.547619047619,391.738095238095,79.3744841699435,18,1
363.037037037037,394.197530864198,80.4146806286353,41,1
362.839506172839,394.975308641975,81.7140536376655,22,1
362.278481012658,397.556962025316,-84.8383932782712,42,1
362.536231884058,400.391304347826,-78.891733763876,40,1
362.609375,401.859375,-87.8565683409009,25,1
362.375,402.8125,86.6722378244688,26,1
362.173913043478,402.333333333333,84.4156487809705,13,1
362,402.266666666667,81.6307437163887,12,1
361.648648648649,401.905405405405,82.1303574213819,17,1
361.397590361446,401.614457831325,82.8192758407541,11,1
361.153846153846,401.824175824176,82.7020111226041,20,1
361.252873563218,401.965517241379,82.35985452224,8,1
361.012195121951,403.073170731707,84.4476470614734,17,1
361.126436781609,401.954022988506,84.5467662291956,17,1
361.022727272727,402.136363636364,84.392823373885,5,1
361.036585365854,401.939024390244,84.6934254507336,12,1
360.987654320988,401.839506172839,85.7524716308418,7,1
360.765432098765,401.358024691358,84.4975086511794,12,1
360.808219178082,402.041095890411,84.5790895118434,12,1
360.657534246575,401.890410958904,83.9212767161033,8,1
360.215384615385,403.584615384615,83.3686454552119,20,1
360.181818181818,403.590909090909,83.5638718988685,3,1
360.288888888889,401.344444444444,84.6028886418352,24,1
360.280898876404,401.258426966292,84.2518746029061,1,1
360.258426966292,401.089887640449,84.0265576912555,2,1
360.269662921348,400.719101123596,84.4363749297501,4,1
NaN,NaN,NaN,89,1
431.09649122807,247.324561403509,-26.5673490951833,NaN,2
431.208333333333,247.325,-27.8078319008755,8,2
431.098360655738,247.254098360656,-27.2778489636417,6,2
431.301724137931,247.534482758621,-27.8044684192682,10,2
431.30701754386,247.508771929825,-28.2569138304217,4,2
431.228813559322,247.508474576271,-27.1406032997201,12,2
431.024390243902,247.130081300813,-28.2074686419076,13,2
430.983739837398,247.211382113821,-29.0205306954436,4,2
430.918032786885,247.237704918033,-29.0856899657699,9,2
430.909836065574,247.196721311475,-28.3035847085564,6,2
431.058333333333,247.258333333333,-28.6196302993401,8,2
430.983870967742,247.258064516129,-29.4357170885001,10,2
430.860655737705,247.155737704918,-28.3259005893048,8,2
431.074380165289,247.272727272727,-27.2046017751757,9,2
431.169491525424,247.381355932203,-27.1302045908498,9,2
431.016393442623,247.188524590164,-27.8022345631577,8,2
431.14406779661,247.449152542373,-29.2656908004982,14,2
431.025641025641,247.495726495727,-28.4592985139553,9,2
431.084033613445,247.27731092437,-27.2822244032447,12,2
431.016666666667,247.375,-27.5837797828283,9,2
431.059322033898,247.381355932203,-28.2830566606449,4,2
430.965517241379,247.370689655172,-27.9184426419674,4,2
430.9,247.241666666667,-27.4906439452058,6,2
431,247.423728813559,-26.7526718262977,6,2
431,247.452991452991,-26.7547278639275,3,2
431.008333333333,247.333333333333,-27.9384458636013,9,2
430.915254237288,247.423728813559,-28.9574325701339,8,2
431.026785714286,247.660714285714,-27.3161090102002,6,2
431.042735042735,247.410256410256,-26.8051380001923,9,2
431.00826446281,247.446280991736,-25.379409953525,8,2
431.033898305085,247.508474576271,-26.0338500621221,5,2
431.100840336134,247.436974789916,-26.1417749085762,5,2
431.025641025641,247.418803418803,-27.0633165895671,4,2
431.147826086957,247.6,-26.8138695373035,8,2
431.008620689655,247.612068965517,-27.1853790444873,3,2
431.147826086957,247.539130434783,-27.7085318830064,11,2
431.114035087719,247.614035087719,-26.1586108453619,7,2
431.122807017544,247.5,-27.2840667435701,6,2
431.008130081301,247.422764227642,-26.2773830714843,11,2
430.887931034483,247.637931034483,-27.8466586956422,9,2
431.026086956522,247.617391304348,-27.4187981387128,9,2
430.872881355932,247.601694915254,-27.2261327379591,3,2
431.025862068966,247.551724137931,-28.1339791993672,6,2
431.162393162393,247.606837606838,-28.907333580532,9,2
431.088,247.424,-27.211527974241,8,2
430.83606557377,247.245901639344,-27.0955322359108,13,2
430.574803149606,247.157480314961,-28.5461979629677,9,2
430.6875,247.171875,-29.2103599912516,3,2
430.666666666667,247.292682926829,-27.4154511678739,9,2
430.80487804878,247.276422764228,-28.1837962602658,8,2
430.923076923077,247.461538461538,-28.1166662308162,10,2
431.025,247.45,-27.4672086204864,7,2
430.833333333333,247.31746031746,-27.146103549752,12,2
430.98347107438,247.363636363636,-27.9538797579988,9,2
430.95,247.241666666667,-28.3839588824737,11,2
430.909090909091,247.289256198347,-27.9141367428128,9,2
430.847457627119,247.245762711864,-27.9468036373179,7,2
431.067226890756,247.361344537815,-28.2021032923946,7,2
430.870967741935,247.322580645161,-29.2966032857881,9,2
430.891666666667,247.341666666667,-27.9594691073818,8,2
431.05,247.325,-28.39344346344,6,2
431.068965517241,247.396551724138,-28.6616364787293,6,2
431.016949152542,247.330508474576,-29.3083754088313,4,2
431.101694915254,247.474576271186,-27.3671632258779,8,2
431.169491525424,247.364406779661,-27.7679316336474,4,2
430.909836065574,247.270491803279,-28.4053014102478,8,2
431.093220338983,247.550847457627,-28.1243053432692,12,2
431.161016949153,247.5,-27.3379595015635,6,2
431.066115702479,247.314049586777,-26.8257957102707,5,2
431.025,247.275,-26.9567429198981,5,2
431.067796610169,247.449152542373,-26.7520888176814,6,2
430.957983193277,247.302521008403,-27.3392729603881,7,2
430.915966386555,247.218487394958,-27.6563412850998,6,2
430.83606557377,247.286885245902,-27.8917135479,9,2
430.991304347826,247.417391304348,-27.7697962935955,9,2
430.90756302521,247.319327731092,-27.4413057868904,6,2
431.093220338983,247.330508474576,-27.869731353359,7,2
431.033898305085,247.245762711864,-27.3359146489105,8,2
431.075,247.116666666667,-28.2947311961259,8,2
430.893442622951,247.147540983607,-26.9148300292591,6,2
431.056451612903,247.193548387097,-27.9443058682617,10,2
431.052173913043,247.234782608696,-26.4985140771024,11,2
430.932203389831,247.305084745763,-27.4140895385343,7,2
431.066666666667,247.258333333333,-27.0270067905332,10,2
431.034782608696,247.182608695652,-26.8772420256684,11,2
431.08547008547,247.282051282051,-28.1563973366924,8,2
431.132743362832,247.203539823009,-27.2030378187666,8,2
431.120689655172,247.310344827586,-28.0866047289439,9,2
431.22131147541,247.139344262295,-27.3393729445876,8,2
431.243697478992,247.27731092437,-27.7570863267405,7,2
431.032,247.04,-28.6112080434404,12,2
431.189655172414,247.206896551724,-28.1859526532199,15,2
431.02479338843,247.107438016529,-27.4748244226012,9,2
431.134453781513,247.226890756303,-28.0380699483509,6,2
431.260504201681,247.201680672269,-27.457127499838,6,2
431.024590163934,247.073770491803,-26.4789705183554,9,2
431.153846153846,247.25641025641,-27.0724181208688,11,2
430.991596638655,247.142857142857,-26.1855640246317,6,2
430.99173553719,247.04958677686,-27.6912400006512,14,2
431.110169491525,247.008474576271,-27.04855742148,7,2
431.114754098361,247.180327868852,-26.4022974362276,8,2
431.153846153846,247.111111111111,-29.087734908951,7,2
431.305084745763,247.220338983051,-26.9574271654573,7,2
431.1,247.116666666667,-27.6841744557152,6,2
431.131578947368,247.184210526316,-29.1229057189597,10,2
431.067796610169,247.237288135593,-27.7669649944884,12,2
431.305084745763,247.14406779661,-29.1641109178219,10,2
431.307692307692,247.290598290598,-28.6361925425314,5,2
431.145299145299,247.205128205128,-28.7553649216188,6,2
431.093220338983,247.152542372881,-26.8852601400878,9,2
431.177966101695,247.186440677966,-28.1086558516737,6,2
431.426086956522,247.330434782609,-28.7409609118328,7,2
431.033613445378,247.142857142857,-27.3385584379886,10,2
431.04347826087,247.226086956522,-26.1721952455365,10,2
431.165217391304,247.286956521739,-26.8291550386414,6,2
431.051282051282,247.17094017094,-27.9966536051946,8,2
431,247.188524590164,-24.8758851256939,11,2
430.940170940171,247.290598290598,-27.8928613986466,11,2
431.137931034483,247.224137931034,-29.3508216182037,9,2
431.081300813008,247.186991869919,-28.9105596024053,13,2
431.25,247.294642857143,-28.5675424868909,15,2
431.241935483871,247.33064516129,-26.8253118632582,12,2
431.344537815126,247.386554621849,-27.764249123655,7,2
431.264957264957,247.34188034188,-28.3158677923425,4,2
431.218487394958,247.344537815126,-26.4784880820564,6,2
431.025423728814,247.161016949153,-26.5625874609784,13,2
430.754098360656,246.959016393443,-20.3237579383987,18,2
430.788617886179,247.065040650407,-22.4856579512569,15,2
431.089430894309,247.040650406504,-30.6938974879657,30,2
431.438016528926,247.363636363636,-33.899283675042,22,2
432.669902912621,248.796116504854,-47.5440969012491,48,2
433.873873873874,249.621621621622,-47.650619815782,36,2
434.760330578512,250.181818181818,-44.4292084283354,24,2
436.049180327869,251.106557377049,-36.6231317253512,41,2
436.55303030303,251.636363636364,-39.8259362369399,26,2
438.557522123894,253.796460176991,-48.4077625697402,57,2
440.336538461538,256.019230769231,-58.9854273184447,47,2
441.449541284404,257.477064220183,-60.1676911972497,33,2
442.777777777778,259,-51.4665111564026,37,2
443.719298245614,260.09649122807,-48.0115277656431,24,2
445.618644067797,261.78813559322,-47.1832891887547,48,2
447.371428571429,264.085714285714,-52.0371683551888,55,2
447.989898989899,264.777777777778,-57.471993995883,18,2
449.47,267.56,-63.3610529551509,51,2
449.94495412844,268.330275229358,-62.7949328684,23,2
451.215517241379,269.922413793103,-56.7123358464991,37,2
452.639344262295,271.959016393443,-48.641117978593,42,2
453.198347107438,272.429752066116,-47.6063581279592,21,2
454.752293577982,274.403669724771,-51.9695834956442,50,2
455.55652173913,275.747826086957,-59.5397822851566,34,2
456.576576576577,278.279279279279,-66.9397951263921,44,2
457.889908256881,280.51376146789,-66.2929133069517,44,2
458.303571428571,281.517857142857,-63.2920174210516,23,2
459.100917431193,282.788990825688,-54.9186937270926,33,2
460.00826446281,284.03305785124,-53.246176634137,30,2
461.429752066116,286.082644628099,-53.7827892576999,48,2
462.798076923077,288.807692307692,-64.0457970069032,51,2
463.405940594059,290.009900990099,-70.0690732546848,23,2
464.21568627451,291.911764705882,-72.3495661518682,41,2
464.782178217822,293.514851485149,-73.8828978287888,29,2
465.736363636364,295.145454545455,-67.5194008181333,31,2
466.830357142857,297.383928571429,-60.8825489196844,48,2
467.238532110092,298.293577981651,-60.7901528850195,17,2
468.142857142857,300.32380952381,-66.0991548593314,40,2
468.603603603604,301.792792792793,-71.6222842479467,28,2
469.252336448598,304.214953271028,-80.0048360717388,38,2
470.049019607843,306.696078431373,-79.4483693147467,43,2
470.355140186916,307.672897196262,-74.6541709218333,17,2
471.155963302752,309.752293577982,-66.3647458202572,38,2
471.626086956522,310.591304347826,-63.1280563574167,18,2
472.615384615385,312.641025641026,-64.8402394314463,42,2
473.373831775701,315.476635514019,-69.7369831336342,52,2
473.71,316.48,-73.8374645760833,21,2
474.383177570093,319.271028037383,-79.6686530691576,43,2
474.776699029126,320.514563106796,-80.126982594604,24,2
475.477477477477,322.342342342342,-73.9714180540055,34,2
476.155172413793,324.25,-67.1560515809661,33,2
476.695652173913,325.4,-63.4324711243645,25,2
477.547008547009,327.247863247863,-64.7107051807491,34,2
478.241379310345,328.715517241379,-68.425298084294,27,2
478.935779816514,331.385321100917,-75.8340961016396,45,2
479.356435643564,333.732673267327,-82.2297613339272,40,2
479.695652173913,334.467391304348,-79.3062732074741,17,2
480.305555555556,336.777777777778,-78.3156291549418,36,2
480.545454545455,337.718181818182,-75.0912536948815,18,2
481.060869565217,339.417391304348,-69.1721369560911,39,2
481.801724137931,341.594827586207,-67.7672958958519,39,2
482.184210526316,342.631578947368,-68.3049143061109,18,2
483.098039215686,345.186274509804,-75.2060296504431,42,2
483.371428571429,345.990476190476,-77.0043743045132,23,2
483.731958762887,348.505154639175,-83.3420820834205,36,2
484.192307692308,350.509615384615,-83.8226515233547,33,2
484.424528301887,351.509433962264,-82.3907699379842,18,2
484.834862385321,353.100917431193,-77.3845133038973,27,2
485.209090909091,354.181818181818,-75.2951711566328,21,2
485.513274336283,356.088495575221,-68.5703386508457,37,2
486.357142857143,358.035714285714,-67.3325769550296,41,2
486.5,358.754385964912,-68.3811098025817,14,2
487.138888888889,361.083333333333,-76.3910803929502,34,2
487.349056603774,362.216981132075,-79.2228129219275,22,2
487.656565656566,364.333333333333,-83.4382994449972,37,2
488.069306930693,366.326732673267,-83.6831755758589,32,2
488.211538461538,367.384615384615,-80.7446816346519,19,2
488.696428571429,368.883928571429,-74.1573200279883,30,2
488.973913043478,369.591304347826,-70.8875342878758,15,2
489.69298245614,371.298245614035,-66.2133854445644,35,2
490.362831858407,372.893805309734,-66.1696120616332,33,2
490.523364485981,373.700934579439,-67.6331150368152,16,2
490.971698113208,375.537735849057,-73.5904899194537,33,2
491.264705882353,377.107843137255,-77.3843532165852,26,2
491.739583333333,379.364583333333,-84.0952110811558,36,2
492.329787234043,381.585106382979,-79.6009926345928,36,2
492.485148514851,381.871287128713,-77.2646701172352,13,2
493.15,383.57,-72.8960184217299,31,2
493.435643564356,384.514851485149,-69.8550727438662,21,2
494.12037037037,386.342592592593,-67.3268133953917,35,2
494.623762376238,388.237623762376,-68.6930368261824,37,2
494.938144329897,389.505154639175,-73.1036028289446,20,2
495.549450549451,391.428571428571,-81.2029330803081,30,2
495.880952380952,392.583333333333,-83.692689527974,17,2
496.32183908046,394.425287356322,-80.1219915729939,29,2
496.505494505494,395.747252747253,-74.8580000584611,22,2
496.772727272727,396.5,-70.5139796207293,13,2
497.364705882353,398.058823529412,-65.1174905530997,33,2
497.939759036145,399.21686746988,-65.1609756910356,18,2
499.234375,402.578125,-68.3454218525944,45,2
499.333333333333,402.92,-70.4484163201469,31,2
500.160714285714,404.946428571429,-76.2714541724275,23,2
500.5,404.655172413793,-75.0442952028328,16,2
500.558823529412,403.970588235294,-71.1373669715479,14,2
501.238805970149,404.417910447761,-65.0439289191224,17,2
501.69014084507,404.549295774648,-58.141146878436,14,2
501.708333333333,404.416666666667,-56.767143659238,5,2
501.936708860759,404.620253164557,-54.2537166908406,17,2
501.975609756098,404.292682926829,-54.8337760981484,11,2
502.87323943662,405.169014084507,-55.3961679338093,17,2
503.527027027027,405.162162162162,-52.9103106262175,19,2
503.704225352113,405.112676056338,-54.9817553056964,7,2
504.242424242424,405.318181818182,-57.6286837402341,13,2
504.830188679245,406.037735849057,-62.7029946373079,13,2
505.75,406.557692307692,-60.3545234107906,19,2
505.121212121212,405.257575757576,-57.6521986570192,18,2
505.153846153846,405.230769230769,-55.7117749985334,9,2
505.617647058824,405.176470588235,-55.2742007573126,17,2
505.0375,404.125,-53.6828630617399,16,2
505.217948717949,404.102564102564,-53.1565196922778,6,2
505.469135802469,403.925925925926,-51.0504482622263,11,2
505.609756097561,404.024390243902,-50.8187171633143,5,2
NaN,NaN,NaN,82,2
418.264957264957,239.461538461538,-18.7436087530324,NaN,3
417.509259259259,239.546296296296,19.1774540759782,43,3
417.69298245614,239.894736842105,35.6986860440239,26,3
415.203125,241.640625,37.7902424740986,70,3
411.288888888889,243.481481481481,19.79648881917,87,3
408.696721311475,244.245901639344,10.6223562124952,59,3
404.165217391304,245.930434782609,18.5485903817194,99,3
402.153846153846,246.461538461538,29.6382226886739,51,3
397.898648648649,248.243243243243,7.87175786169326,96,3
392.594405594406,248.958041958042,-3.24222346311646,123,3
390.286821705426,248.875968992248,3.93756181825812,66,3
385.0234375,249.875,14.0151181243263,111,3
382.286885245902,250.286885245902,10.6440862280887,58,3
378.30303030303,250.833333333333,-0.377161798726391,86,3
373.659259259259,251.103703703704,11.301593244291,97,3
371.964285714286,251.507142857143,14.7309550858945,45,3
367.402985074627,252.455223880597,16.3263345118517,92,3
364.84962406015,253.015037593985,12.9970801481013,53,3
360.664122137405,253.625954198473,3.84956817808001,84,3
356.984848484848,253.939393939394,15.2336609067814,73,3
355.606299212598,254.307086614173,17.8866329029988,27,3
351.908333333333,255.758333333333,20.0527755676183,71,3
350.538461538462,256.094017094017,18.9120539996891,27,3
347.720338983051,256.923728813559,8.48002954077171,53,3
345.393162393162,257.666666666667,9.55747331012858,47,3
344.455284552846,257.894308943089,13.3961390745918,22,3
341.610169491525,258.771186440678,28.0676141162038,49,3
340.581196581197,259.384615384615,29.1066783658553,31,3
338.478632478633,260.581196581197,25.0102101038163,46,3
336.55905511811,261.322834645669,14.8033666580982,42,3
335.548387096774,261.709677419355,13.5442487671736,27,3
333.496,262.064,16.6225522722191,47,3
332.5234375,262.296875,24.6797190927328,23,3
330.669230769231,263.053846153846,38.6781862494587,42,3
328.622950819672,264.77868852459,38.8051819295103,54,3
327.764227642276,265.357723577236,34.0526869179877,21,3
325.9,266.333333333333,22.4052888781967,41,3
325.104838709677,266.83064516129,21.2263407607303,28,3
323.439393939394,267.484848484848,24.5619301418808,38,3
321.390977443609,268.293233082707,37.7284544724124,47,3
320.4,269.125,37.3819853649514,27,3
318.534482758621,270.991379310345,43.6751018447326,52,3
317.959016393443,271.516393442623,43.6901947574527,22,3
316.491935483871,272.588709677419,34.29150262024,38,3
314.669230769231,273.723076923077,25.5815294024522,50,3
313.976377952756,274.023622047244,23.2507411031075,23,3
312.18320610687,275.068702290076,27.3189826007398,50,3
311.218045112782,275.706766917293,33.7757372889778,36,3
308.777777777778,277.632478632479,39.6487044903945,64,3
306.870689655172,279.155172413793,44.3666738824205,51,3
306.191666666667,279.483333333333,42.1525890731488,18,3
304.264462809917,281.206611570248,35.9786687171837,55,3
303.554621848739,281.756302521008,32.4277338278086,20,3
302.030303030303,282.568181818182,31.3452587755984,45,3
300.705882352941,283.448529411765,34.1769235393679,42,3
299.15,284.333333333333,42.3202809819157,36,3
297.393162393162,286.051282051282,50.3200735722801,45,3
296.791304347826,286.730434782609,52.4600118703213,30,3
294.754237288136,288.830508474576,50.0031125555499,51,3
292.701612903226,290.701612903226,41.6348972095466,58,3
291.821705426357,291.046511627907,37.8481658586138,23,3
289.953488372093,292.627906976744,35.2458648661833,52,3
289.115384615385,293.130769230769,36.1674588778615,25,3
287.007936507937,294.404761904762,49.2316214911587,54,3
285.165217391304,296.64347826087,55.6583225908601,55,3
284.26724137931,297.603448275862,53.5396200337023,27,3
282.431034482759,299.422413793103,52.6003205556038,44,3
281.822033898305,300.169491525424,49.4658350984737,24,3
280.427419354839,301.508064516129,42.6313231716224,34,3
278.9453125,302.875,35.5036668841021,44,3
278.476923076923,303.138461538462,33.8949754562528,12,3
276.68,304.416,37.9209709821309,47,3
275.87969924812,305.15037593985,42.5864184131235,22,3
274.016666666667,307.091666666667,49.0201431996207,53,3
272.864406779661,308.703389830508,51.3181402288642,40,3
271.871794871795,309.965811965812,50.4997907691915,27,3
270.5,311.305084745763,44.2066145101135,37,3
270.091666666667,311.725,41.4627924786025,16,3
268.811023622047,312.937007874016,35.4799270023711,39,3
267.588652482269,313.893617021277,39.2192922839492,34,3
267.067669172932,314.308270676692,37.9500956149765,18,3
265.077519379845,315.868217054264,46.9020743356203,50,3
264.062015503876,316.937984496124,54.7255993714995,32,3
262.4140625,318.8515625,57.663431280648,55,3
260.931297709924,320.564885496183,53.7868228179125,43,3
260.233082706767,321.233082706767,51.6606134741934,24,3
258.916030534351,322.427480916031,46.0055484872517,40,3
258.102362204724,323.338582677165,43.276018297378,28,3
256.649635036496,324.43795620438,43.7079929797668,36,3
255.014925373134,326.067164179104,53.2818023831713,43,3
254.473684210526,326.684210526316,57.0154312281284,25,3
252.941176470588,328.705882352941,68.8558869455829,48,3
252.382113821138,329.113821138211,69.5284616659593,24,3
251.336,331.04,66.6658865223559,44,3
250.626865671642,331.902985074627,62.6742625035174,35,3
250.030303030303,332.863636363636,60.6166607332235,22,3
249.234848484848,333.984848484848,55.8554359622806,30,3
248.611940298507,334.850746268657,55.4201716031835,24,3
247.492307692308,336.761538461538,57.6607578486837,44,3
246.716535433071,338.354330708661,68.1660012543833,37,3
246.552845528455,338.934959349593,72.4159999283669,20,3
245.870967741935,340.814516129032,73.5622409902443,41,3
245.588709677419,341.782258064516,74.0276551101092,24,3
245.076923076923,343.675213675214,76.8157887595422,33,3
244.631147540984,344.77868852459,73.3472775310645,27,3
244.325203252033,345.430894308943,70.2390192820143,13,3
243.742424242424,346.848484848485,67.3371146270658,35,3
243.321428571429,347.807142857143,65.2831742057282,30,3
242.769784172662,349.129496402878,63.7489688119799,33,3
242.126865671642,351.208955223881,68.8242480968577,37,3
241.676691729323,352.157894736842,71.5613423223154,21,3
241.097014925373,353.619402985075,75.6006895505082,29,3
240.770992366412,354.656488549618,77.3501322066116,21,3
240.320610687023,355.969465648855,78.044087053422,24,3
239.65671641791,357.537313432836,77.8402540791681,33,3
239.449612403101,358.372093023256,77.0545578517069,17,3
239.015384615385,359.223076923077,73.8811383983908,21,3
238.801470588235,359.867647058824,72.9145744985495,20,3
238.262411347518,361.085106382979,70.4230763548323,27,3
237.802919708029,362.540145985401,70.6127398570817,28,3
237.617647058824,363.139705882353,72.1391452526398,17,3
236.84126984127,364.825396825397,77.4161037246191,34,3
236.6796875,365.6171875,79.9115720451093,16,3
236.338582677165,367.11811023622,81.5832107999679,31,3
235.984732824427,368.496183206107,85.4870064854512,26,3
235.803149606299,369.488188976378,85.7237655068545,18,3
235.428571428571,370.746031746032,82.7649739551351,29,3
235.317829457364,371.410852713178,82.4568700578724,13,3
235.139534883721,372.643410852713,77.3710308995712,30,3
234.783582089552,373.522388059701,74.9218583612905,23,3
234.634328358209,374.380597014925,73.8955970003482,18,3
234.384615384615,375.807692307692,77.1376618636427,30,3
234.11811023622,376.905511811024,77.829489719586,23,3
233.847457627119,378.635593220339,84.1323149275728,29,3
233.710743801653,380.214876033058,88.582832734967,27,3
233.635593220339,380.906779661017,88.9735456805778,13,3
233.487603305785,382.553719008264,-89.9935215817849,31,3
233.319672131148,383.368852459016,-88.7419849988341,15,3
233.128,384.512,87.4196012904031,25,3
233.02479338843,386.082644628099,82.8899711029001,28,3
232.95867768595,386.578512396694,81.0650510415439,16,3
232.758620689655,387.612068965517,78.2040822683657,21,3
232.552845528455,388.333333333333,78.6905537702189,19,3
232.263157894737,389.5,78.9511511727291,27,3
231.921739130435,391.486956521739,86.8693092446926,33,3
231.839285714286,392.196428571429,87.9653024096264,21,3
231.582524271845,393.514563106796,-88.3487546708269,23,3
231.638095238095,394.457142857143,-88.0827003272493,14,3
231.555555555556,395.818181818182,-87.9661410671067,22,3
231.451923076923,397.240384615385,87.694051224034,27,3
231.49494949495,397.767676767677,85.3550422398389,11,3
231.313131313131,399.343434343434,79.8153495052063,26,3
231.20202020202,400.090909090909,79.3309594246642,12,3
230.9375,400.677083333333,75.1245479150164,17,3
230.887755102041,400.30612244898,73.3014673317851,12,3
230.795918367347,400.091836734694,72.9406631964067,10,3
230.553398058252,400.514563106796,71.9463520105915,9,3
230.490566037736,400.292452830189,71.9065292405139,11,3
230.259615384615,400.528846153846,71.4521714008264,10,3
230.083333333333,400.361111111111,72.8775211808965,12,3
230.171428571429,400.438095238095,71.9465765406787,5,3
229.961538461538,400.548076923077,71.8713022148984,11,3
229.87619047619,400.638095238095,71.1306164875149,5,3
229.862385321101,400.321100917431,69.4653818749054,10,3
229.830188679245,400.169811320755,68.5161198746607,7,3
229.8,400.019047619048,68.5279457862555,5,3
229.605504587156,400.165137614679,67.682766608236,8,3
229.509433962264,400.150943396226,67.2625721577606,9,3
229.635514018692,399.92523364486,66.62830491826,5,3
229.723214285714,399.482142857143,66.1785678591395,9,3
229.542857142857,399.838095238095,66.1471354801908,7,3
229.490566037736,399.735849056604,65.6626979052091,3,3
229.358490566038,399.811320754717,66.8526743121049,4,3
229.440366972477,399.697247706422,67.0042415887287,5,3
229.425925925926,399.564814814815,66.8543422430067,3,3
229.457943925234,399.654205607477,66.3487612424332,3,3
229.301886792453,399.707547169811,68.0859172970249,7,3
229.37962962963,399.601851851852,67.687598581833,2,3
229.2,399.72380952381,69.4806198684396,7,3
229.165048543689,399.417475728155,68.8552367065298,10,3
228.980392156863,399.745098039216,68.3582572114914,5,3
228.905660377358,399.669811320755,67.8806493466518,4,3
228.761904761905,399.847619047619,69.4227093618231,7,3
NaN,NaN,NaN,105,3
442.115384615385,246.969230769231,-41.3648273106498,NaN,4
442.123076923077,246.923076923077,-41.5627914942247,4,4
442.251908396947,247.068702290076,-42.6461057267016,7,4
442.046153846154,246.746153846154,-41.3645564401199,11,4
442.3203125,246.9921875,-42.9039912731648,10,4
442.455223880597,247.014925373134,-42.31167127159,6,4
442.295454545455,246.772727272727,-42.2188850835951,8,4
442.3046875,246.796875,-41.8932742650811,6,4
442.389312977099,246.832061068702,-40.8270139242864,7,4
442.409090909091,246.886363636364,-41.296940030905,11,4
442.503875968992,246.782945736434,-41.1715283200685,9,4
442.441860465116,246.883720930233,-41.4287547915791,4,4
442.34375,246.640625,-43.6261044983927,11,4
442.259541984733,246.717557251908,-47.6348323017989,17,4
443.287037037037,248.425925925926,-74.0196071909311,63,4
443.663716814159,250.592920353982,-87.9252679815714,49,4
443.919642857143,251.830357142857,-83.9001497128192,23,4
445,255.298387096774,-68.8902069097151,68,4
445.848484848485,257.106060606061,-66.4720110275781,42,4
447.099236641221,260.389312977099,-73.4380125659655,71,4
448.598290598291,265.820512820513,-80.2294603053803,94,4
449.122807017544,267.447368421053,-74.3137766937378,35,4
450.432432432432,271.882882882883,-66.5973598095069,75,4
451.157024793388,274.413223140496,-75.254915956837,50,4
451.949152542373,278.525423728814,-89.6024394724688,83,4
452.738461538462,282.1,-81.7934170221627,72,4
452.860869565217,283.765217391304,-76.6033498378294,39,4
453.981818181818,288.954545454545,-77.9557584003649,89,4
454.203125,289.625,-86.6712991194221,42,4
454.442477876106,295.044247787611,83.0773232239264,89,4
454.700854700855,298.188034188034,-89.4584901678084,58,4
454.735294117647,299.862745098039,-82.456973522807,27,4
455.285714285714,303.933333333333,-79.6421911552967,65,4
455.299145299145,305.452991452991,-83.956639764373,30,4
455.607142857143,308.669642857143,86.1497900972202,53,4
455.626168224299,311.803738317757,-89.2211451913471,47,4
455.842105263158,312.350877192982,-86.1553550817868,25,4
455.954545454545,315.018181818182,-83.2497287752823,42,4
455.923076923077,316.247863247863,-83.9638079151389,23,4
455.63963963964,318.738738738739,85.8287684163783,48,4
455.563636363636,321.127272727273,83.4610709444511,41,4
455.581818181818,321.636363636364,86.8543637536176,20,4
455.625,324.240384615385,-84.2374136544127,44,4
455.72380952381,325.628571428571,-84.2563628509192,27,4
455.295918367347,327.928571428571,87.8904746749817,45,4
454.739583333333,330.989583333333,76.5286427533507,50,4
454.634615384615,331.442307692308,78.1799151083037,18,4
454.549019607843,333.421568627451,85.7350717974843,38,4
454.418367346939,334.918367346939,-87.038307499095,26,4
454.4375,337.15625,-87.1081289144812,42,4
453.967391304348,340.271739130435,76.8627535460739,48,4
453.652631578947,341.010526315789,70.2069812985479,23,4
452.969696969697,342.606060606061,66.9764279988013,40,4
452.783333333333,343.266666666667,72.6512280919637,35,4
452.322314049587,345.115702479339,83.6417860939827,61,4
451.577319587629,349.979381443299,85.045466236312,74,4
451.428571428571,350.510204081633,81.6072888802082,17,4
450.597826086957,353.478260869565,64.3460192289572,50,4
449.728155339806,355.407766990291,62.6362545113613,37,4
449,357.403669724771,69.3109450723732,48,4
447.810526315789,361.157894736842,84.6686970953944,64,4
447.494252873563,363.022988505747,85.3567756697923,28,4
446.927083333333,364.84375,79.3817214728079,39,4
446.542857142857,365.685714285714,75.8789002889557,23,4
445.252427184466,368.097087378641,66.1893188378582,54,4
444.307692307692,370.538461538462,64.2222141309019,51,4
443.701923076923,371.653846153846,68.2061985722267,32,4
442.61797752809,374.943820224719,85.5944437543135,59,4
442.368421052632,376.336842105263,88.6649583287378,24,4
441.913461538462,378.221153846154,80.7457686439046,41,4
440.859813084112,380.420560747664,66.243450902163,49,4
440.134831460674,382.011235955056,52.1152561636171,30,4
438.990566037736,384.018867924528,63.3031134855687,53,4
438.6,385.018181818182,64.7956220325627,28,4
437.323529411765,387.911764705882,80.6734404898785,54,4
436.634408602151,391.215053763441,82.4691855730277,57,4
436.178947368421,392.252631578947,75.0694657874996,22,4
434.802083333333,394.666666666667,56.9358260744028,47,4
434.141304347826,395.586956521739,51.0847907178368,24,4
432.9375,397.21875,54.4478584536199,38,4
431.8125,399.020833333333,59.9616703477438,42,4
430.941176470588,400.588235294118,64.2423319539594,27,4
429.457142857143,403.485714285714,69.6175427443373,45,4
428.882352941176,404.058823529412,64.1723176997368,14,4
428.433734939759,403.21686746988,57.6993030855819,29,4
426.915492957746,404.577464788732,44.5398683426234,30,4
426.4,404.514285714286,45.107940071103,13,4
425.409090909091,404.712121212121,43.4195881745044,24,4
424.735294117647,405.044117647059,46.5802587632827,14,4
423.446153846154,405.769230769231,49.964330452893,19,4
422.846153846154,405.564102564103,45.9705108739073,23,4
422.620253164557,405.632911392405,39.8606436787415,13,4
421.816091954023,405.793103448276,29.795641867445,20,4
420.965909090909,405.954545454545,24.060936744503,17,4
418.111111111111,406.361111111111,20.3605847376208,46,4
416.736842105263,406.315789473684,19.0779052740673,32,4
416.178082191781,406.342465753425,21.9657896818977,15,4
414,406.523076923077,19.9195222530505,38,4
412.314814814815,407.111111111111,18.0804402705303,23,4
410.77358490566,407.528301886792,6.93966360880545,21,4
411.041095890411,406.767123287671,14.7459000185257,26,4
410.74025974026,406.727272727273,12.947534738203,6,4
409.493670886076,406.759493670886,9.22042624254566,24,4
408.698630136986,406.876712328767,6.09162422014749,16,4
406.6,406.746666666667,0.969255978797282,30,4
404.797297297297,406.567567567568,10.0416983612687,29,4
404.350649350649,406.350649350649,11.1480608976946,15,4
401.885714285714,406.685714285714,18.0189910458059,35,4
400.666666666667,406.878787878788,20.7291294959202,16,4
399.314285714286,406.842857142857,14.7285918050429,26,4
