401.1,241.321428571429,66.5656202608258,NaN,1
401.05,241.392857142857,66.168248154739,8,1
400.957142857143,241.592857142857,66.2269192939241,4,1
400.829787234043,241.886524822695,65.0088742042322,9,1
401.193333333333,241.846666666667,72.1917722102476,31,1
401.51677852349,241.718120805369,74.9184880096583,29,1
401.682795698925,242.779569892473,-89.8073534761434,75,1
401.422885572139,242.925373134328,-74.1870597741496,59,1
400.696629213483,242.370786516854,-9.12808184004019,71,1
402.314285714286,242.217142857143,-10.0430645572093,87,1
404.140350877193,243.210526315789,-5.3562552692809,66,1
407.941176470588,243.435294117647,19.5645592244633,111,1
410.056818181818,242.6875,40.8449274573161,60,1
413.820359281437,240.167664670659,41.088906298252,105,1
418.047619047619,237.326530612245,11.5278204833209,116,1
420.564885496183,236.656488549618,9.51400938193474,58,1
426.139534883721,234.945736434109,21.7039927450153,106,1
429.588235294118,233.63025210084,35.1871475570368,62,1
434.236220472441,230.700787401575,18.271719485974,106,1
439.088888888889,229.348148148148,-7.51002538845978,106,1
441.567164179104,229.201492537313,3.04945965178651,59,1
446.903225806452,228.483870967742,22.9573410304228,106,1
448.976923076923,228.023076923077,30.4771486338191,46,1
453.212765957447,226.404255319149,22.1691694953134,89,1
457.608391608392,225.153846153846,4.83371924889353,86,1
460.402985074627,224.850746268657,3.59359319169268,49,1
464.544117647059,223.875,12.690219975845,90,1
466.830882352941,223.588235294118,23.2233388579134,50,1
471.330827067669,221.526315789474,26.7504661003017,95,1
475.166666666667,219.891304347826,7.18595023356254,89,1
477.548611111111,219.375,0.862624730426383,50,1
481.578571428571,219.107142857143,3.9296559643139,88,1
483.924657534247,218.479452054795,14.1901512988274,52,1
488.732394366197,217.035211267606,28.8463891641747,100,1
493.286713286713,215.307692307692,13.6329044548618,95,1
495.878571428571,214.707142857143,2.05987137242224,59,1
500.659574468085,214.198581560284,-3.09871354925339,95,1
503.197278911565,214.142857142857,1.29139126905653,56,1
507.88275862069,213.731034482759,20.6661797857626,90,1
512.861313868613,212.335766423358,13.5466539896423,100,1
514.781690140845,211.859154929577,7.0078776620639,41,1
519.2,211.62962962963,-6.10553593445651,87,1
521.387323943662,211.62676056338,-6.33753234617433,45,1
525.554054054054,211.655405405405,7.46782168565475,78,1
530.285714285714,211.047619047619,15.0796818112683,91,1
532.675496688742,210.556291390728,6.71625523350989,54,1
536.971631205674,210.375886524823,-11.3594631510359,88,1
539.124137931035,210.6,-17.5729433912364,46,1
543.723404255319,211.553191489362,-14.0837875687286,92,1
547.826086956522,212.166666666667,1.90802590904201,79,1
549.507142857143,212.035714285714,4.18671557096686,42,1
554.522388059701,212.15671641791,-8.14520663249483,96,1
556.059701492537,212.082089552239,-16.8954645165661,40,1
560.255639097744,213.443609022556,-27.0141871529173,83,1
563.853146853147,214.692307692308,-17.4567066378393,70,1
565.510489510489,215.237762237762,-12.3043253913976,38,1
569.506578947368,216.421052631579,-6.08067231236418,81,1
570.882352941176,216.673202614379,-4.99680520204239,37,1
574.935251798561,217.510791366906,-19.6982078087677,76,1
578.08275862069,218.993103448276,-31.0491687098129,68,1
580,219.859259259259,-28.1842501426694,38,1
583.520833333333,221.854166666667,-17.350292168627,81,1
584.923076923077,222.230769230769,-8.67663305672217,35,1
588.568345323741,222.985611510791,-6.83434905681828,74,1
592.118055555556,223.618055555556,-20.957770014187,73,1
593.968503937008,224.299212598425,-21.0230893713397,41,1
597.2,225.714285714286,-26.1816808817404,69,1
599.104895104895,226.622377622378,-22.2911492416794,43,1
602.194444444444,227.465277777778,-7.27263841356698,67,1
605.718309859155,227.922535211268,-3.91197168971775,72,1
607.657142857143,228.15,-10.9721328413541,40,1
611.407142857143,228.957142857143,-24.028095116355,76,1
613.18115942029,229.427536231884,-29.4351805541467,36,1
616.134228187919,230.48322147651,-24.0910134503143,65,1
619.506666666667,231.753333333333,-10.9317390756215,73,1
621.881944444444,232.402777777778,-7.61258253918071,48,1
625.156716417911,232.567164179104,-11.6298410373986,66,1
627.144927536232,233.224637681159,-23.5594209013298,50,1
630.352941176471,234.720588235294,-37.5370767793641,70,1
633.484375,236.4375,-35.513582409976,68,1
635.128787878788,237.356060606061,-31.2942235163219,36,1
638.955357142857,239.267857142857,-13.7530511432776,76,1
640.375,239.791666666667,-13.7761024035091,32,1
644.838095238095,241.4,-32.097931082098,77,1
648.163461538462,243.403846153846,-44.4130986125939,65,1
649.588235294118,244.186274509804,-36.6129363564902,30,1
652.196428571429,246.392857142857,-31.9044887061374,60,1
652.882352941176,247.386554621849,-34.3357909981224,23,1
653.535433070866,248.653543307087,-41.4422282766124,30,1
654.341463414634,250.943089430894,-71.1293291811171,62,1
654.535087719298,252.245614035088,-81.1442023814091,31,1
654.8,255.457142857143,85.721053679158,61,1
655.059829059829,257.34188034188,-80.7174061357743,40,1
655.016260162602,260.130081300813,-74.5540778763561,72,1
655.220338983051,263.076271186441,-84.5711836573924,63,1
655.273504273504,264.692307692308,83.8925100558542,37,1
654.849557522124,267.548672566372,56.708322783143,60,1
654.262295081967,268.893442622951,56.4076283775416,33,1
653.007936507937,271.642857142857,64.5681750889426,60,1
651.727272727273,274.768595041322,89.8826802009857,69,1
651.620689655172,276.318965517241,-85.3949913766753,33,1
651.646017699115,278.946902654867,-85.1229437608639,57,1
651.661290322581,280.91935483871,79.9814475708031,45,1
651.224,284.12,58.8420129745857,73,1
NaN,NaN,NaN,125,1
396.813008130081,236.479674796748,-42.0140922855886,NaN,2
397.225563909774,236.87969924812,-44.8506531572088,18,2
398.649350649351,238.461038961039,-45.4810871350947,31,2
397.567741935484,238.058064516129,-69.7869640401711,93,2
396.940298507463,234.850746268657,-87.3192646407712,75,2
396.597014925373,233.238805970149,-77.0500199288174,32,2
395.63309352518,230.985611510791,-60.4245141148226,59,2
395.184210526316,229.914473684211,-56.3990625930327,41,2
393.037037037037,225.637037037037,-70.573979840739,93,2
391.317073170732,220.463414634146,-76.0670254458949,98,2
390.528925619835,218.876033057851,-59.378003096579,42,2
387.792592592593,215.037037037037,-28.3115048240645,108,2
386.204225352113,213.732394366197,-21.1106078743613,53,2
382.03937007874,211.062992125984,-36.2447446554121,103,2
378.4375,208.3359375,-53.4493716437753,93,2
377,207.133333333333,-49.331549956783,38,2
373.296296296296,203.496296296296,-43.8617320932389,93,2
372.319444444444,202.645833333333,-42.3575993219182,37,2
368.597122302158,200.115107913669,-39.6988018609406,99,2
365.671641791045,198.186567164179,-53.0163810732437,77,2
364.354838709677,196.637096774194,-53.3643024964133,48,2
361.883333333333,193.975,-56.5089895716872,72,2
360.430894308943,192.048780487805,-58.3265820187148,45,2
357.775362318841,189.31884057971,-41.6289275574771,73,2
355.384057971014,186.876811594203,-30.1658881432845,78,2
354.291338582677,186.354330708661,-28.6982114441425,27,2
351.296875,183.90625,-46.6349684118776,77,2
350.076335877863,182.770992366412,-55.2377875409914,39,2
347.823529411765,179.897058823529,-58.4620713758455,69,2
345.281481481481,177.192592592593,-45.3306875248744,69,2
344.330827067669,176.360902255639,-34.6436307719847,26,2
341.885496183206,174.381679389313,-27.4276335762768,66,2
340.597122302158,173.453237410072,-29.1983390702942,34,2
337.9375,171.8046875,-46.7958809931687,57,2
335.737704918033,169.770491803279,-64.193200415655,58,2
334.666666666667,168.233333333333,-61.9932364717934,34,2
332.870967741935,165.572580645161,-56.895534643077,58,2
332.055118110236,164.417322834646,-51.5909048837486,27,2
330.398496240602,162.488721804511,-43.6267685923458,50,2
328.124031007752,159.937984496124,-48.6710234860264,66,2
327.603305785124,159.545454545455,-51.7881063654902,16,2
325.871794871795,156.376068376068,-76.425722613237,66,2
325.194915254237,154.983050847458,-85.6391432797609,29,2
324.258333333333,151.516666666667,-80.2566233758604,64,2
323.252032520325,148.90243902439,-62.3106295729472,51,2
322.706349206349,147.746031746032,-56.4204693643785,27,2
321.626984126984,145.865079365079,-54.8940930010455,50,2
321.097014925373,144.328358208955,-57.3635129971111,36,2
319.413223140496,140.611570247934,-80.1483120844101,71,2
318.745614035088,137.429824561404,89.5896977460308,61,2
318.495412844037,135.550458715596,89.0908979756527,33,2
317.961904761905,133.028571428571,-76.0266409482,50,2
317.605042016807,131.27731092437,-69.8606988369839,34,2
316.520661157025,128.661157024793,-63.3860209881987,60,2
315.333333333333,125.036036036036,-74.5930951147365,68,2
314.854368932039,123.514563106796,-85.7496345160036,34,2
314.565656565657,120.888888888889,83.1361494766109,50,2
314.424528301887,119.103773584906,83.9701599219933,35,2
313.909090909091,116.427272727273,-81.8302873564917,50,2
313.242718446602,113.563106796117,-69.2670884750087,55,2
312.659574468085,112.148936170213,-58.7346801753161,31,2
311.52427184466,109.339805825243,-71.5368930275014,57,2
311,107.695238095238,-81.9197135224183,30,2
310.518867924528,104.669811320755,84.4694365759341,59,2
310.169811320755,101.254716981132,84.1208207432648,62,2
310.107843137255,99.8235294117647,-88.1751607980618,26,2
309.490196078431,96.8137254901961,-68.3405013384074,58,2
308.899082568807,95.1009174311927,-65.8870621302789,35,2
307.923728813559,91.9322033898305,-73.0156704378709,63,2
307.123966942149,88.8347107438017,-88.3135732574766,63,2
306.941176470588,87.4453781512605,88.1590766880556,32,2
306.893442622951,85.7295081967213,79.5382534984555,41,2
306.792,85.128,77.5654802460646,21,2
306.628787878788,85.219696969697,86.8445315532773,23,2
306.666666666667,85.9469696969697,-89.9332012538365,28,2
306.551470588235,85.6617647058823,-89.1348511289961,24,2
306.507246376812,85.4710144927536,89.4111677605881,28,2
306.610294117647,85.4705882352941,-89.503780869626,16,2
306.578947368421,84.0676691729323,82.7392483878299,33,2
306.876811594203,83.9057971014493,82.8067653773615,17,2
306.919117647059,83.9558823529412,84.602738710817,16,2
307.300751879699,84.3984962406015,85.4696310972853,27,2
307.615384615385,84.6615384615385,86.0615027325961,17,2
307.921875,84.8828125,84.953197224649,22,2
307.869565217391,85.2246376811594,85.4842094962197,26,2
308.217391304348,85.3405797101449,86.6160744828828,16,2
308.255319148936,85.3120567375886,87.1302346679997,15,2
308.271428571429,85.3785714285714,87.2200934752484,15,2
308.553191489362,85.5035460992908,88.9063006589529,13,2
308.78125,85.078125,-88.2112249015643,15,2
308.891666666667,85.125,-88.8894247112724,22,2
308.642857142857,85.3174603174603,-89.8971023041375,28,2
308.723076923077,85.3230769230769,89.1252222769419,14,2
308.725190839695,85.2595419847328,87.3822649998856,11,2
308.738805970149,85.3358208955224,88.1170400726974,5,2
308.744360902256,85.4135338345865,87.8224993223372,7,2
308.69696969697,85.2954545454545,86.6781224901091,7,2
308.671755725191,85.2671755725191,86.4350554485823,3,2
308.544117647059,85.3088235294118,86.3443902288826,13,2
308.4,85.4518518518519,86.451493948621,11,2
308.280575539568,85.6546762589928,85.980959865871,10,2
308.397058823529,85.6838235294118,85.9007110173815,5,2
308.270676691729,85.3383458646616,85.7254345047707,9,2
308.356589147287,85.6046511627907,82.7905093926937,10,2
308.171641791045,85.5,86.044285419496,11,2
308.12030075188,85.5112781954887,86.0146343942011,7,2
308.023076923077,85.7076923076923,87.0768966671089,11,2
307.953125,85.7109375,87.7570267889009,6,2
307.706766917293,85.5714285714286,86.5630055516571,13,2
307.358208955224,85.7313432835821,89.4091997321744,13,2
307.401515151515,85.6136363636364,89.1529783530583,10,2
307.231343283582,85.8059701492537,-89.4479736257277,10,2
306.905797101449,85.7463768115942,-88.5469372460357,12,2
306.852941176471,85.9338235294118,-85.5409651076913,14,2
306.699248120301,86.0902255639098,-85.8233154420117,7,2
306.55303030303,85.7727272727273,-86.340339681883,7,2
306.115942028986,85.963768115942,-83.2822598015898,16,2
306.214814814815,85.9259259259259,-83.1183512335481,13,2
306.114285714286,86.4285714285714,-81.2225407176832,13,2
305.823529411765,86.2573529411765,-80.5906972790572,10,2
305.755555555556,86.3111111111111,-78.8454381494956,7,2
305.644927536232,86.6086956521739,-78.9103470543193,9,2
305.611940298507,86.7238805970149,-79.7502196371953,10,2
305.392857142857,86.8428571428571,-76.8812174281358,12,2
NaN,NaN,NaN,140,2
398.68275862069,230.544827586207,44.4913524998599,NaN,3
398.668965517241,230.744827586207,44.962918428452,6,3
398.534722222222,230.847222222222,44.0130946526746,7,3
398.462585034014,230.891156462585,44.6949658715949,9,3
398.451388888889,230.958333333333,44.0150131729922,5,3
398.55,231.035714285714,42.2026696503796,8,3
398.324137931034,231.2,43.1648255233474,9,3
398.706293706294,230.839160839161,44.0286607483871,10,3
398.51724137931,231.020689655172,43.815710896949,6,3
398.507142857143,231.135714285714,42.5926709796085,7,3
398.567375886525,231.056737588652,43.4948575266163,5,3
398.605633802817,230.93661971831,43.3845905856278,5,3
398.629370629371,230.923076923077,43.2980681438848,5,3
398.602836879433,230.978723404255,43.4913798240119,2,3
398.56338028169,231.014084507042,43.7922099470698,3,3
398.492857142857,231.214285714286,43.6494764710115,6,3
398.514285714286,231.207142857143,42.9282548851833,6,3
398.528571428571,231.128571428571,43.4236784629729,4,3
398.571428571429,231.092857142857,42.8849942917915,2,3
398.5,231.194444444444,42.9803045823034,6,3
398.468531468531,231.237762237762,43.108813450781,3,3
398.548611111111,231.326388888889,42.8147417807047,5,3
398.482517482517,231.34965034965,44.2590688609217,7,3
398.587412587413,231.272727272727,42.5375489743327,8,3
398.652482269504,231.276595744681,42.7846608516217,2,3
398.521428571429,231.285714285714,43.4525261280624,5,3
398.669014084507,231.288732394366,43.1556028860531,4,3
398.808510638298,231.170212765957,42.9771017393044,5,3
398.678321678322,231.188811188811,43.2887637507156,4,3
398.604166666667,231.388888888889,43.6743011010888,5,3
398.493150684931,231.335616438356,43.1874297195266,6,3
398.370629370629,231.552447552448,42.4560329071782,7,3
398.489510489511,231.538461538462,41.9564313098178,8,3
398.541666666667,231.409722222222,42.4111518728414,5,3
398.380281690141,231.570422535211,41.7130644606598,8,3
398.517006802721,231.408163265306,42.7167823189499,7,3
398.444444444444,231.486111111111,43.3658131703351,7,3
398.692307692308,231.377622377622,43.4338862858779,11,3
398.723404255319,231.397163120567,43.4221643395944,4,3
398.486111111111,231.451388888889,43.3694091391516,9,3
398.355704697987,231.664429530201,43.3606085553541,9,3
398.535211267606,231.549295774648,42.7551105794346,11,3
398.73381294964,231.194244604317,42.7836808160477,7,3
398.652482269504,231.517730496454,42.6021413743115,10,3
398.73381294964,231.330935251799,43.7615211978454,8,3
398.758865248227,231.31914893617,44.1602812310692,4,3
398.687943262411,231.475177304965,43.6114484752731,4,3
398.590277777778,231.479166666667,43.679286270188,3,3
398.561643835616,231.390410958904,44.0236217447741,8,3
398.659574468085,231.503546099291,43.7404732214084,7,3
398.631944444444,231.493055555556,43.8455082882313,3,3
398.496551724138,231.648275862069,44.2730192316024,3,3
398.561643835616,231.582191780822,44.3423485572666,3,3
398.633802816901,231.549295774648,43.9752171381731,4,3
398.619718309859,231.556338028169,43.8937985527795,2,3
398.669014084507,231.457746478873,43.8566093858648,2,3
398.678571428571,231.5,44.000082218812,6,3
398.657342657343,231.552447552448,44.4759092468281,5,3
398.521126760563,231.69014084507,43.4990734790311,5,3
398.643356643357,231.58041958042,44.3944362226978,5,3
398.645390070922,231.54609929078,43.897829532225,6,3
398.5625,231.631944444444,43.9827787478018,5,3
398.461538461538,231.643356643357,44.1096467349101,5,3
398.63698630137,231.452054794521,45.6121762723459,7,3
398.534722222222,231.631944444444,44.2030902216552,6,3
398.652777777778,231.548611111111,44.7196871265863,4,3
398.558620689655,231.668965517241,44.1424400479737,7,3
398.5,231.602739726027,44.581138211623,3,3
398.615384615385,231.559440559441,44.6568613077947,3,3
398.608391608392,231.692307692308,44.511405558573,8,3
398.587412587413,231.671328671329,43.9788495023107,2,3
398.558620689655,231.724137931034,44.9090468368512,6,3
398.594405594406,231.657342657343,43.8756349804765,4,3
398.510344827586,231.648275862069,44.5080744654037,6,3
398.579310344828,231.606896551724,44.2987787326668,2,3
398.444444444444,231.854166666667,44.460731459939,7,3
398.555555555556,231.604166666667,44.4851315459218,6,3
398.538461538462,231.594405594406,44.5247414070249,3,3
398.468531468531,231.72027972028,44.979570787349,6,3
398.401360544218,231.639455782313,45.2558119201032,6,3
398.493055555556,231.569444444444,44.6968505562858,3,3
398.445205479452,231.582191780822,45.0243001763363,4,3
398.592857142857,231.507142857143,45.117745701796,8,3
398.636363636364,231.496503496503,46.0020039290047,5,3
398.643356643357,231.559440559441,45.0336283771645,4,3
398.605633802817,231.471830985915,44.8373285754959,5,3
398.566433566434,231.517482517483,45.2455494351015,3,3
398.468531468531,231.475524475524,44.9116686572914,4,3
398.63309352518,231.489208633094,44.351143364566,6,3
398.270833333333,231.805555555556,47.0955400459089,13,3
398.627586206897,231.703448275862,47.7790088288479,21,3
399.205298013245,230.834437086093,46.3820961931287,46,3
399.277777777778,231.135802469136,51.5979485072674,39,3
398.83615819209,231.203389830508,0.528381569098471,83,3
399.527173913043,231.239130434783,-15.4688552570598,77,3
401.238095238095,231.678571428571,-16.2213532919957,48,3
404.5625,232.1,-4.10225339205362,76,3
405.594117647059,232.358823529412,1.19694890441357,38,3
411,231.333333333333,27.9743303723213,117,3
415.302631578947,231.105263157895,4.02892814856428,103,3
417.307142857143,230.357142857143,4.53054652758543,66,3
422.432203389831,229.372881355932,8.43617018937551,104,3
425.369369369369,228.918918918919,25.2115444756925,53,3
430.176991150442,227.362831858407,33.8098567202789,90,3
434.075,225.483333333333,13.5942735977743,83,3
437.571428571429,224.526785714286,1.77630397307614,52,3
441.839622641509,224.330188679245,6.83939124796907,70,3
444.739837398374,223.121951219512,24.3004539783163,59,3
449.066666666667,221.316666666667,28.270092676812,87,3
452.724409448819,220.086614173228,9.0146619789177,71,3
455.466165413534,219.511278195489,5.12114308695632,58,3
459.757352941176,218.536764705882,9.83550011710746,89,3
462.255639097744,218.127819548872,25.7662160310626,53,3
466.556390977444,216.218045112782,38.5113345192394,92,3
470.654676258993,214.064748201439,20.2720389935698,90,3
473.408,212.84,9.68668818531077,62,3
476.101351351351,212.013513513514,15.0001514006036,57,3
478.533333333333,211.053333333333,19.9560578740821,52,3
482.955555555556,208.62962962963,38.5942659853182,99,3
487.174242424242,205.984848484848,26.9897590661259,93,3
488.923664122137,205.076335877863,13.5123520503517,41,3
493.236486486487,203.682432432432,5.94019168358255,91,3
495.168918918919,203.391891891892,6.84376971773299,40,3
499.442028985507,202.413043478261,26.2132311567961,90,3
503.456375838926,200.865771812081,32.4959804561349,89,3
505.879194630872,200.026845637584,22.8247988846845,52,3
510.695945945946,197.939189189189,9.73384327027564,105,3
513.095238095238,197.69387755102,7.08938627958784,53,3
517.539568345324,196.892086330935,25.9105883972586,94,3
521.131782945736,195.108527131783,42.7674539073174,82,3
523.057851239669,194.04132231405,32.8072498124545,48,3
527.136,191.216,16.7030359596881,94,3
528.468531468532,190.573426573427,15.7032444187053,38,3
531.937888198758,189.521739130435,12.4293100050588,78,3
536.213333333333,188.166666666667,22.873765597795,89,3
538.054421768707,187.197278911565,26.2580044394569,51,3
541.6875,185.895833333333,22.4723564996477,71,3
543.454545454545,185.146853146853,18.1289955307041,43,3
546.669064748201,183.89928057554,-1.61716043770939,72,3
550.924242424242,183.689393939394,-2.45834167410353,81,3
553.355555555556,183.644444444444,5.02930286114053,47,3
557.243055555556,183.027777777778,23.839473861507,81,3
558.893617021277,182.673758865248,28.4036247171066,47,3
562.680272108843,181.510204081633,17.9406217563124,80,3
566.304054054054,180.695945945946,1.82443907550708,79,3
568.58904109589,180.561643835616,-2.43675210604895,50,3
571.915032679739,180.372549019608,-0.412466284478823,69,3
574.039473684211,180.328947368421,10.0253780468309,49,3
577.993288590604,179.651006711409,23.6893465336064,79,3
582.347222222222,178.388888888889,20.2244326712839,87,3
584.485915492958,177.746478873239,7.9377851442309,42,3
587.737931034483,177.206896551724,-5.46243441981091,65,3
589.557823129252,177.30612244898,-8.35155495064674,46,3
594.075342465753,177.349315068493,-1.98221727503353,83,3
597.389261744966,177.268456375839,10.9636388456198,67,3
599.455782312925,177.142857142857,11.7870467602849,40,3
603.253424657534,176.527397260274,3.65077907378895,77,3
605.438356164384,176.315068493151,-4.919157340316,46,3
609.041379310345,176.303448275862,-13.2740088960697,79,3
612.403846153846,176.448717948718,-8.38483952979211,63,3
614.172185430464,176.741721854305,-0.632945644026164,41,3
618.638157894737,176.355263157895,11.4799477282611,85,3
620.945945945946,176.067567567568,13.7757010802596,48,3
624.587412587413,175.34965034965,-3.57568909147195,79,3
628.310810810811,175.554054054054,-15.0916807238814,75,3
630.221428571429,175.785714285714,-14.8672625303161,48,3
633.948905109489,176.270072992701,-8.81176753184548,71,3
635.832116788321,176.547445255474,-2.38575440565544,30,3
640.264,176.728,4.46830737657624,80,3
644.760330578512,176.710743801653,-1.87441814316152,72,3
646.644628099174,176.884297520661,-8.01799185174063,36,3
651.067226890756,177.840336134454,-25.2481699492025,74,3
652.198275862069,178.23275862069,-27.9406196431895,27,3
652.753968253968,179.468253968254,-31.045545713048,40,3
654.077586206897,180.922413793103,-27.576463657903,36,3
654.372881355932,181.525423728814,-31.5131743821834,20,3
655.123966942149,182.611570247934,-44.2129797051958,37,3
655.815789473684,183.649122807018,-54.8782907604995,27,3
656.495495495495,185.693693693694,-68.3336960754861,47,3
656.655462184874,187.579831932773,-66.1488270562029,42,3
656.456,188.512,-62.2611663925572,28,3
656.520325203252,190.609756097561,-50.3627101762843,58,3
656.604838709677,191.709677419355,-46.6668705190438,31,3
657.306451612903,194.217741935484,-52.3425920157149,54,3
657.5,195.991803278689,-65.2995944589898,40,3
657.530973451327,196.725663716814,-70.3450533838995,23,3
657.44,199.52,-87.8493162045861,57,3
657.048076923077,201.211538461538,-89.7181285802755,32,3
656.221153846154,203.615384615385,-77.3907117335971,52,3
