406.050420168067,248.588235294118,-69.5464149269374,NaN,1
405.98347107438,248.619834710744,-70.4573533576059,4,1
406.032520325203,248.723577235772,-70.5258444652532,4,1
406.016806722689,248.663865546218,-69.9047247480569,4,1
406.025423728814,248.601694915254,-69.520776413181,1,1
406.050420168067,248.588235294118,-69.5464149269374,1,1
406,248.63025210084,-69.6632481735639,2,1
406.049586776859,248.785123966942,-70.6518900937664,4,1
406.066115702479,248.694214876033,-70.3755429784541,2,1
405.99173553719,248.760330578512,-70.4019184443579,4,1
405.983333333333,248.55,-70.108734396945,3,1
405.99173553719,248.760330578512,-70.4019184443579,3,1
405.98347107438,248.619834710744,-70.4573533576059,2,1
406.016666666667,248.733333333333,-70.2700313064083,1,1
406.016666666667,248.733333333333,-70.2700313064083,0,1
406.016666666667,248.733333333333,-70.2700313064083,0,1
406,248.7,-70.0378872223483,2,1
405.957983193277,248.638655462185,-70.359928760467,1,1
405.95,248.7,-70.7301731462288,1,1
405.99173553719,248.760330578512,-70.4019184443579,1,1
405.99173553719,248.760330578512,-70.4019184443579,0,1
405.950819672131,248.66393442623,-70.2515895597548,1,1
405.99173553719,248.760330578512,-70.4019184443579,1,1
405.959016393443,248.729508196721,-70.2044396866669,1,1
405.99173553719,248.760330578512,-70.4019184443579,1,1
405.991666666667,248.808333333333,-70.2265960663919,1,1
405.959016393443,248.729508196721,-70.2044396866669,2,1
405.98347107438,248.826446280992,-69.9589362644012,1,1
405.98275862069,248.827586206897,-69.9142469153412,7,1
405.959016393443,248.729508196721,-70.2044396866669,6,1
405.959016393443,248.729508196721,-70.2044396866669,0,1
405.90756302521,248.789915966387,-70.158896167943,3,1
405.9,248.983333333333,-70.5437249392822,3,1
405.868852459016,248.827868852459,-70.8707268328079,2,1
405.991525423729,249.042372881356,-69.9450713685977,6,1
405.95,248.941666666667,-69.983377500068,2,1
405.991666666667,249.15,-70.1661084967425,4,1
406,249.186440677966,-69.9578206299383,2,1
406.050420168067,249.176470588235,-64.7576851464265,25,1
406.626016260163,249.414634146341,-50.3555751870904,40,1
406.789473684211,249.255639097744,-34.2029223672902,30,1
408.701492537313,250.268656716418,-21.0450214849139,67,1
411.746478873239,251.288732394366,-32.7440188867227,80,1
413.58389261745,252.006711409396,-29.8128815132115,49,1
417.604838709677,253.620967741935,-15.2645935194906,89,1
418.940298507463,253.731343283582,-16.5010456566287,40,1
422.481751824818,254.474452554745,-28.2378676984008,79,1
425.847826086957,255.789855072464,-31.3971992564485,69,1
427.462068965517,256.255172413793,-29.3263696849117,35,1
431.37323943662,257.767605633803,-22.2195192460615,77,1
432.965986394558,258.149659863946,-21.5174705768662,43,1
436.20979020979,259.125874125874,-29.485779239354,70,1
438.824324324324,260.209459459459,-39.3796228973958,63,1
440.142857142857,260.78231292517,-33.7359570343812,31,1
442.398648648649,261.668918918919,-25.4040967293632,51,1
443.530201342282,262.046979865772,-21.2388124906382,31,1
445.421383647799,262.74213836478,-16.241056262295,56,1
447.943396226415,263.433962264151,-24.9039315232564,60,1
448.961538461538,263.634615384615,-24.1420820454241,41,1
451.950704225352,264.514084507042,-19.6897809659405,68,1
453.222222222222,264.680555555556,-10.4886006067631,38,1
455.593103448276,265.158620689655,1.97256377878928,51,1
458.530612244898,265.299319727891,-7.39219678667679,60,1
460.226666666667,265.486666666667,-14.3059395763903,37,1
463.385135135135,265.581081081081,-13.1015211046504,70,1
464.736842105263,265.763157894737,-7.79623256238892,38,1
468.066225165563,266.331125827815,6.22299703763985,71,1
470.521739130435,266.633540372671,6.21539239407568,62,1
473.105960264901,266.284768211921,-8.10115014747795,54,1
476.112582781457,266.238410596026,-9.43402593459668,66,1
477.912751677852,266.496644295302,-6.46644480938586,42,1
480.967532467532,266.993506493507,3.53262004942256,71,1
483.851612903226,267.103225806452,-3.00907822987919,65,1
486.11724137931,267.31724137931,-12.3388396420458,44,1
489.006756756757,267.885135135135,-11.5555282460944,61,1
490.524137931034,268.048275862069,-3.90991375840332,35,1
492.543209876543,268.296296296296,7.05550306741915,63,1
494.625730994152,268.847953216374,11.7320137419098,65,1
496.625,268.60625,0.279689209276721,51,1
499.58,268.42,-8.7443724819584,62,1
500.566878980892,268.420382165605,-9.07928946494475,27,1
503.287581699346,268.666666666667,7.31992110527403,60,1
505.66875,268.7625,18.5219429843531,63,1
507.277372262774,268.525547445255,9.5190228888328,43,1
509.006493506493,268.493506493507,4.76871225520433,47,1
510.266233766234,268.214285714286,-0.928881635514445,38,1
513.183544303797,267.860759493671,-5.30035695318517,56,1
515.923566878981,268.03821656051,10.9048162336759,67,1
517.38064516129,267.845161290323,13.7542457575383,30,1
520.2,267.371428571429,11.478473819607,57,1
521.546762589928,266.762589928058,4.67097449051898,41,1
524.013157894737,266.789473684211,-1.71025028666073,57,1
526.941935483871,266.81935483871,-0.162107178633651,61,1
528.545454545455,266.685314685315,2.61089774831609,40,1
532.381944444444,266.131944444444,11.6896584138775,77,1
533.737931034483,266.068965517241,13.7723808133465,29,1
536.993103448276,265.613793103448,0.679016002472682,68,1
539.573333333333,265.34,-8.09866779916917,53,1
541.197183098591,265.56338028169,-3.93280771717348,32,1
543.920529801325,265.390728476821,6.37873675236007,61,1
545.503355704698,265.469798657718,12.5249052432114,36,1
548.844594594595,264.817567567568,18.2919008418971,77,1
551.664383561644,264.061643835616,4.95536460492479,64,1
552.978873239437,264.183098591549,0.928440331817622,32,1
555.48275862069,264.034482758621,-3.5810024760639,57,1
557.192857142857,264.071428571429,0.494704694951556,39,1
559.496644295302,263.959731543624,7.99507260014507,51,1
562.373333333333,263.933333333333,14.3180002802269,67,1
564.077464788732,263.746478873239,8.48987982944445,38,1
566.241134751773,263.63829787234,0.381339101760965,47,1
567.83660130719,263.673202614379,-5.24067158514006,36,1
570.767605633803,263.908450704225,-5.21233464651532,63,1
573.514285714286,263.857142857143,5.96345112517008,64,1
574.898550724638,263.963768115942,11.7592312316861,34,1
578.05035971223,263.705035971223,10.1381799715947,65,1
578.867132867133,263.657342657343,7.49926552758008,20,1
581.632653061224,263.510204081633,-1.52151794214079,60,1
585.131386861314,263.408759124088,-3.19599440721274,74,1
586.347517730496,263.09219858156,2.85909308954714,32,1
588.622377622378,263.160839160839,10.3105966697696,50,1
590.253521126761,262.915492957746,17.5905447803387,41,1
593.081632653061,262.272108843537,16.7238935632066,65,1
595.791666666667,261.569444444444,7.02002356596169,63,1
597.406896551724,261.255172413793,7.37446416718822,35,1
600.128378378378,260.628378378378,10.7565127508374,57,1
601.707482993197,260.496598639456,17.7294712175595,37,1
604.548872180451,259.421052631579,26.6856632158341,66,1
606.880281690141,258.781690140845,24.0034509561137,59,1
608.068027210884,258.244897959184,19.0445900816642,33,1
611.409722222222,257.173611111111,8.88744091991715,69,1
612.841726618705,257.136690647482,8.969786231788,31,1
615.251655629139,256.17880794702,15.6090101408745,58,1
617.894039735099,255.53642384106,22.2839277494031,56,1
618.959731543624,255.342281879195,17.9689490466864,36,1
621.668965517241,254.531034482759,14.5251577936223,64,1
623.083333333333,254.298611111111,9.23672309735032,31,1
625.832167832168,253.475524475524,0.620916598804042,53,1
628.489361702128,253.304964539007,10.9257854354475,60,1
629.75572519084,253.320610687023,15.2749121960887,30,1
632.746268656716,252.208955223881,27.1938533559773,69,1
633.521428571429,251.921428571429,28.0562939880664,32,1
636.22962962963,251.118518518519,20.3037716276099,63,1
638.664335664336,250.447552447552,13.1247557145001,52,1
640.569343065693,249.759124087591,10.1413414924717,36,1
642.342857142857,249.414285714286,13.0534430365234,39,1
643.829787234043,249,16.9203027902585,35,1
646.634328358209,248.141791044776,22.8910656169766,63,1
648.992647058824,247.713235294118,17.9759165923164,52,1
650.342657342657,247.461538461538,12.1364625591352,33,1
652.81884057971,246.920289855072,5.1896917080708,53,1
654.571428571429,246.924812030075,1.67856212052469,35,1
656.908450704225,246.422535211268,8.91396750487569,53,1
659.782945736434,245.961240310078,17.6873574581425,65,1
660.907692307692,245.884615384615,17.3770120657589,29,1
663.511811023622,245.322834645669,9.85230332130988,57,1
664.143939393939,245.356060606061,8.0902516615515,17,1
666.961240310078,244.922480620155,2.08323344116767,55,1
670.051724137931,244.801724137931,4.0235041721462,57,1
671.370689655172,244.689655172414,6.64171093902504,30,1
674.55737704918,244.172131147541,17.3925934070511,56,1
675.924369747899,243.90756302521,18.1067337863984,27,1
677.30534351145,243.450381679389,13.6621879664588,38,1
677.701612903226,243.088709677419,14.5978540869975,21,1
678.008,242.728,15.1738425813582,15,1
678.905511811024,242.236220472441,17.6155349272989,22,1
678.84375,242.140625,19.4948367642809,19,1
679.09375,241.515625,28.423733210707,48,1
680.008196721311,240.508196721311,35.4003461242647,34,1
680.258333333333,240.125,35.7667852534324,16,1
680.373015873016,239.198412698413,41.0163969359806,36,1
680.186046511628,239.108527131783,41.4926505260849,17,1
680.095588235294,238.536764705882,46.5070066910409,27,1
NaN,NaN,NaN,136,1
410.739495798319,246.243697478992,-44.0112249793582,NaN,2
410.616666666667,246.175,-44.1631920514318,3,2
410.566666666667,246.191666666667,-44.1075326150117,4,2
410.658333333333,246.233333333333,-44.1761760402075,2,2
410.781512605042,246.352941176471,-44.1878303992394,3,2
410.781512605042,246.352941176471,-44.1878303992394,0,2
410.78813559322,246.550847457627,-45.1369820957112,5,2
410.865546218487,246.621848739496,-44.4748398507536,3,2
410.974576271186,246.686440677966,-43.7664425720687,11,2
411.033898305085,246.686440677966,-42.0595809047374,14,2
412.247863247863,247.393162393162,-20.8433462309032,53,2
413.314960629921,247.779527559055,-22.2347504812797,46,2
414.529411764706,248.470588235294,-28.7867416092208,32,2
416.327433628319,249.265486725664,-40.9393807466076,52,2
417.968503937008,251.023622047244,-50.7954347622853,48,2
420.757575757576,252.681818181818,-39.678188992249,77,2
422.985714285714,255.157142857143,-33.2404672156554,88,2
424.540740740741,255.740740740741,-37.3054023369839,35,2
427.8046875,258.2890625,-53.4074183465871,85,2
429.350746268657,260.223880597015,-52.6857456622945,52,2
431.089171974522,261.503184713376,-39.7518954532132,59,2
433.894039735099,264.112582781457,-42.0747263546185,78,2
435.078571428571,264.885714285714,-48.3828350535895,37,2
436.772727272727,266.969696969697,-64.2319522365636,54,2
437.763358778626,268.549618320611,-74.6061712174764,35,2
438.733333333333,270.859259259259,-72.0231437572998,48,2
439.556390977444,272.541353383459,-69.4156828408902,42,2
439.733870967742,273.411290322581,-73.0189299814355,25,2
440.045112781955,275.872180451128,-83.0162743291254,53,2
440.007633587786,276.75572519084,-87.460399867857,28,2
440.013793103448,278.593103448276,80.5773965034316,60,2
439.568345323741,280.906474820144,83.7473856356463,50,2
439.195488721805,281.804511278195,-89.7409172047094,30,2
438.698412698413,284.214285714286,-79.7887017009945,55,2
438.638655462185,285.806722689076,-77.5125293484314,29,2
438.344262295082,287.975409836066,-87.2249707284683,43,2
438.1,290.291666666667,87.6844983940275,46,2
438.185483870968,291.225806451613,89.2176130933881,22,2
438.266129032258,292.758064516129,-83.9975524588325,38,2
438.511278195489,293.842105263158,-79.0103329507564,31,2
438.774436090226,297.09022556391,-83.045165933674,64,2
438.340740740741,299.437037037037,85.7337669470484,46,2
438.031007751938,301.124031007752,78.6176759977635,38,2
437.709923664122,303.213740458015,74.7060526759916,50,2
437.618320610687,304.381679389313,77.3165807847512,26,2
437.299270072993,306.759124087591,84.7590544038048,44,2
436.814516129032,309.879032258065,85.5904978755966,55,2
436.512,311.136,79.8129863512851,23,2
435.712,313.472,64.0886025137932,48,2
435.3515625,314.3515625,60.2876446666613,19,2
434.609375,316.15625,63.7648432834427,42,2
433.81679389313,318.290076335878,74.5964965965607,45,2
433.590163934426,319.327868852459,75.8813632890429,23,2
432.690265486726,322.106194690266,70.3791692141147,53,2
432.059829059829,323.179487179487,66.180362301189,26,2
430.975806451613,324.701612903226,56.1150765658383,43,2
429.8515625,326.4140625,50.7891194607211,44,2
429.3046875,327.2109375,54.6103392538696,26,2
428.232558139535,328.813953488372,60.3403257962706,41,2
427.746153846154,329.7,62.4414075026474,25,2
425.826446280992,332.256198347107,60.3798827266374,55,2
424.512,333.688,49.6249991012343,42,2
423.809523809524,334.603174603175,43.2484601486949,29,2
422.614814814815,335.785185185185,41.5393114264464,45,2
422.037313432836,336.507462686567,42.7773574502766,21,2
420.838235294118,337.992647058824,47.4974548575699,38,2
418.674603174603,340.079365079365,50.0209320132827,56,2
417.454545454545,341.247933884298,43.3588682966828,29,2
415.911111111111,342.525925925926,35.6845642971657,42,2
415.338028169014,342.957746478873,31.699682055874,27,2
413.533333333333,344.362962962963,33.520178586884,49,2
411.897637795276,345.889763779528,46.9320197949206,44,2
411.425,346.333333333333,47.8273673275819,29,2
409.066666666667,348.7,53.5034090095103,58,2
408.354838709677,349.604838709677,52.2705813515045,26,2
407.117647058824,350.676470588235,46.2593848411815,42,2
405.496240601504,352.421052631579,44.9910642891992,47,2
405.231343283582,353.014925373134,49.7079957955661,23,2
403.873134328358,354.776119402985,58.5789745821967,42,2
403.265625,355.7578125,61.5480609915494,26,2
401.644628099174,358.247933884298,58.4510849394891,53,2
400.328125,359.6796875,48.845983341401,41,2
399.595238095238,360.761904761905,40.432662908831,30,2
398.03937007874,362.291338582677,38.3227361326149,43,2
397.397058823529,362.882352941176,40.4645975231935,25,2
395.925925925926,364.348148148148,49.6235032771349,41,2
393.753968253968,366.619047619048,56.3918867786277,55,2
393,367.3984375,50.6580089390528,24,2
391.276422764228,369.357723577236,37.2830503358699,53,2
390.613636363636,369.704545454545,33.6834157098361,21,2
389.652173913043,370.528985507246,32.8415591674442,38,2
388.235294117647,371.580882352941,38.9268686630969,36,2
387.387596899225,372.124031007752,41.8307770524054,27,2
384.385964912281,374.938596491228,41.3765132538862,65,2
383.693693693694,375.540540540541,37.9020727421167,19,2
382.389830508475,376.347457627119,30.2135793276203,37,2
381.407692307692,376.9,29.9901395310854,30,2
380.4,377.216,30.6373669154036,21,2
378.72131147541,378.639344262295,38.206016743154,47,2
378.049586776859,379.132231404959,41.9999773410632,39,2
375.052631578947,381.324561403509,33.9156889764395,53,2
373.308943089431,382.422764227642,18.9439166282446,49,2
372.587719298246,382.921052631579,15.6900938516492,29,2
370.814516129032,383.790322580645,21.3650347016466,36,2
369.642276422764,384.235772357724,27.2883999937118,23,2
367.768,385.384,37.4587808751803,44,2
364.880341880342,387.094017094017,37.1801994890899,60,2
363.615384615385,387.82905982906,27.4020835345043,24,2
362.068965517241,388.724137931034,16.8670568560188,43,2
361.346774193548,389.112903225806,18.6270478219187,20,2
359.808,389.896,25.1132522948128,33,2
358.031746031746,390.714285714286,32.4659420400755,39,2
357.048780487805,391.252032520325,38.0005047245052,29,2
354.959016393443,392.926229508197,35.8347810562645,49,2
353.820512820513,393.641025641026,29.3585591085632,23,2
352.430894308943,394.577235772358,17.9137064113816,48,2
350.780487804878,395.382113821138,24.4646568304743,40,2
350.349593495935,395.544715447154,27.6118122572843,14,2
349.046511627907,396.604651162791,37.4000412681165,44,2
348.561643835616,397.506849315069,43.2292067171374,37,2
345.962406015038,399.789473684211,42.8770649022524,65,2
344.455882352941,401.117647058824,18.2051545284695,47,2
343.703448275862,401.4,21.0888473755723,25,2
342.31724137931,401.634482758621,19.5783249191993,38,2
341.676056338028,401.753521126761,21.3520152883586,13,2
340.506578947368,401.835526315789,21.181215386616,28,2
338.594405594406,402.20979020979,15.0814762491237,47,2
NaN,NaN,NaN,143,2
418.701612903226,240.153225806452,-6.50750167199248,NaN,3
418.672,240.24,-7.03460132228514,3,3
418.857142857143,240.301587301587,-6.73193951415114,5,3
418.6796875,240.3046875,-7.20549269129805,6,3
418.68992248062,240.279069767442,-7.42433850501386,7,3
418.682170542636,240.341085271318,-7.80900526205177,8,3
418.723076923077,240.369230769231,-8.03079199307146,5,3
418.520325203252,240.406504065041,-6.62107530109874,9,3
418.6,240.430769230769,-6.73599767527987,9,3
418.583333333333,240.431818181818,-5.61475211478606,4,3
418.586466165414,240.541353383459,-1.8447925720111,21,3
418.84328358209,240.477611940299,3.69535908308828,25,3
420.392,239.984,20.0991151157761,51,3
422.387596899225,240.06976744186,6.09382720827464,42,3
423.909090909091,239.826446280992,-11.9130126037109,44,3
426.532258064516,240.548387096774,-34.3785606812235,69,3
427.867647058824,241.205882352941,-36.5492009558468,38,3
430.373333333333,242.24,-26.5958266970062,82,3
433.529032258064,244.083870967742,-33.3308924405134,81,3
435.013793103448,244.572413793103,-40.6718491835026,38,3
437.518248175182,247.240875912409,-64.1617766689584,66,3
438.5,248.345588235294,-69.9129497941387,31,3
440.13768115942,250.101449275362,-69.606412053179,50,3
441.346774193548,253.209677419355,-64.7686238860428,64,3
442.218181818182,255.154545454545,-66.029851557147,34,3
442.84,256.784,-68.698014862198,33,3
443.133858267717,257.637795275591,-71.3904118097405,18,3
443.891891891892,259.662162162162,-68.7979770785469,49,3
445,262.482517482517,-61.0853461572954,67,3
445.548872180451,263.300751879699,-59.670537393758,30,3
447.079365079365,266.920634920635,-68.9234433676562,71,3
447.328244274809,268.488549618321,-73.2093508165819,35,3
447.79020979021,270.566433566434,-74.4958205699295,60,3
448.928057553957,273.043165467626,-74.2192861636551,56,3
449.053846153846,273.8,-66.0329867024763,23,3
449.872180451128,275.616541353383,-59.0532424275349,51,3
450.511278195489,276.984962406015,-60.8003599139966,30,3
450.952,279.208,-62.5360053373183,52,3
451.251798561151,281.194244604317,-77.824754757454,64,3
451.528571428571,282.05,-79.4450078915793,29,3
452.242647058824,284.051470588235,-79.8922050386438,48,3
452.496240601504,284.924812030075,-75.2812274623295,21,3
453.240601503759,287.105263157895,-67.8193810514796,54,3
453.265151515152,288.916666666667,-70.5804434250354,47,3
453.75,290.801724137931,-79.3419098643176,40,3
453.833333333333,293.158333333333,-86.3232394366832,48,3
453.736434108527,293.751937984496,-85.058968254529,33,3
454.208955223881,295.768656716418,-81.0269724887415,55,3
455.177304964539,298.198581560284,-75.2693489307715,67,3
455.328358208955,299.350746268657,-76.4462671374659,33,3
455.68253968254,301.539682539683,-82.6035078303098,52,3
455.606299212598,303.354330708661,-89.0722505030718,33,3
455.484126984127,306.111111111111,78.521498262946,49,3
455.335877862595,308.015267175573,81.4933225539345,45,3
455.206349206349,308.865079365079,85.2654322847743,19,3
455,310.918699186992,-87.3448584079232,45,3
454.967479674797,312.90243902439,-84.2816425207915,32,3
454.483870967742,315.556451612903,-89.1187090134523,57,3
454.030303030303,317.681818181818,67.150502849518,56,3
453.927419354839,318.16935483871,62.1802214596397,22,3
453.055555555556,320.738095238095,65.0745324096674,58,3
452.685039370079,321.755905511811,68.5960731028329,25,3
452.2734375,323.625,77.3587633876864,41,3
451.821138211382,326.154471544715,81.8811664183518,47,3
451.410256410256,327.324786324786,78.4714856643534,26,3
450.616666666667,329.816666666667,66.958348452292,47,3
450.269841269841,330.730158730159,63.6721504341271,22,3
449.900763358779,332.488549618321,66.4047929448417,35,3
449.178861788618,334.479674796748,78.1758855468613,42,3
448.940677966102,335.415254237288,79.4579532394425,25,3
448.196581196581,338.57264957265,78.3269853207132,53,3
447.813559322034,339.635593220339,75.7148122122714,23,3
446.908333333333,341.725,62.236313388032,42,3
446.420634920635,343.412698412698,59.7658965560641,40,3
446.146551724138,344.137931034483,62.719302720579,22,3
445.604651162791,346.341085271318,74.7319517905646,51,3
445.519083969466,347.450381679389,78.4827619481771,28,3
444.605042016807,350.72268907563,78.7146064172125,62,3
443.745614035088,352.684210526316,71.8425584032778,43,3
443.491228070175,353.842105263158,64.3157314701579,26,3
443,355.553719008264,65.4325727717042,35,3
442.912698412698,356.460317460317,68.2487918762581,21,3
442.361538461538,358.269230769231,77.7678255255892,38,3
441.705882352941,360.941176470588,81.6765092397781,51,3
441.233009708738,362.941747572816,74.5008647708109,34,3
440.6,364.654545454545,63.3077293560224,37,3
440.208333333333,365.15,58.4530583304556,24,3
439.556451612903,366.758064516129,59.6412547561271,36,3
439.078125,368.0234375,67.8046421775231,30,3
438.680327868852,369.311475409836,75.4547320790608,30,3
437.946902654867,371.699115044248,82.4534036123557,45,3
437.553571428571,373.723214285714,81.2721719028343,35,3
436.844660194175,375.932038834951,67.7059838744431,43,3
436.239316239316,377.307692307692,62.6957347834233,30,3
435.973684210526,377.938596491228,62.8650157984137,21,3
435.51724137931,379.258620689655,67.0906826810947,30,3
435.27731092437,380.294117647059,71.6191881545796,21,3
434.336283185841,382.946902654867,79.2151657164897,52,3
433.59595959596,386.060606060606,80.0273389056387,48,3
433.260416666667,387.020833333333,70.0570083048042,27,3
432.465346534653,388.80198019802,59.9751992298511,37,3
432.357798165138,389.183486238532,60.1967000169149,16,3
432,390.357142857143,63.263012333091,29,3
431.296296296296,392.675925925926,74.1352614643187,42,3
431.038834951456,393.883495145631,78.3543829082496,25,3
430.082474226804,396.917525773196,75.3478280263441,48,3
429.73,397.87,66.4382749642664,19,3
428.780701754386,399.850877192982,52.7854123836303,48,3
428.270491803279,400.5,49.7419311301957,30,3
427.76,400.632,48.0768274365529,17,3
426.918518518519,400.844444444444,46.2288198690632,34,3
426.263565891473,400.906976744186,45.0487657311374,20,3
425.210526315789,401.578947368421,44.4384731220751,35,3
423.37962962963,402.953703703704,35.7837245505686,34,3
422.94495412844,403.174311926606,29.6517128681692,15,3
422.622047244094,402.96062992126,24.3000589733179,30,3
422.537878787879,402.833333333333,23.3203411098088,11,3
421.840579710145,402.586956521739,20.4626698074223,34,3
NaN,NaN,NaN,138,3
414.184,233.312,-21.3674042709227,NaN,4
414.166666666667,233.246031746032,-20.6044722102058,5,4
414.064516129032,233.056451612903,-20.4273591606883,8,4
414.144,233.096,-20.6045642248091,3,4
414.392,233.216,-21.6949032209411,8,4
414.475409836066,233.16393442623,-21.5848960459425,5,4
414.2,233.136,-20.8592407143004,9,4
414.225806451613,233.177419354839,-20.5385099779243,7,4
414.384,233.104,-20.2301227589687,5,4
414.136,233.128,-20.8696372686169,6,4
414.170731707317,233.113821138211,-21.8499753676522,4,4
414.083333333333,233.05,-20.4321196558515,5,4
414.177419354839,233.016129032258,-20.825855389626,6,4
414.25,233.040322580645,-20.1207425021477,8,4
414.306451612903,233.056451612903,-19.6937323866108,6,4
414.352459016393,233.106557377049,-19.954950286201,6,4
414.157024793388,233.03305785124,-19.9645469960951,7,4
414.471074380165,233.066115702479,-20.1903043434603,6,4
414.524590163934,233.024590163934,-20.066209940865,3,4
414.454545454545,233.057851239669,-19.8182227586109,5,4
414.20325203252,233.048780487805,-20.2313233817223,6,4
415.460431654676,233.661870503597,-22.2957142090132,16,4
416.124183006536,234.16339869281,-24.3524357827534,16,4
416.389937106918,234.320754716981,-24.3093100722572,12,4
416.590361445783,234.373493975904,-23.3983085670785,17,4
416.375,234.357142857143,-24.3182502991478,18,4
415.971428571429,234.491428571429,-22.9477476653771,29,4
415.359281437126,234.11377245509,-25.049949232307,34,4
415.308176100629,234.100628930818,-29.2928648185102,26,4
415.397590361446,233.819277108434,-47.745207210076,49,4
415.438271604938,233.277777777778,-50.0743541400154,26,4
414.126582278481,231.082278481013,-57.6938971353341,58,4
412.181102362205,227.527559055118,-65.0554485420422,77,4
411.745901639344,225.909836065574,-64.9926820458914,27,4
410.860869565217,223.086956521739,-77.5234243580174,51,4
410.456140350877,221.622807017544,-88.7374075950841,27,4
410.237704918033,219.05737704918,74.7529592565583,66,4
410.652892561983,216.04132231405,82.5355637763631,53,4
410.791304347826,214.782608695652,88.3352690885316,24,4
410.853211009174,212.100917431193,-85.2033319372366,46,4
410.929824561404,210.850877192982,-89.071958274882,23,4
411.211382113821,208.845528455285,73.6701855391062,41,4
412.157024793388,206.157024793388,57.8327804016191,52,4
412.305084745763,205.71186440678,56.0421963776603,11,4
413.536,203.384,63.7660442396061,55,4
414.161290322581,202.491935483871,68.2027112683147,27,4
415.478632478633,200.452991452991,74.5505894627047,53,4
416.594827586207,198.086206896552,65.6169587950592,47,4
416.948717948718,197.384615384615,57.8570456518136,21,4
417.889763779528,195.96062992126,54.7442192360229,40,4
418.128787878788,195.280303030303,54.9174369111624,23,4
419.338709677419,193.620967741935,63.1734616628339,46,4
420.444444444444,191.102564102564,79.5222416980425,57,4
420.906542056075,189.728971962617,77.6364652149114,26,4
421.896551724138,187.637931034483,71.2389259191532,45,4
422.327868852459,186.745901639344,66.0754447214242,20,4
423.407692307692,185.230769230769,57.5254096071569,40,4
424.765151515152,182.492424242424,53.4448889471842,56,4
425.304,181.864,56.6135174060816,25,4
426.633333333333,179.55,62.0014251822042,55,4
427.453125,177.53125,65.0882263953278,44,4
429.025210084034,175.18487394958,56.1945696901277,53,4
430.579365079365,173.619047619048,47.3160041273614,47,4
431.472440944882,172.685039370079,41.3912261236319,23,4
433.314960629921,171.094488188976,39.5795770976582,50,4
434.455882352941,169.654411764706,47.9445846424853,37,4
436.503875968992,167.441860465116,60.1814564727299,61,4
438.172131147541,164.704918032787,57.1734403293615,65,4
439.269841269841,163.666666666667,50.744626908645,28,4
441.078125,162.359375,35.881134863994,46,4
441.77037037037,161.614814814815,33.0483380625737,33,4
443.933333333333,159.651851851852,30.4958149467074,60,4
446.381294964029,158.122302158273,53.5373591070552,64,4
447.548872180451,156.571428571429,55.9313710677166,44,4
449.790697674419,154.162790697674,52.3154219863028,62,4
450.538461538462,153.330769230769,46.2162166330511,27,4
452.034482758621,152.179310344828,38.1047786085067,47,4
454.195652173913,150.094202898551,37.2452756436261,63,4
455.058823529412,149.742647058824,42.071280368233,26,4
456.933884297521,147.636363636364,54.3433062073184,57,4
458.067226890756,146.025210084034,62.7191551110854,36,4
459.868852459016,143.811475409836,53.501045130601,49,4
461.632,142.408,38.9408389941675,49,4
462.75,141.3125,34.0642734041527,29,4
464.277372262774,140.153284671533,37.5561239041892,47,4
464.952702702703,139.432432432432,40.0378250219087,33,4
467.434426229508,137.122950819672,55.4960558102421,68,4
469.438016528926,135.04132231405,55.6403479340906,53,4
470.266129032258,134.024193548387,46.8558154645435,31,4
471.940740740741,132.992592592593,39.1602981065906,45,4
472.830882352941,132.213235294118,39.0626856311121,29,4
474.86231884058,130.31884057971,39.7098570759598,60,4
477.030534351145,128.618320610687,54.3468148573138,55,4
478.061946902655,127.176991150442,51.8288520324292,38,4
479.96062992126,125.299212598425,51.483026087821,52,4
480.604651162791,124.666666666667,49.4380008104032,24,4
482.346153846154,123.1,39.8242373801336,53,4
484.272727272727,121.181818181818,38.002827827984,50,4
485.655737704918,120.245901639344,39.941418420466,32,4
487.44,118.592,48.1118386204188,53,4
488.561983471074,117.305785123967,54.1303183621078,32,4
490.604838709677,115.483870967742,45.9221364188971,47,4
492.630769230769,114.3,32.0450221295576,46,4
494.09649122807,113.184210526316,21.7020956743397,32,4
496.616,111.384,31.8474478886074,59,4
497.715447154472,110.520325203252,36.6785548118958,30,4
499.748091603053,108.732824427481,51.2418920932225,56,4
502.181818181818,106.322314049587,50.9885157057562,58,4
503.330708661417,105.44094488189,42.1046975484854,28,4
504.992592592593,104.37037037037,32.2355469937362,46,4
505.963235294118,103.485294117647,28.8588507608859,27,4
508.239130434783,102.065217391304,29.6026950655859,52,4
510.541984732824,100.267175572519,41.3063337941686,55,4
511.365671641791,99.5671641791045,41.6743643660294,25,4
513.214765100671,98.0604026845638,41.4277398732965,55,4
514.455172413793,97.2275862068965,36.5883708695389,36,4
516.700636942675,95.1783439490446,30.5403502860134,84,4
518.994047619048,93.9166666666667,27.0490855942837,71,4
519.748603351955,93.2737430167598,29.8464448890523,41,4
521.593023255814,92.4651162790698,38.0367343673578,59,4
521.95652173913,92.0434782608696,34.8870733996747,40,4
524.524691358025,91.0432098765432,33.9739491588649,68,4
526.366459627329,90.5403726708075,25.2588054441111,51,4
527.160493827161,90.3024691358025,18.3543067300371,31,4
528.777108433735,89.7289156626506,9.41957309736259,42,4
529.48125,89.36875,8.57486018541802,24,4
530.917159763314,89.4082840236686,6.9116905595068,41,4
532.870588235294,89.4470588235294,5.85904706881685,39,4
533.625730994152,89.5321637426901,5.61402724172711,17,4
535.9875,89.4875,3.62952364503341,49,4
536.672514619883,89.5087719298246,2.85594091776621,17,4
539.115853658537,89.2865853658537,-1.60385830849387,55,4
