417.279069767442,230.410852713178,56.9110571493501,NaN,1
417.232558139535,230.37984496124,56.3310632195494,6,1
417.213740458015,230.442748091603,56.1099746415637,4,1
417.234848484848,230.44696969697,56.3334243764607,5,1
417.160305343511,230.435114503817,56.1618795726586,7,1
417.1640625,230.390625,57.1805344899591,5,1
417.12213740458,230.343511450382,57.3214039884047,7,1
417.22480620155,230.418604651163,56.552593769447,6,1
417,230.607692307692,56.4913704295998,7,1
417.116279069767,230.441860465116,57.2182933700585,11,1
417.094488188976,230.354330708661,56.2241889905657,10,1
417.228346456693,230.259842519685,57.0707629969554,8,1
417.203125,230.34375,57.0784608380212,5,1
417.116279069767,230.480620155039,56.4282988184562,9,1
417.110236220472,230.48031496063,56.6614797257029,4,1
417.110236220472,230.464566929134,56.1999021726419,4,1
417.129770992366,230.503816793893,56.2315230094636,6,1
417.174242424242,230.484848484848,55.8257657148095,3,1
417.186046511628,230.457364341085,56.8898353969481,5,1
417.188976377953,230.346456692913,56.3476846726292,4,1
417.209677419355,230.322580645161,56.6404847290561,3,1
417.274193548387,230.290322580645,57.1731810321026,2,1
417.142857142857,230.34126984127,56.4793001520285,4,1
417.2109375,230.34375,56.5785759064222,4,1
417.328125,230.2265625,56.5421008627918,2,1
417.2265625,230.3359375,56.9263779884345,4,1
417.2421875,230.296875,56.5208881554995,8,1
417.246031746032,230.285714285714,56.6159950020539,6,1
417.230769230769,230.338461538462,56.8322207011799,6,1
417.259541984733,230.213740458015,57.0863815801606,5,1
417.255813953488,230.22480620155,56.8930649337153,2,1
417.285714285714,230.31746031746,57.1403987521354,5,1
417.294573643411,230.232558139535,56.7708520600395,5,1
417.146153846154,230.4,57.1690600452913,7,1
417.15671641791,230.589552238806,55.7577898341957,8,1
417.085271317829,230.581395348837,56.481148160564,7,1
417.12213740458,230.603053435115,56.8445243294782,10,1
417.19696969697,230.537878787879,56.7397406821324,5,1
417.474820143885,230.625899280576,60.4308474783702,29,1
418.18045112782,229.736842105263,57.42649883392,54,1
417.916666666667,229.972222222222,48.2440208208501,23,1
418.05625,229.35625,32.092809613402,68,1
418.59748427673,228.540880503145,28.1514753091068,53,1
422.122302158273,226.36690647482,37.3317026627272,76,1
425.323741007194,224.244604316547,54.9647644189947,84,1
426.618320610687,222.69465648855,53.7185054112492,36,1
428.634146341463,220.390243902439,50.3682968996421,66,1
429.170542635659,219.449612403101,51.2517664320989,36,1
431.596638655462,216.697478991597,79.8479508496999,70,1
432.775862068966,213.663793103448,-88.5479711020469,65,1
433.258620689655,212.594827586207,87.2732900051376,24,1
433.94495412844,209.816513761468,80.1291366454083,55,1
434.213114754098,207.696721311475,77.9366080327148,39,1
434.669565217391,204.573913043478,83.8667507054495,53,1
435.01724137931,201.887931034483,-88.8394733015247,55,1
435.174311926606,199.880733944954,-84.4804448978117,31,1
435.317307692308,197.403846153846,81.3079549046405,47,1
435.535087719298,196.175438596491,77.713730437991,26,1
435.731092436975,194.176470588235,76.5187282335863,51,1
436.140350877193,190.894736842105,83.7982186436971,51,1
436.339449541284,190.192660550459,85.5262425615156,21,1
436.982300884956,186.920353982301,89.112755049224,56,1
437.126050420168,185.739495798319,86.3641218959662,22,1
437.598290598291,183.393162393162,73.5673439779989,58,1
437.942148760331,181.123966942149,67.9427811612728,56,1
438.5,179.754716981132,68.213927264748,21,1
439.423423423423,177.117117117117,76.4564891697539,59,1
439.842105263158,175.736842105263,79.3233379240523,29,1
440.860655737705,173.467213114754,76.4628001361332,46,1
441.626016260163,171.19512195122,64.7435257704648,51,1
441.949579831933,170.285714285714,62.0066101340334,26,1
442.965517241379,168.043103448276,58.4546784782849,47,1
443.634146341463,166.544715447154,63.571149135744,31,1
445.075,164.233333333333,74.7529852184783,55,1
446.310344827586,161.474137931034,76.3175986291633,54,1
446.663793103448,160.689655172414,73.8001207402177,20,1
447.308333333333,158.741666666667,66.8823141688085,36,1
447.97520661157,157.272727272727,63.9729119161341,29,1
448.551181102362,155.59842519685,62.3906089850398,46,1
449.967213114754,153.016393442623,67.2151718846193,49,1
450.431034482759,152.439655172414,68.3492242043814,18,1
451.933333333333,149.591666666667,71.0306974224346,52,1
452.512195121951,148.674796747967,68.4856762420573,23,1
453.593495934959,146.382113821138,63.4801305959813,44,1
454.66935483871,144.354838709677,57.3410175391789,39,1
455.085271317829,143.496124031008,57.4965406366988,21,1
456.612903225806,141.25,63.5474186065383,47,1
457.325,140.258333333333,66.6884997627132,20,1
458.282258064516,138.435483870968,70.3773546570214,38,1
459.49593495935,136.560975609756,67.3713075294435,41,1
459.854838709677,136.056451612903,64.006099181188,21,1
460.911290322581,134.225806451613,58.4404078462478,42,1
461.771653543307,132.637795275591,55.256087611993,33,1
462.846774193548,130.782258064516,57.5040163181237,43,1
464.5,128.35,67.1377805328773,50,1
464.953125,127.5390625,67.2481148553437,22,1
466.262295081967,125.360655737705,68.0802602147161,44,1
466.766666666667,124.633333333333,67.7226423603064,20,1
467.864406779661,122.652542372881,59.4320596483344,40,1
468.558139534884,121.37984496124,58.2232211901249,41,1
469,120.656,55.6789901029834,24,1
470.51376146789,118.045871559633,61.6605741519669,48,1
471.094827586207,116.98275862069,65.9258498189525,21,1
472.007936507937,115.730158730159,66.0592956673544,42,1
473.328,113.432,64.3456864712648,41,1
473.904,112.512,60.4575446055591,24,1
474.887096774194,110.790322580645,53.1795793736279,35,1
475.553719008264,109.768595041322,49.7802658796088,23,1
476.376,108.584,49.7223684870939,36,1
478.008547008547,106.410256410256,56.676923034961,44,1
478.44347826087,105.973913043478,57.5500828080058,14,1
479.872881355932,104.016949152542,62.9934347904807,41,1
480.375,103.166666666667,63.0856910168524,18,1
481.471544715447,101.691056910569,56.0589780350799,33,1
482.377952755906,100.212598425197,53.7662637250818,40,1
482.991666666667,99.45,48.7293118723491,25,1
484.341666666667,97.7166666666667,48.782879719995,44,1
485.133333333333,96.6166666666667,53.4201217269746,32,1
486.590163934426,94.827868852459,61.7469375297709,40,1
487.698275862069,93.3362068965517,64.2076176978117,34,1
488.327868852459,92.5491803278689,61.8724682421588,20,1
489.215517241379,91.3362068965517,56.1286407273736,30,1
489.840336134454,90.2605042016807,55.0097188545367,25,1
490.729508196721,89.0491803278689,52.235844864055,27,1
492.203539823009,87.0265486725664,52.3725340011048,41,1
492.695652173913,86.4260869565217,55.6896702907711,16,1
493.860869565217,84.9217391304348,59.4454344649573,38,1
494.423423423423,84.3063063063063,60.8726062915691,14,1
495.405405405405,83.1261261261261,59.1840238796829,28,1
496.181818181818,82.5,52.9035817827039,29,1
496.633027522936,82.0917431192661,47.6461844916072,17,1
497.40350877193,81.7719298245614,38.4718619485862,31,1
NaN,NaN,NaN,114,1
418.349593495935,243.341463414634,-50.4282746575825,NaN,2
418.371900826446,243.429752066116,-50.3302653567944,4,2
418.33606557377,243.426229508197,-50.1546100191475,1,2
418.4,243.391666666667,-50.3749465850716,4,2
418.451612903226,243.370967741935,-50.1745324728056,4,2
418.475409836066,243.450819672131,-50.3208998750277,4,2
418.524590163934,243.426229508197,-50.4618073307288,4,2
418.55737704918,243.450819672131,-50.0880737639799,2,2
418.598360655738,243.524590163934,-50.0246374848951,4,2
418.479674796748,243.49593495935,-51.0580369058804,5,2
418.438016528926,243.371900826446,-50.0967053459271,6,2
418.455284552846,243.308943089431,-50.0688667970675,6,2
418.545454545455,243.388429752066,-49.8182169492196,4,2
418.520661157025,243.289256198347,-49.6776021463313,4,2
418.508196721311,243.327868852459,-50.286846668227,3,2
418.453781512605,243.386554621849,-50.3744575011747,3,2
418.63025210084,243.579831932773,-51.1187392113968,4,2
418.615384615385,243.538461538462,-51.4890327318069,2,2
418.545454545455,243.479338842975,-51.0645217454514,6,2
418.429752066116,243.264462809917,-51.3577443171786,6,2
418.6,243.475,-50.3385181020192,7,2
418.60162601626,243.422764227642,-50.0505718509674,5,2
418.614754098361,243.467213114754,-51.3918619944788,9,2
418.606557377049,243.540983606557,-51.3116552792801,8,2
418.672131147541,243.672131147541,-51.1173542151343,4,2
418.608,243.408,-49.7041076067264,11,2
418.666666666667,243.49593495935,-51.0214598371078,6,2
418.626984126984,243.460317460317,-51.4720732587235,5,2
418.528455284553,243.487804878049,-51.386619597916,7,2
418.479674796748,243.49593495935,-51.5207534560621,6,2
418.672131147541,243.639344262295,-51.5748792363948,7,2
418.521008403361,243.504201680672,-51.8528458926474,11,2
418.472,243.328,-52.3475111309613,8,2
418.527131782946,243.286821705426,-52.2652624707277,6,2
418.448,243.36,-52.4558897647054,4,2
418.458333333333,243.366666666667,-51.6518514589178,7,2
418.370967741935,243.282258064516,-52.663924321047,6,2
418.418032786885,243.319672131148,-52.500833170658,2,2
418.36,243.256,-52.5424599501091,9,2
418.459016393443,243.418032786885,-52.7588050767104,7,2
418.268292682927,243.032520325203,-51.5793460550366,9,2
418.569105691057,243.49593495935,-52.5187764485285,14,2
418.508196721311,243.508196721311,-52.7739057010191,5,2
418.396694214876,243.462809917355,-50.5222628956929,11,2
418.4,243.5,-50.3338676824085,1,2
418.520661157025,243.479338842975,-52.0276332938587,9,2
418.366666666667,243.475,-51.403875241525,7,2
418.380165289256,243.528925619835,-51.8714391644829,3,2
418.430894308943,243.560975609756,-52.2926801653034,8,2
418.401639344262,243.532786885246,-53.1267220953265,3,2
418.311475409836,243.491803278689,-53.422894478068,10,2
417.902985074627,242.626865671642,-56.1536568640691,22,2
418.386554621849,243.663865546218,-59.950423082146,35,2
418.407407407407,245.274074074074,-76.2854383570219,56,2
418.496350364964,246.262773722628,85.7444851105105,36,2
416.597014925373,250.141791044776,36.3446531445671,101,2
413.214876033058,253.495867768595,59.594836836665,97,2
412.183486238532,254.05504587156,69.31481658956,42,2
410.16814159292,258.070796460177,76.0381276966185,80,2
409.393700787402,260.125984251969,71.5823489257696,42,2
408.015151515152,262.787878787879,53.5792067291587,61,2
404.838095238095,267.133333333333,35.3234771754383,95,2
402.447058823529,268.388235294118,37.5583950697189,34,2
400.631067961165,270.165048543689,55.3085014572759,50,2
399.754716981132,271.009433962264,64.9746864908095,25,2
398.523364485981,272.205607476636,80.058909210744,43,2
397.553398058252,274.165048543689,85.1894895611764,40,2
397.1875,274.9375,82.7416002358839,15,2
396.783018867925,276.283018867925,79.4416632753293,38,2
396.759259259259,276.685185185185,76.9876858076625,24,2
396.37962962963,278.740740740741,80.6777490389028,46,2
396.034782608696,280.269565217391,-74.3629422431352,39,2
396.008695652174,281.495652173913,-67.3937810547,24,2
396.239316239316,282.991452991453,-63.7539784089391,42,2
396.833333333333,284.316666666667,-64.2360950114371,27,2
397.564102564103,286.145299145299,-68.0633110186197,29,2
398.401709401709,288.017094017094,-70.4927862755483,46,2
398.758620689655,289.120689655172,-69.5595999305336,21,2
399.625,291.533333333333,-57.9885074714495,50,2
399.950819672131,292.516393442623,-52.279996473476,28,2
401,294.593220338983,-47.8578567527186,50,2
402.45,296.65,-55.2538798150471,42,2
402.990909090909,297.272727272727,-60.8343548863234,22,2
403.90350877193,298.964912280702,-64.5792612166684,38,2
404.542372881356,300.313559322034,-68.5626628029166,30,2
405.619469026549,302.805309734513,-67.3724102671177,43,2
406.454545454545,304.909090909091,-60.2294849349258,39,2
406.962962962963,305.796296296296,-59.2997478081713,18,2
407.769230769231,307.461538461538,-66.37710069783,30,2
408.160377358491,308.584905660377,-73.0975192302069,22,2
408.87037037037,310.75,-78.5390404422093,42,2
409.5,313.196078431373,-74.6063986198917,38,2
409.811320754717,313.792452830189,-70.5926498273226,18,2
410.617391304348,315.339130434783,-64.023094356661,37,2
410.724137931034,316.025862068966,-61.2277923571356,21,2
411.570175438596,318.236842105263,-59.838842995351,42,2
412.495327102804,320.280373831776,-66.4295874303939,37,2
412.954128440367,321.348623853211,-68.1045725904602,18,2
413.848214285714,322.919642857143,-65.7230069913183,31,2
414.25,323.714285714286,-63.8346446002038,16,2
415.183333333333,325.35,-54.1759053661829,38,2
416.130081300813,327.024390243902,-52.484643390339,43,2
416.658536585366,327.780487804878,-51.9813249965066,22,2
417.857142857143,329.857142857143,-54.5599818120398,47,2
418.359649122807,330.877192982456,-56.2834779644329,20,2
419.563636363636,332.6,-59.7975408137944,32,2
420.731092436975,333.840336134454,-56.4912009941284,29,2
421.560344827586,334.956896551724,-48.4491137107551,25,2
422.596774193548,336.274193548387,-43.9641643388571,38,2
423.12,336.96,-41.5481899308738,31,2
424.21186440678,338.313559322034,-44.6313237441235,35,2
425.573913043478,339.8,-50.7132067277723,37,2
426.690909090909,341.154545454545,-55.8113599206201,31,2
428.141509433962,342.820754716981,-54.6274003938718,36,2
428.57264957265,343.273504273504,-53.0711488947434,19,2
429.951219512195,344.593495934959,-45.5867082892568,36,2
431.299212598425,345.976377952756,-42.9615400414237,54,2
431.918918918919,346.702702702703,-40.5631301528767,22,2
433.449541284404,348.43119266055,-47.9547671946191,44,2
433.916666666667,349.305555555556,-47.7239161015648,25,2
435.280701754386,350.456140350877,-49.8981212970551,26,2
436.572580645161,351.661290322581,-46.6432293184317,32,2
437.433070866142,352.448818897638,-43.7989672757695,27,2
438.455284552846,353.146341463415,-36.3068917380509,34,2
439.479674796748,354.292682926829,-40.529059343437,34,2
440.7109375,355.5078125,-43.5972193683338,37,2
442.451327433628,357.58407079646,-52.0048263941647,49,2
443.116071428571,358.330357142857,-52.3606014428708,17,2
444.552845528455,359.780487804878,-48.6098505475551,41,2
445.153225806452,360.233870967742,-46.4114232760666,23,2
446.465648854962,361.236641221374,-42.3428264337043,37,2
448.161290322581,362.782258064516,-36.947303439308,55,2
448.831932773109,363.100840336134,-35.6245684233861,17,2
449.932203389831,364.576271186441,-40.3232928161193,45,2
450.769230769231,365.51282051282,-44.0703017216078,27,2
452.463636363636,367.127272727273,-49.6395659991352,39,2
453.714285714286,368.058823529412,-43.8173662877477,25,2
454.590163934426,368.909836065574,-40.3385665203522,27,2
455.930434782609,369.826086956522,-31.2978028869529,41,2
456.892561983471,370.727272727273,-33.7318475123153,38,2
458.947826086957,372.234782608696,-37.1922042112698,48,2
460.977777777778,374.766666666667,-45.8325058660273,61,2
461.659574468085,375.244680851064,-43.1641234570093,18,2
463.20202020202,376.181818181818,-41.9786068522617,29,2
463.990476190476,376.752380952381,-40.0705569243329,16,2
465.607142857143,377.875,-33.8582042002962,39,2
466.805309734513,378.796460176991,-30.9464252412306,43,2
467.745454545455,379.581818181818,-28.6568280714666,29,2
469.625,381.153846153846,-34.4715716102988,44,2
470.484536082474,382.020618556701,-37.7610296897528,25,2
472.72,383.46,-41.2268585920241,37,2
474.12380952381,384.4,-34.0271091066687,29,2
474.708737864078,384.728155339806,-27.2176662080256,22,2
476.817391304348,385.84347826087,-26.5474998070682,46,2
477.294117647059,386.109243697479,-29.2311328709827,20,2
478.752066115702,387.115702479339,-28.6898140906695,46,2
480.225225225225,388.990990990991,-35.6931825610148,60,2
481.053571428571,389.160714285714,-35.0586222740861,27,2
483.517543859649,390.789473684211,-40.0164545327788,50,2
483.909836065574,391.05737704918,-38.5852002183057,14,2
485.350746268657,391.873134328358,-29.7424373584169,34,2
487,392.446043165468,-26.589697854041,43,2
NaN,NaN,NaN,139,2
402.308270676692,246.097744360902,-61.8175168155424,NaN,3
402.301470588235,246.088235294118,-60.9357322750992,7,3
402.285714285714,246.105263157895,-61.1400228109504,5,3
402.204379562044,245.941605839416,-61.6700778869686,8,3
402.179104477612,245.970149253731,-61.8987449497227,3,3
402.404411764706,246.036764705882,-60.9296435829687,8,3
402.353383458647,246.045112781955,-61.0119267618284,7,3
402.422222222222,246.111111111111,-61.3264218288261,8,3
402.544776119403,246.194029850746,-61.4461724656193,5,3
402.529850746269,246.044776119403,-60.5374588810345,6,3
402.419847328244,245.961832061069,-60.9494489514008,5,3
402.709923664122,246.419847328244,-61.8957861321244,8,3
402.761538461538,246.338461538462,-61.0078201607918,3,3
402.75572519084,246.259541984733,-61.1640507702159,3,3
402.781954887218,246.345864661654,-61.195691058559,4,3
402.893939393939,246.363636363636,-61.193157982354,5,3
402.887218045113,246.308270676692,-60.8731003152671,3,3
402.915384615385,246.446153846154,-60.7394334763416,3,3
402.992537313433,246.410447761194,-60.604977987638,6,3
402.925373134328,246.373134328358,-60.8417970727556,2,3
402.881481481482,246.281481481481,-60.9895749245441,1,3
403.085271317829,246.403100775194,-61.4134626152561,8,3
403.116279069767,246.542635658915,-61.5359580545575,2,3
403.170542635659,246.550387596899,-61.0369833693825,2,3
403.170542635659,246.550387596899,-61.0369833693825,0,3
403.178861788618,246.390243902439,-61.1479872347214,6,3
403.212598425197,246.48031496063,-61.3980173340378,4,3
403.171875,246.390625,-61.5461615003052,1,3
403.1484375,246.2578125,-61.4290540407562,2,3
403.116279069767,246.255813953488,-61.368871272448,3,3
403.193798449612,246.271317829457,-61.1934893115242,4,3
403.267716535433,246.354330708661,-61.4962204550652,4,3
403.357723577236,246.439024390244,-61.7976580942234,6,3
403.421487603306,246.487603305785,-61.7353176649022,4,3
403.516393442623,246.655737704918,-61.6280724016624,3,3
403.464566929134,246.370078740157,-61.73701434431,7,3
403.547619047619,246.52380952381,-61.5614800729201,3,3
403.6,246.608,-61.7775657857072,3,3
403.717741935484,246.58064516129,-61.4837508929746,5,3
403.65873015873,246.47619047619,-61.5236454451407,2,3
403.764227642276,246.455284552846,-62.3700178261798,7,3
403.793650793651,246.436507936508,-61.7053288288552,5,3
403.768,246.472,-62.4703181365397,3,3
403.968,246.616,-62.0397325615698,6,3
403.992,246.576,-61.5599708616536,6,3
404.129032258065,246.733870967742,-61.7645128734598,5,3
404.229508196721,246.77868852459,-62.3070931647817,4,3
404.229508196721,246.77868852459,-62.3070931647817,0,3
404.4,246.925,-62.5671963743727,4,3
404.375,246.858333333333,-62.2796464645677,4,3
404.224,246.4,-62.8050920654422,11,3
404.349206349206,246.412698412698,-64.7178866225545,17,3
405.068965517241,247.448275862069,-65.0042616664037,26,3
404.968992248062,247.348837209302,-63.5615155810476,43,3
404.782608695652,246.847826086957,-58.7660043337305,37,3
404.318181818182,247.487012987013,-23.7746637810898,52,3
406.574193548387,249.096774193548,-19.7669273163073,87,3
408.093525179856,249.338129496403,-22.1028521656737,36,3
411.071428571429,251.128571428571,-45.8496198832442,81,3
412.8125,252.763888888889,-58.5948033876925,46,3
414.956204379562,255.642335766423,-63.4963951721928,65,3
416.203125,258.9765625,-63.6493176815291,79,3
417.119658119658,260.641025641026,-68.9420022680485,45,3
418.383333333333,264.35,-78.007470756291,77,3
419.225,266.725,-80.9273349120765,42,3
419.944881889764,269.913385826772,-67.1893064251328,67,3
421.214876033058,274.00826446281,-54.4956992850124,80,3
421.623931623932,274.957264957265,-56.5523521112542,22,3
423.128440366972,277.532110091743,-61.6302260834596,52,3
424.118181818182,279.363636363636,-64.976282840314,35,3
425.463636363636,281.881818181818,-57.0588316834262,48,3
426.444444444444,283.948717948718,-45.9376978704892,55,3
426.80701754386,284.280701754386,-44.548533736886,19,3
428.492063492063,286.65873015873,-52.09481935066,48,3
429.095238095238,287.547619047619,-54.5856832120934,28,3
431.119658119658,289.82905982906,-59.7834788855742,49,3
432.447368421053,291.780701754386,-49.6773172586256,47,3
433.172131147541,292.72131147541,-39.4857351404523,36,3
434.680672268908,294.663865546218,-34.2670588968778,55,3
435.234375,295.234375,-36.2205624294143,29,3
437.333333333333,297.126984126984,-40.7351275073542,52,3
440.09649122807,299.429824561404,-48.9372913518098,58,3
441.139130434783,300.252173913043,-45.4358247253748,27,3
442.875,301.708333333333,-33.2052115111134,45,3
443.6640625,302.2890625,-29.8654640311281,32,3
445.605263157895,304.026315789474,-22.9805900623392,62,3
447.896551724138,305,-26.9140224442923,40,3
449.150943396226,305.622641509434,-30.121146914322,22,3
451.598214285714,306.982142857143,-37.4693661767719,52,3
452.579439252336,307.691588785047,-37.9027315582459,23,3
454.688073394495,308.917431192661,-31.7800099077268,42,3
456.717948717949,309.940170940171,-26.568281109953,52,3
458.277777777778,311.064814814815,-26.3177681741963,37,3
459.815533980583,311.73786407767,-27.8780638667108,37,3
461.12037037037,312.546296296296,-32.8491114394922,33,3
463.097345132743,313.442477876106,-41.1345914148279,49,3
465.288461538462,315.201923076923,-40.0135260442037,49,3
466.428571428571,315.714285714286,-35.7769187993443,27,3
467.726495726496,316,-27.0294796371035,42,3
468.624,316.616,-29.7797708601138,36,3
470.145299145299,317.709401709402,-28.1078665392215,64,3
472.4,319.008695652174,-35.1672987666585,50,3
473.103448275862,319.525862068966,-36.1177481747701,33,3
475.782608695652,320.869565217391,-41.045375239567,49,3
476.491666666667,321.233333333333,-38.2132461091322,21,3
478.176923076923,322.115384615385,-31.267655842295,44,3
479.90625,323.0625,-29.6607053641959,60,3
481.347826086957,323.8,-25.1219206461998,31,3
483.373913043478,325.052173913043,-34.1594002428475,50,3
484.281818181818,325.872727272727,-35.7063947998742,27,3
486.477064220183,327.247706422018,-38.0915157974048,45,3
488.321739130435,328.060869565217,-31.7325899368503,40,3
489.034482758621,328.258620689655,-27.4089126727331,23,3
491.084745762712,329.601694915254,-25.3754728399027,58,3
491.905982905983,329.675213675214,-25.8632448141348,27,3
493.909836065574,330.66393442623,-27.9914954241631,53,3
495.983050847458,331.5,-39.6035848717242,44,3
496.963302752294,332.559633027523,-36.66487701755,31,3
498.652892561983,333.231404958678,-32.3359726222807,42,3
499.291338582677,333.259842519685,-30.1915063031552,26,3
501.079365079365,334.119047619048,-20.0467847429796,47,3
502.58064516129,335.056451612903,-18.2691598068361,52,3
503.760683760684,335.905982905983,-19.0217255207784,29,3
506.103174603175,336.484126984127,-25.1839574586546,47,3
506.476923076923,336.661538461538,-26.001702923554,28,3
509.121951219512,337.853658536585,-35.1342842050222,53,3
510.694915254237,338.991525423729,-28.9243605205099,39,3
511.661290322581,339.41935483871,-28.6678574393588,28,3
513.314049586777,340.123966942149,-21.9010476963134,39,3
514.483050847458,340.669491525424,-20.3431022799263,29,3
516.474576271186,341.406779661017,-19.5317129230922,50,3
518.417322834646,341.795275590551,-28.5453459853529,51,3
519.513043478261,342.591304347826,-29.896024392424,34,3
520.790909090909,343.672727272727,-28.0239956220719,45,3
521.783783783784,343.990990990991,-25.0539523107048,21,3
523.394957983193,344.529411764706,-17.8808333821635,34,3
524.878048780488,345.20325203252,-16.2736609734201,40,3
525.991869918699,345.747967479675,-17.1352595248826,28,3
527.888888888889,346.042735042735,-18.8994695035694,46,3
528.433333333333,346.541666666667,-21.2047955555367,25,3
530.817391304348,347.426086956522,-27.7342063043207,49,3
532.547826086957,348.252173913043,-20.1693445284043,42,3
533.208333333333,348.4,-18.3738081418737,21,3
534.721739130435,348.84347826087,-12.7829156132762,45,3
535.883928571429,349.607142857143,-11.675718308202,35,3
537.431034482759,350.043103448276,-12.397126986797,44,3
539.222222222222,350.649572649573,-19.8932017200631,39,3
540.165137614679,351.064220183486,-22.8498790661487,26,3
541.570175438596,351.763157894737,-22.8142676637429,39,3
542.327731092437,351.924369747899,-23.3671398139413,27,3
544.530434782609,352.826086956522,-17.6589447301238,46,3
545.922413793103,353.344827586207,-16.0375346210271,35,3
547.366071428571,354.017857142857,-14.782356582369,28,3
548.629310344828,354.370689655172,-13.7694785655813,38,3
549.262295081967,354.803278688525,-14.9028749221868,24,3
551.137096774194,355.451612903226,-21.9311410842559,40,3
553.367521367521,356.495726495727,-24.5147925868358,51,3
554.25,356.783333333333,-22.2855807895747,21,3
555.801801801802,357.54954954955,-17.706502607436,33,3
556.686440677966,357.516949152542,-14.6388211032392,21,3
558.111111111111,358.188034188034,-15.289776434534,49,3
560.646551724138,358.758620689655,-13.565792601288,55,3
560.765217391304,359.295652173913,-13.8646973628559,27,3
562.465517241379,359.896551724138,-19.5877857904138,41,3
563.530973451327,360.088495575221,-21.1832858825966,23,3
564.938596491228,360.552631578947,-19.9288853575302,43,3
566.831932773109,361.252100840336,-15.571008889714,39,3
567.719008264463,361.347107438017,-13.2996407589396,22,3
569.409448818898,362.110236220472,-10.3582558437201,44,3
570.11811023622,362.330708661417,-8.98840837328573,22,3
571.679389312977,362.732824427481,-11.04791336182,40,3
573.054263565891,363.255813953488,-14.7013261271519,40,3
573.717557251908,363.450381679389,-17.1011046868936,26,3
576.46218487395,364.294117647059,-17.2973453251418,50,3
577.741379310345,364.646551724138,-13.326141964359,27,3
578.688,364.832,-12.389958347067,27,3
580.176470588235,365.242647058824,-8.55106850741859,45,3
581.272,365.608,-9.23904913573899,23,3
582.212598425197,366.070866141732,-13.036110034563,30,3
583.115702479339,366.429752066116,-16.0813252667547,20,3
585.017391304348,366.991304347826,-19.0268097059218,40,3
586.957627118644,367.669491525424,-22.1739408977101,39,3
588.025423728814,368.050847457627,-19.5962818122042,20,3
589.373983739837,368.243902439024,-15.6388269075134,39,3
589.736434108527,368.418604651163,-15.3318654440732,22,3
591.5,368.896825396825,-11.4183904488334,43,3
593.453125,369.4375,-9.4587361789714,38,3
593.777777777778,369.762962962963,-12.7553365034329,23,3
596.089285714286,370.544642857143,-15.5343020344465,51,3
596.692307692308,370.666666666667,-16.1547522643622,15,3
598.598360655738,371.147540983607,-18.1695138119015,45,3
600.420168067227,371.840336134454,-13.204142764318,45,3
601.042372881356,372.033898305085,-10.5383156551491,21,3
602.798449612403,372.426356589147,-9.49191131578844,43,3
603.596899224806,372.728682170543,-6.88083678262859,24,3
605.426229508197,373.229508196721,-10.9831751757792,41,3
606.209677419355,373.596774193548,-11.9647146470202,30,3
607.959349593496,373.918699186992,-16.7328231510999,27,3
609.95652173913,374.469565217391,-16.7454057421263,36,3
610.406504065041,374.447154471545,-15.3607542106355,18,3
612.398305084746,375.016949152542,-9.63117318260371,39,3
613.899159663866,375.428571428571,-4.97973322714443,37,3
614.438016528926,375.603305785124,-4.0280249088534,14,3
616.30701754386,375.894736842105,-7.91651868518376,43,3
616.829268292683,375.967479674797,-8.45589505848334,15,3
618.923076923077,376.529914529915,-13.4779983493986,42,3
621.318584070796,376.814159292035,-15.5817558504982,42,3
622.051724137931,376.870689655172,-14.0533744685854,25,3
623.902654867257,377.442477876106,-8.93103118631391,33,3
624.3,377.55,-9.78000016316926,21,3
626.522123893805,378.185840707965,-5.56225416729684,37,3
628.072,378.392,-6.95129361422662,26,3
629.00826446281,378.545454545455,-10.7774853666077,28,3
630.272,378.816,-13.063945983704,28,3
631.703389830509,379.101694915254,-14.4114320141807,25,3
633.594827586207,379.551724137931,-13.6792746285474,36,3
635.675675675676,379.990990990991,-7.96301084712225,35,3
636.178571428571,380.169642857143,-7.07338801194631,15,3
638.444444444444,380.509259259259,-2.02291785431793,40,3
638.823008849557,380.716814159292,-3.51889059045786,13,3
640.43119266055,380.981651376147,-8.01430795580024,38,3
641.660869565217,381.313043478261,-10.9085584818432,34,3
642.840707964602,381.389380530973,-14.1786022266435,22,3
644.97247706422,381.834862385321,-15.0236090697333,42,3
645.909090909091,382.009090909091,-14.1768011177626,15,3
646.96261682243,382.299065420561,-11.5500649393367,35,3
649.196078431373,382.823529411765,-5.9006124195386,37,3
650.388888888889,383.166666666667,-6.1301490972146,20,3
651.62037037037,383.296296296296,-8.24225981540195,28,3
652.457943925234,383.691588785047,-9.04323385556268,29,3
654.128440366972,383.807339449541,-12.8433125215641,30,3
