411.291666666667,240.458333333333,78.399489046603,NaN,1
411.319444444444,240.291666666667,77.5691813464896,6,1
411.362416107383,240.315436241611,77.853604986361,7,1
411.395973154362,240.046979865772,76.5411525424529,6,1
411.439189189189,240.060810810811,76.8579596131698,7,1
411.358108108108,240.236486486486,77.2053228601463,6,1
411.30612244898,240.442176870748,78.4401566619268,5,1
411.308724832215,240.38255033557,77.6987247953881,2,1
411.34693877551,240.231292517007,77.1644503771296,4,1
411.206896551724,240.4,77.6182903353003,6,1
411.243055555556,240.347222222222,77.4814508539468,5,1
411.215277777778,240.5625,77.7445738888306,6,1
411.237762237762,240.517482517483,77.6737030098624,5,1
411.206896551724,240.379310344828,77.201123682987,4,1
411.364864864865,240.175675675676,76.8772925078882,5,1
411.244897959184,240.448979591837,77.7160224366266,7,1
411.408163265306,240.12925170068,76.7866366220503,8,1
411.344827586207,240.262068965517,77.3822862309496,4,1
411.324137931034,240.337931034483,77.3478429019039,6,1
411.324137931034,240.227586206897,76.3686090793816,6,1
411.268965517241,240.262068965517,76.2366369485984,2,1
411.310344827586,240.220689655172,76.7382370211683,4,1
411.261744966443,240.362416107383,77.3372883227087,6,1
411.260563380282,240.345070422535,77.7633587363779,7,1
411.213793103448,240.6,77.8866517393025,7,1
411.153846153846,240.475524475524,77.6334107267678,4,1
411.369863013699,240.061643835616,76.9486820520311,7,1
411.477124183007,240.137254901961,77.7883731017745,25,1
410.736196319018,239.766871165644,-5.71785463314102,112,1
413.936781609195,239.103448275862,13.6710621952863,123,1
419.198717948718,238.99358974359,-24.7539702215609,146,1
425.391534391534,242.153439153439,-19.7319106242896,151,1
432.785714285714,245.010989010989,-19.7184525980622,177,1
440.147727272727,247.079545454545,5.61863492311418,180,1
448.121546961326,246.718232044199,-5.45803359610999,161,1
456.502824858757,246.395480225989,7.41197056102288,172,1
464.437158469945,245.814207650273,6.3360774718742,162,1
470.969230769231,245.430769230769,8.78063638271575,148,1
478.741379310345,245.32183908046,8.4948374997235,161,1
485.89349112426,244.449704142012,-3.05100004492719,145,1
492.590643274854,244.374269005848,10.7379388953493,142,1
498.924855491329,243.670520231214,-3.42470655873346,132,1
505.624277456647,243.884393063584,6.2425974882609,138,1
511.323529411765,243.664705882353,1.11120679528159,115,1
516.774390243902,243.817073170732,1.80421150281445,110,1
521.505882352941,244.635294117647,-1.56860185336965,102,1
527.385542168675,245.289156626506,0.258161900196595,120,1
532.374233128834,245.742331288344,7.01701674211497,111,1
537.964912280702,245.66081871345,-6.80281082678496,126,1
544.427710843373,246.813253012048,-0.0378651268310703,125,1
550.364197530864,247.456790123457,-12.5742249872096,122,1
556.672727272727,248.806060606061,1.87325872818573,131,1
563.066265060241,249.21686746988,-8.52318967473603,127,1
569.921212121212,250.387878787879,-1.3255329844147,135,1
575.650887573964,251.218934911243,-8.37366016556711,118,1
582.041666666667,252.452380952381,-9.98205442128747,133,1
587.375,253.922619047619,-8.02357266537831,120,1
593.403726708074,255.273291925466,-17.9269225049668,131,1
598.864516129032,257.096774193548,-4.16334053668333,118,1
604.549019607843,258.444444444444,-19.8448611727933,122,1
609.915032679739,260.326797385621,-9.75003724306571,112,1
614.19375,261.3875,-16.5340120257672,93,1
619.427631578947,263.335526315789,-25.827371741662,114,1
624.224637681159,265.811594202899,-17.3141762521409,104,1
628.60447761194,267.492537313433,-26.4881250211301,92,1
635.023622047244,270.488188976378,-16.9039901412794,123,1
637.77397260274,272.349315068493,-27.5708307130531,97,1
639.792857142857,275.021428571429,-44.5792835667204,102,1
640.509933774834,278.741721854305,-53.3455473897036,99,1
641.525547445255,281.598540145985,-69.8370554230494,84,1
641.604316546763,285.352517985611,-70.3621123944758,84,1
641.348993288591,287.181208053691,-83.4265157149188,56,1
641.521739130435,291.644927536232,87.5978036179149,95,1
641.418918918919,294.635135135135,-76.8529745366362,84,1
NaN,NaN,NaN,148,1
377.586592178771,229.743016759777,3.4632570447538,NaN,2
377.752808988764,229.606741573034,2.93860317989208,7,2
377.589887640449,229.685393258427,2.15073473202215,6,2
377.680473372781,229.585798816568,2.76994154571676,15,2
377.789473684211,229.584795321637,3.55774776548178,8,2
377.888888888889,229.730994152047,2.48860395039317,8,2
377.660714285714,229.916666666667,2.20336110722568,11,2
377.821229050279,229.720670391061,2.97312015414159,11,2
377.820809248555,229.618497109827,2.26881015709279,10,2
377.736842105263,229.619883040936,2.27688398957932,2,2
377.85119047619,229.744047619048,3.45250861353977,11,2
377.842105263158,229.836257309942,3.93458378474733,9,2
377.938271604938,229.932098765432,3.4641224992754,11,2
378.185628742515,229.88622754491,2.57799902876969,13,2
377.219653179191,230.046242774566,2.28360596907251,22,2
378.139534883721,230.052325581395,-0.0163022019540978,41,2
379.482269503546,230.631205673759,-89.4261372354473,101,2
377.496503496504,233.496503496503,57.3771408859292,108,2
375.224242424242,236.860606060606,82.113797125079,126,2
373.559748427673,244.270440251572,59.7134047822461,152,2
371.211538461538,248.038461538462,60.7973122111698,109,2
368.5,252.267123287671,57.5003148047956,104,2
366.146666666667,255.38,37.5467417972077,90,2
363.248275862069,257.765517241379,47.5008644675937,91,2
359.802721088435,260.843537414966,40.2591924141078,92,2
356.883116883117,263.564935064935,44.2289626226301,87,2
353.007142857143,267.478571428571,56.7769834213532,112,2
349.948051948052,270.305194805195,41.0309950363219,92,2
346.37012987013,273.266233766234,40.5931646762618,98,2
342.152317880795,276.841059602649,58.5006035866874,119,2
338.962264150943,279.836477987421,41.6430420919457,92,2
335.337748344371,282.543046357616,31.8629133111736,94,2
331.645161290323,285.283870967742,51.28149348784,104,2
328.687898089172,287.904458598726,48.1088492368477,82,2
325.958823529412,290.476470588235,42.886486372478,83,2
322.933333333333,293.066666666667,47.0416719866915,85,2
320,295.481707317073,49.4036584439277,81,2
317.678362573099,297.391812865497,42.749555090459,77,2
314.170731707317,300.317073170732,47.3612019920031,99,2
311.19018404908,302.711656441718,53.2778146668873,81,2
308.20625,305.36875,49.6231705023947,85,2
305.71098265896,307.595375722543,47.0425567541266,79,2
302.285714285714,310.435064935065,55.6182324743603,91,2
299.354838709677,313.174193548387,54.9042223495256,83,2
297.170731707317,315.128048780488,48.1223896421325,67,2
294.280487804878,317.743902439024,52.0582503599609,90,2
291.392405063291,320.664556962025,57.085813964874,86,2
289.084337349398,322.632530120482,51.8533816565401,68,2
286.810650887574,324.627218934911,44.8804481129446,73,2
283.180124223602,327.701863354037,56.1526515327529,98,2
280.746913580247,330.12962962963,55.5913725253683,75,2
278.514792899408,332.538461538462,49.0422663451208,79,2
276.30625,334.9125,48.3169183944601,71,2
273.723270440252,338.075471698113,59.3799860617189,79,2
271.610062893082,340.503144654088,57.0493071987281,68,2
269.733333333333,342.860606060606,51.8691658176348,70,2
267.571428571429,345.694805194805,58.5865248757736,73,2
265.588607594937,348.398734177215,61.8460625928432,66,2
263.75,350.45,55.6960584349276,64,2
262.107594936709,352.70253164557,52.9810050553936,62,2
260.050632911392,355.354430379747,60.8120571745959,72,2
257.873417721519,357.898734177215,63.4066958798255,70,2
256.05625,360.2,59.05137718978,64,2
254.361290322581,362.522580645161,54.9071146206575,67,2
252.2,365.575,64.9692737356653,77,2
250.381578947368,368.328947368421,65.8068977853446,68,2
249.184713375796,370.350318471338,61.983559477985,53,2
247.75,373.05625,62.8647166778299,67,2
246.136054421769,375.721088435374,71.5699879481129,57,2
244.863636363636,377.844155844156,68.600696264417,51,2
243.474860335196,381.13407821229,69.9912376304895,77,2
242.952380952381,383.814814814815,75.2500171206973,68,2
242.446808510638,383.957446808511,69.8465667780509,39,2
241.871657754011,384.497326203209,66.891669151615,29,2
241.162303664921,384.48167539267,60.9861972723575,36,2
240.885416666667,384.526041666667,59.754178731563,35,2
240.357894736842,384.473684210526,57.6648109402172,26,2
NaN,NaN,NaN,190,2
376.455089820359,237.844311377246,-9.51122088700455,NaN,3
376.317647058824,237.788235294118,-9.40849097439815,9,3
376.514619883041,237.853801169591,-8.19691060029174,13,3
376.488095238095,237.77380952381,-9.28429339562651,7,3
376.311764705882,237.811764705882,-10.0038176254747,12,3
376.210227272727,237.806818181818,-8.99393451769605,12,3
376.251461988304,237.801169590643,-8.25527845267589,9,3
376.287356321839,237.810344827586,-8.12677270678455,9,3
376.186046511628,237.843023255814,-8.79490791882168,12,3
376.292397660819,237.818713450292,-9.1196597030561,13,3
376.286549707602,237.883040935673,-9.36629354498341,8,3
376.398843930636,237.780346820809,-9.87723668741091,12,3
376.364705882353,237.935294117647,-9.62141743696082,9,3
376.2,237.888235294118,-9.60960959417764,6,3
376.390532544379,237.863905325444,-9.91187491533188,5,3
376.345029239766,237.795321637427,-8.91001874093386,10,3
376.217647058824,237.935294117647,-8.12412205756118,11,3
376.47619047619,237.904761904762,-8.77274307277331,14,3
376.255813953488,237.755813953488,-9.88344049817438,10,3
376.464705882353,237.735294117647,-10.0608726116268,12,3
376.337142857143,237.76,-9.85513834399849,11,3
376.242774566474,237.867052023121,-9.55939309199399,8,3
376.335329341317,237.85628742515,-9.45290034795713,10,3
376.380116959064,237.812865497076,-10.6984297592398,10,3
376.433526011561,237.826589595376,-9.37435653844501,10,3
376.530120481928,237.897590361446,-9.42708802855499,13,3
376.494117647059,237.864705882353,-10.1611022051581,12,3
376.411042944785,237.944785276074,-9.96600527373917,9,3
376.27485380117,237.812865497076,-8.74360776621856,12,3
376.347058823529,237.911764705882,-9.30588697538618,9,3
376.381818181818,238,-9.48823225413568,11,3
376.138728323699,238.080924855491,-8.59544859721946,14,3
376.156069364162,238.028901734104,-8.92786426487853,14,3
376.478260869565,237.975155279503,-9.41365502038684,12,3
376.184523809524,238.02380952381,-9.14423074325727,15,3
376.368421052632,237.953216374269,-8.65932206441913,15,3
376.313609467456,237.952662721893,-9.07175397427059,12,3
376.304093567251,237.929824561404,-7.90490100951016,8,3
376.420118343195,237.98224852071,-6.93285132542658,10,3
376.196531791907,237.953757225434,-7.6991983162124,8,3
376.50289017341,237.826589595376,-9.00082682827564,12,3
376.491017964072,237.934131736527,-7.97806713773805,12,3
376.32183908046,237.879310344828,-8.13234774492889,13,3
376.572289156626,237.939759036145,-8.65033344938551,14,3
376.574074074074,238.055555555556,-9.35510786026575,8,3
376.508875739645,238.01775147929,-9.07203775838697,9,3
376.179190751445,238.005780346821,-6.77823855834749,10,3
376.317365269461,238.083832335329,-7.54731707730418,6,3
376.387878787879,237.939393939394,-7.94996746843291,10,3
376.292397660819,238.029239766082,-6.89786680007705,12,3
376.205714285714,237.977142857143,-7.06297040343498,6,3
375.889534883721,238.03488372093,-6.22734715222012,17,3
376.451807228916,238.036144578313,-8.83425372997528,20,3
376.847682119205,237.847682119205,-44.6354628457489,85,3
376.753424657534,240.061643835616,87.9251221209134,111,3
377.604651162791,245.813953488372,-60.7566681870259,117,3
380.519379844961,251.682170542636,-79.8965439664951,124,3
383.414634146341,258.813008130081,-54.0720648502565,142,3
385.328125,265.4140625,82.2919775719486,135,3
385.028985507246,272.833333333333,-84.766790248346,140,3
384.638888888889,280.368055555556,75.5971175010571,138,3
383.443661971831,285.950704225352,87.966638598685,116,3
382.671428571429,290.721428571429,79.0653787392845,96,3
382,295.027777777778,78.9901784398741,82,3
381.142857142857,300.164285714286,-88.7150557205009,100,3
380.771428571429,304.078571428571,78.2444279187496,86,3
380.485074626866,307.208955223881,87.2120138486208,70,3
379.94696969697,311.280303030303,89.5448751133433,90,3
379.806896551724,314.855172413793,78.9733116900849,81,3
379.624113475177,319.581560283688,-89.722999603066,100,3
379.157142857143,324.285714285714,85.4357694711988,91,3
378.722627737226,328.890510948905,72.7065814670023,93,3
377.927536231884,334.021739130435,84.3802285675273,101,3
377.087591240876,338.70802919708,79.7938443118887,89,3
376.427480916031,343.137404580153,73.8035396753435,90,3
375.744186046512,347.914728682171,84.9584692052454,94,3
374.845528455285,352.422764227642,79.9745355072317,84,3
374.455223880597,356.298507462687,76.6578417828788,81,3
374.04132231405,360.933884297521,88.0203815546338,91,3
373.347107438017,364.98347107438,85.5634054031365,80,3
373.009174311927,370.284403669725,80.0395186731083,88,3
372.938053097345,373.716814159292,89.3086679290121,70,3
NaN,NaN,NaN,113,3
NaN,NaN,NaN,0,3
NaN,NaN,NaN,0,3
NaN,NaN,NaN,0,3
NaN,NaN,NaN,0,3
399.03164556962,240.759493670886,27.1966917850226,NaN,4
399.046357615894,240.801324503311,25.574703220668,13,4
398.993710691824,240.918238993711,27.1009723484503,18,4
399.103225806452,240.909677419355,25.900118529896,16,4
399.129032258065,240.954838709677,24.6773148924323,10,4
399.282051282051,241.160256410256,26.9810687000314,11,4
399.267973856209,241.071895424837,25.6591444568126,7,4
399.0875,241.2375,27.1363058401362,13,4
399.251612903226,241.174193548387,25.1967574534825,13,4
399.255033557047,241.228187919463,24.4237999463458,8,4
399.365384615385,241.25,25.215957202982,9,4
399.376623376623,241.311688311688,25.0936840880846,2,4
399.49358974359,241.346153846154,24.5604876297289,4,4
399.445161290323,241.464516129032,23.5067601710762,5,4
399.51282051282,241.435897435897,23.9334347713496,5,4
399.635220125786,241.383647798742,23.7964055968862,3,4
399.732919254658,241.391304347826,24.2864696323561,6,4
399.544871794872,241.608974358974,24.3359671912255,9,4
399.901234567901,241.5,22.7649267901344,10,4
399.9375,241.5375,23.9640089623728,10,4
399.911949685535,241.547169811321,23.0682616397975,7,4
399.74375,241.5625,23.1138164778448,9,4
400.213414634146,241.335365853659,23.0551873843678,14,4
399.838709677419,241.6,22.5009334904932,11,4
400.165644171779,241.484662576687,22.054670142057,12,4
400.234939759036,241.5,22.9825900258869,11,4
400.106918238994,241.572327044025,22.7241284796088,11,4
399.699346405229,241.777777777778,22.1910195157609,18,4
400,241.549382716049,22.3863236173751,15,4
400,241.528301886792,23.1283509337151,27,4
400.407608695652,240.869565217391,25.6103000879062,29,4
400.301075268817,240.736559139785,26.8166672062084,14,4
400.436842105263,240.747368421053,24.2742536291837,18,4
400.520618556701,240.953608247423,21.4699634809948,48,4
399.724137931034,241.362068965517,62.8245677789513,100,4
396.837696335079,245.544502617801,48.6212742567539,137,4
391.929487179487,247.730769230769,18.0480139738949,155,4
384.866279069767,250.598837209302,22.5378727118402,160,4
377.764705882353,252.745098039216,0.155163776853451,169,4
372.264150943396,252.710691823899,9.76399250268065,120,4
366.320512820513,253.294871794872,-5.59581602408289,133,4
360.56875,252.3375,11.3279809656782,126,4
356.420382165605,252.133757961783,-12.1401632064818,95,4
352.344155844156,250.701298701299,-28.4357702558362,99,4
349.512658227848,249.03164556962,-24.3281579430826,74,4
346.909638554217,247.409638554217,-20.1119128022491,90,4
343.041379310345,245.903448275862,-28.0237396649762,101,4
339.416666666667,244.307692307692,-32.4527423035326,93,4
336.133333333333,242.66,-26.2226081976918,90,4
332.74375,241.0125,-21.224039992061,82,4
328.532894736842,239.506578947368,-27.1777746242031,90,4
325.227848101266,238.107594936709,-28.8372998410091,76,4
322.459627329193,236.950310559006,-21.6196979909451,77,4
319.397435897436,235.49358974359,-22.4293441933727,71,4
316.651612903226,234.109677419355,-27.5296183462158,67,4
313.655405405405,232.810810810811,-26.0076471867243,67,4
310.582278481013,231.373417721519,-22.3651566239164,68,4
307.796052631579,229.901315789474,-22.6926919402732,62,4
305.307692307692,229.076923076923,-26.2793190891917,52,4
301.839743589744,227.416666666667,-27.0272553635433,78,4
299.635220125786,226.176100628931,-22.3958275391839,57,4
297.107594936709,225.044303797468,-20.3656163395777,63,4
294.757763975155,223.695652173913,-26.2293277389149,59,4
291.907284768212,222.225165562914,-28.4316109824541,66,4
289.259493670886,220.962025316456,-26.1751940808873,61,4
287.079268292683,219.725609756098,-22.7808047958695,60,4
285.111111111111,218.623456790123,-24.545349807509,56,4
282.329032258065,217.529032258065,-30.3095174797047,63,4
279.845161290323,216.206451612903,-30.0121559281886,56,4
277.852760736196,215.386503067485,-25.3961576249251,44,4
275.476821192053,214.364238410596,-21.8061882573707,56,4
273.425806451613,213.574193548387,-25.9243545795661,48,4
270.761589403974,212.596026490066,-30.2955706533428,60,4
268.509554140127,211.522292993631,-30.8905561924155,50,4
267.018518518519,210.530864197531,-24.8756824245117,45,4
264.9,209.21875,-22.9244588925154,58,4
263.116564417178,207.687116564417,-24.3209390081884,57,4
261.006451612903,206.574193548387,-28.3045264972888,48,4
259.216049382716,205.41975308642,-28.3535654141714,49,4
257.435582822086,204.466257668712,-22.6421424436129,53,4
255.4,203.711764705882,-22.7673694632603,53,4
253.785714285714,203.380952380952,-24.4250412059763,42,4
251.467455621302,202.562130177515,-27.399131074928,51,4
249.345238095238,202.011904761905,-25.3551195367431,51,4
247.529411764706,201.217647058824,-22.1818590623408,46,4
245.508875739645,200.295857988166,-19.2840836204498,49,4
243.01875,199.53125,-22.7578628520073,59,4
241.139393939394,199.060606060606,-26.4648609765791,45,4
239.21686746988,198.343373493976,-24.2523323294363,51,4
237.614457831325,197.789156626506,-20.0886534491732,38,4
235.27485380117,196.87134502924,-17.8460851844347,53,4
233.541176470588,196.458823529412,-18.8605676781779,45,4
231.287356321839,195.948275862069,-23.2654485038436,54,4
229.228915662651,195.518072289157,-21.3959066193492,52,4
227.73595505618,195.174157303371,-18.7201795071731,38,4
225.468208092486,194.462427745665,-14.9257047577852,57,4
223.616766467066,193.916167664671,-15.8455640810173,44,4
221.024242424242,193.551515151515,-21.6752389250708,60,4
218.770186335404,192.900621118012,-23.4422817881505,52,4
217.568047337278,192.763313609467,-20.4634006134061,34,4
215.865853658537,192.317073170732,-18.1265042937779,37,4
213.319277108434,191.620481927711,-17.0420195987579,52,4
212.150602409639,191.313253012048,-18.6849703875871,34,4
210.627329192547,191.012422360248,-23.6453960501841,43,4
209.576923076923,190.929487179487,-27.3867962339867,47,4
208.604026845638,190.677852348993,-24.8957694169404,49,4
207.772058823529,190.257352941176,-20.6621098491723,51,4
206.226277372263,189.868613138686,-17.1339993744948,39,4
205.013888888889,189.659722222222,-19.4117834076816,43,4
202.139534883721,188.953488372093,-22.4188871896416,45,4
200.279069767442,188.441860465116,-23.3925053493141,36,4
198.744186046512,187.93023255814,-21.5783599494416,44,4
196.274193548387,187.209677419355,-17.2600786056768,45,4
189.416901408451,176.870422535211,-58.8473724313099,271,4
NaN,NaN,NaN,355,4
NaN,NaN,NaN,0,4
NaN,NaN,NaN,0,4
NaN,NaN,NaN,0,4
NaN,NaN,NaN,0,4
NaN,NaN,NaN,0,4
