431.822368421053,263.578947368421,64.300564386224,NaN,1
432.091503267974,263.542483660131,63.6078361212764,11,1
432.1,263.66,64.7433043058747,5,1
432.099337748344,263.788079470199,65.051605558134,7,1
432.251655629139,263.754966887417,65.1689433857042,6,1
432.384105960265,263.629139072848,65.1325518580455,4,1
432.313725490196,264.052287581699,65.6673013911303,10,1
432.474358974359,263.980769230769,65.7772519744276,9,1
432.513333333333,264.073333333333,65.3140862445391,6,1
432.692307692308,264.070512820513,65.4341453220277,12,1
432.802547770701,264.044585987261,65.744065672761,9,1
432.876623376623,264.090909090909,66.7295053670751,13,1
432.833333333333,264.28,67.7585028592274,8,1
432.778523489933,264.375838926174,67.659664259971,9,1
432.973509933775,264.331125827815,67.9687848885018,10,1
433.052631578947,264.322368421053,67.9624636910701,5,1
432.986577181208,264.61744966443,68.6499290012446,7,1
433.289473684211,264.328947368421,67.7693881499456,11,1
433.224358974359,264.583333333333,68.4645980649386,10,1
433.311688311688,264.603896103896,69.4028383302882,10,1
433.331210191083,264.783439490446,68.8383738937087,9,1
433.483870967742,264.845161290323,68.9105471677029,8,1
433.62091503268,264.83660130719,68.7661931975117,6,1
433.694805194805,264.792207792208,69.1300169360407,5,1
433.76,264.906666666667,68.5278821359222,6,1
433.797385620915,264.895424836601,69.4569875087591,7,1
433.933774834437,264.966887417219,70.1937984309642,6,1
434.019736842105,265.098684210526,69.4616549029461,7,1
434.052287581699,265.241830065359,69.9743220667151,5,1
434.084415584416,265.207792207792,69.7404872516492,1,1
434.214285714286,265.051948051948,69.70469062885,4,1
434.348387096774,265.187096774194,69.1994500112409,7,1
434.435064935065,265.344155844156,69.2288047920594,7,1
434.402597402597,265.415584415584,69.7016432397364,2,1
434.464052287582,265.470588235294,69.8338999817329,7,1
434.529032258064,265.535483870968,70.2731726824125,4,1
434.588235294118,265.686274509804,70.8498860133675,6,1
434.761589403974,265.695364238411,71.8049130697802,8,1
434.781456953642,265.53642384106,71.5636089485039,4,1
434.907284768212,265.741721854305,72.1278656169133,10,1
434.893333333333,265.84,71.4528206958402,3,1
434.993333333333,265.92,71.7216515579902,6,1
435.220779220779,265.902597402597,70.5573640917572,10,1
435.181818181818,266.051948051948,70.437192791271,6,1
435.311688311688,266.142857142857,69.899602412723,8,1
435.375796178344,266.171974522293,70.2939703289609,7,1
435.516339869281,266.294117647059,70.0540574486429,8,1
435.668789808917,266.235668789809,71.3123245457877,10,1
435.726114649682,266.414012738854,69.4002746004872,14,1
435.700680272109,267.414965986395,64.5883592894689,42,1
435.931506849315,267.493150684931,64.7524092106268,21,1
435.363057324841,267.713375796178,83.9103431078018,61,1
434.910714285714,268.113095238095,-44.2912760614429,57,1
435.319018404908,268.60736196319,-34.7009306640955,37,1
437.013157894737,269.684210526316,-35.4734277559861,69,1
438.862745098039,271.052287581699,-56.2623687702509,53,1
441.227272727273,273.597402597403,-56.0993982742758,77,1
443.904109589041,276.780821917808,-29.3421075890458,90,1
445.482517482517,278.216783216783,-7.86542779048296,59,1
449.575757575758,278.462121212121,-6.34347778438516,91,1
451.230215827338,278.604316546763,-16.8760069253697,49,1
454.204545454545,278.6875,-22.162421241324,95,1
458.03550295858,279.751479289941,-19.85459456814,95,1
460.985294117647,280.904411764706,5.12711083586776,83,1
463.916030534351,280.916030534351,9.5746415666436,77,1
465.729323308271,280.751879699248,10.3637568957258,50,1
469.743801652893,280.512396694215,3.09153471311277,76,1
473.220472440945,279.937007874016,-3.04481743092224,56,1
474.68253968254,279.97619047619,1.7710473713525,31,1
477.974789915966,279.53781512605,13.3494912660225,71,1
479.28813559322,279.474576271186,15.4801814038812,31,1
482.535433070866,278.850393700787,17.6913384435431,61,1
484.826771653543,278.244094488189,7.63539265584637,46,1
486.735537190083,278.057851239669,3.59870132552526,32,1
489.904761904762,277.722222222222,10.2964824083164,59,1
491.02380952381,277.619047619048,13.6068753769732,24,1
494.233870967742,277.459677419355,15.3907783450675,56,1
496.148148148148,276.97037037037,10.8606541931626,45,1
497.352941176471,276.588235294118,8.07704676519724,29,1
500.511278195489,275.834586466165,2.9426647895926,61,1
501.395683453237,275.589928057554,6.07536230020529,24,1
504.308823529412,275.345588235294,13.2477168400637,65,1
508.311111111111,274.496296296296,14.4106066040828,69,1
509.891304347826,273.739130434783,11.8858625582143,41,1
512.834586466165,273.007518796992,6.96703438983047,61,1
513.944055944056,272.629370629371,11.9746235978017,26,1
517.702290076336,272.015267175573,18.1133827258021,82,1
521.422222222222,270.792592592593,12.2634902723559,66,1
523.404580152672,270.297709923664,9.09294328936038,38,1
527.266666666667,269.237037037037,11.9991144295062,68,1
528.970802919708,268.795620437956,15.7555638946722,40,1
532.933333333333,267.866666666667,18.4735034382959,74,1
536.084507042254,267.014084507042,8.56421449352169,67,1
538.59375,266.4609375,5.69346358243126,44,1
541.823529411765,265.669117647059,14.1427578326678,60,1
543.82962962963,265.155555555556,18.2288918389484,43,1
547.664233576642,264.014598540146,16.0610001690139,68,1
550.88275862069,263.041379310345,12.0725167781632,62,1
553.375886524823,262.212765957447,15.1366515182997,46,1
556.760563380282,261.492957746479,16.8126024626506,67,1
559.057142857143,260.978571428571,20.6423685418889,44,1
562.594594594595,259.587837837838,10.2298893641043,74,1
566.282608695652,258.579710144928,6.6007406329124,68,1
567.993055555556,258.256944444444,10.704067047329,40,1
571.971428571429,257.728571428571,16.3988774820886,68,1
573.748091603053,257.236641221374,14.2605845750548,43,1
577.185185185185,256.118518518518,11.841188938078,62,1
580.595744680851,255.056737588652,16.0118582430566,64,1
583.03007518797,254.481203007519,19.5420566744375,46,1
586.649253731343,253.320895522388,17.4337543065574,63,1
588.020408163265,252.598639455782,14.9541284519807,35,1
591.86013986014,251.398601398601,7.91306957353794,76,1
595.195652173913,250.550724637681,11.863689035467,65,1
597.264285714286,250.221428571429,15.3698479533006,36,1
600.492857142857,249.421428571429,15.8835958036307,62,1
602.5,248.659420289855,14.2569250554873,40,1
605.985185185185,247.555555555556,12.2364840830958,63,1
609.385185185185,246.933333333333,17.9051165914627,66,1
611.427536231884,246.528985507246,14.8224772591948,33,1
615.095588235294,245.25,2.19665586312344,72,1
616.522727272727,245.121212121212,2.04499182905276,34,1
619.558620689655,244.6,5.7079825029132,53,1
623.953846153846,244.230769230769,11.7986411856721,85,1
625.761194029851,243.776119402985,11.5056342247237,40,1
630,242.885496183206,5.78673079147108,73,1
631.818181818182,242.234848484848,3.07727693205555,37,1
634.871621621622,241.831081081081,10.9042812109784,58,1
638.748201438849,241.460431654676,16.1050924255572,71,1
640.225352112676,240.683098591549,19.6535788431168,35,1
642.941605839416,239.56204379562,16.9996013559756,49,1
644.30612244898,238.755102040816,25.1668993342652,38,1
648.540740740741,236.718518518519,36.9988849516313,94,1
652.207407407407,234.681481481481,13.8414924163754,78,1
654.736842105263,233.789473684211,4.11491678887935,45,1
658.625,232.901785714286,12.2507041294935,72,1
661.424,231.776,25.5481856769942,53,1
664.121739130435,229.55652173913,38.0805907192046,66,1
664.211678832117,228.620437956204,41.391737604219,40,1
665.2578125,227.578125,45.4900994828987,35,1
666.418604651163,225.596899224806,66.7277481392507,75,1
667.104,224.128,74.2168040017973,40,1
667.508064516129,221.016129032258,81.6184239621842,71,1
667.350427350427,217.752136752137,70.2601728855219,63,1
667.362831858407,216.681415929204,70.2613937468044,32,1
667.518181818182,214.518181818182,72.7449272955634,41,1
667.461538461538,213.888888888889,74.7512558099076,19,1
667.828828828829,212.324324324324,81.6629044857368,38,1
668.197916666667,209.4375,-87.4130921938273,47,1
667.872340425532,208.829787234043,89.6404325354484,20,1
667.333333333333,206.911764705882,83.0013161487373,46,1
667.151785714286,205.973214285714,81.9510903979521,24,1
666.974576271186,204.618644067797,-88.7188330746959,38,1
667.044247787611,202.70796460177,-79.086545234608,49,1
666.820754716981,201.358490566038,-75.6677225697726,25,1
666.339622641509,198.933962264151,-82.08378954406,42,1
666.042372881356,197.85593220339,-87.0144978322884,24,1
665.666666666667,196.219512195122,85.6031942250598,41,1
665.536,194.6,-89.8092542630795,38,1
665.666666666667,193.825,-89.5941523649721,21,1
665.764227642276,190.821138211382,-79.9842872674316,53,1
665.778625954198,189.75572519084,-76.5143217828783,26,1
665.780141843972,188.347517730496,-81.5457526906529,36,1
665.652482269504,186.432624113475,-87.45538058286,46,1
NaN,NaN,NaN,141,1
398.107142857143,235.571428571429,-48.8296702362162,NaN,2
398.210526315789,235.657894736842,-48.9456232689951,2,2
398.169642857143,235.544642857143,-48.6898074843949,2,2
398.438596491228,235.631578947368,-48.8785696754419,6,2
398.3,235.436363636364,-48.9193720391759,6,2
398.154545454545,235.418181818182,-48.2579709834365,6,2
398.071428571429,235.294642857143,-48.8431208847683,6,2
398.018181818182,235.354545454545,-47.7315391997409,6,2
397.955357142857,235.098214285714,-48.3065511055374,8,2
397.87962962963,235.009259259259,-47.8138683077917,6,2
398.161904761905,235.152380952381,-47.9273205828421,7,2
398.171428571429,235.238095238095,-47.8234372458723,4,2
398.207207207207,235.369369369369,-48.0517531357894,8,2
398.151785714286,235.392857142857,-48.5289898392587,7,2
398.265486725664,235.41592920354,-48.9638115345837,5,2
398.081081081081,235.252252252252,-48.1652815736028,4,2
398.229357798165,235.192660550459,-49.4504611293274,4,2
398.009345794393,235.056074766355,-48.4081110267066,6,2
398.028037383178,235.252336448598,-47.7378377148385,4,2
398.297297297297,235.567567567568,-48.6597539328588,8,2
398.299065420561,235.411214953271,-48.2196106826802,4,2
398.216981132075,235.27358490566,-49.0300667717566,7,2
398.142857142857,235.209523809524,-47.8088451486515,7,2
398.037037037037,235.305555555556,-48.3476260193253,7,2
398.036697247706,235.238532110092,-48.5581869140846,3,2
398.122641509434,235.283018867925,-48.844592346087,3,2
398.047169811321,235.22641509434,-48.2023921934545,4,2
398.037735849057,235.320754716981,-49.4574734562521,4,2
398.099099099099,235.459459459459,-48.5798915337014,5,2
398.090909090909,235.409090909091,-49.6818294600496,3,2
398.125,235.580357142857,-48.9823044193264,4,2
398.036363636364,235.4,-48.7876471428149,4,2
397.936363636364,235.436363636364,-49.5195187672556,4,2
398.063063063063,235.522522522523,-49.2028979098171,7,2
397.871559633028,235.412844036697,-49.6827707932179,4,2
397.824074074074,235.388888888889,-49.595223421294,5,2
397.87962962963,235.472222222222,-49.1708994092667,6,2
397.805555555556,235.453703703704,-50.2518510457574,4,2
397.853211009174,235.56880733945,-49.835891475696,7,2
397.834862385321,235.633027522936,-50.0336925105529,2,2
397.861111111111,235.648148148148,-51.3479639847143,5,2
397.731481481481,235.564814814815,-50.9138399756918,6,2
397.990990990991,236.045045045045,-51.5609491018097,7,2
398,236.054054054054,-51.5639515381456,2,2
397.954954954955,236.225225225225,-51.9424713803434,6,2
397.919642857143,236.142857142857,-52.5361717774152,5,2
397.90990990991,236.189189189189,-52.0554957127937,3,2
398.026548672566,236.371681415929,-52.5172059937183,2,2
397.815789473684,236.236842105263,-52.6829688516625,7,2
397.883928571429,236.321428571429,-52.3717935854295,4,2
397.931034482759,236.508620689655,-53.0013830355521,4,2
397.877192982456,236.429824561404,-53.1878807406398,4,2
397.820512820513,236.478632478632,-53.3871837551221,5,2
397.925,236.733333333333,-53.1972205398035,5,2
398.066666666667,236.908333333333,-53.7973463916867,4,2
397.776859504132,236.619834710744,-52.2816760923823,5,2
397.816666666667,236.633333333333,-52.8868054074792,3,2
398.015384615385,237.130769230769,-53.6129245374945,12,2
398.028571428571,237.685714285714,-56.1860305190519,18,2
398.22972972973,237.972972972973,-54.9448983747781,18,2
398.260273972603,237.753424657534,-55.1236579283298,26,2
398.401360544218,237.775510204082,-54.7388085308156,19,2
398.326923076923,237.903846153846,-67.0133911728756,53,2
397.333333333333,236.044444444444,-88.9556330647522,55,2
396.901515151515,235.121212121212,88.1347281036058,35,2
396.8125,232.484375,-74.7786418969689,68,2
396.576642335766,230.846715328467,-63.2491831412527,49,2
395.198473282443,227.778625954198,-56.9769075513794,80,2
392.176470588235,224.735294117647,-58.6569811831037,67,2
390.47619047619,222.626984126984,-37.7298397368385,52,2
387.464285714286,220.151785714286,-18.543623767806,86,2
386.190476190476,219.515873015873,-21.3098170661642,42,2
381.801724137931,217.112068965517,-35.670666391741,82,2
378.044247787611,214.911504424779,-44.1261623642759,79,2
376.609090909091,213.872727272727,-36.4640303291448,31,2
373.211538461538,211.076923076923,-21.638616023721,74,2
372,210.149606299213,-27.3836429063319,35,2
368.396694214876,208.578512396694,-32.7418240403273,72,2
365.415384615385,207.338461538462,-30.1929113294379,59,2
363.415384615385,206.315384615385,-20.1775822455297,40,2
360.103174603175,205.246031746032,-9.36383040142748,72,2
358.609375,204.9765625,-9.5791005817563,34,2
354.923076923077,204.715384615385,-13.6167326593978,62,2
351.920863309353,204.510791366906,-15.20690178754,57,2
350.274074074074,204.22962962963,-9.78778253302819,32,2
346.697674418605,203.682170542636,-3.3783286474986,66,2
345.046511627907,203.341085271318,-3.17049724484183,34,2
341.48,203.528,-10.1492289051734,64,2
338.298387096774,203.233870967742,-12.4588080898508,53,2
336.620967741935,202.991935483871,-8.05286039467629,26,2
333.88,202.64,-5.22936741030994,49,2
332.396946564885,202.419847328244,-0.679343427695959,26,2
328.84375,202.421875,-4.21815203226583,59,2
325.630769230769,202.476923076923,-8.18433848481508,52,2
324.794117647059,202.580882352941,-8.0204455904316,20,2
322.038167938931,202.312977099237,-3.31518122406369,55,2
320.612903225806,202.41935483871,0.538012389224518,31,2
316.570247933884,202.479338842975,-5.95636850192005,67,2
313.829268292683,202.341463414634,-6.48219285827261,60,2
312.073170731707,202.390243902439,-8.45391122015219,28,2
309.30534351145,202.412213740458,0.858921672997794,56,2
308.276923076923,202.530769230769,2.81074067698674,33,2
304.931297709924,202.404580152672,9.13064154115538,67,2
301.94964028777,202.841726618705,2.34275862473891,56,2
300.209302325581,203.116279069767,-1.47642393882203,38,2
297.113821138211,203.252032520325,-0.30649150512479,56,2
296.238095238095,203.309523809524,1.41021827808859,23,2
292.8828125,203.3203125,7.33468366015502,66,2
289.1484375,203.765625,6.8737887822004,66,2
287.396694214876,203.97520661157,3.12086329904875,29,2
284.065573770492,204.491803278689,4.82943909363361,59,2
283.255813953488,204.581395348837,4.3887618294011,21,2
280.779527559055,204.692913385827,8.59653308611936,52,2
277.745901639344,205.049180327869,12.8148734388325,57,2
275.876033057851,205.314049586777,11.6002856641948,35,2
272.896,205.984,3.39763875990634,56,2
271.6,206.296,2.03838556777046,32,2
269.279069767442,206.790697674419,5.65176942060537,46,2
266.247933884298,207.099173553719,10.3255776162837,64,2
264.264957264957,207.393162393162,12.3623121893376,32,2
261.395161290323,208.088709677419,11.5948338268441,59,2
259.775,208.6,9.23326423294124,32,2
257.479338842975,209.115702479339,5.49673628971732,49,2
255.462809917355,209.743801652893,10.0783825104876,50,2
253.635593220339,210.067796610169,12.8220814647036,33,2
250.082568807339,210.724770642202,17.2629898017963,65,2
249.101694915254,210.991525423729,15.1773568654998,25,2
246.957983193277,211.588235294118,11.1680109636042,53,2
244.352941176471,212.596638655462,5.45278891768034,60,2
242.890756302521,212.991596638655,7.07409665850571,26,2
240.546218487395,213.109243697479,11.2520202329464,46,2
239.094017094017,213.384615384615,12.6538166182744,32,2
236.719008264463,213.743801652893,12.4888235687772,50,2
233.950819672131,214.590163934426,7.61890252620966,55,2
232.105263157895,215.131578947368,4.32340933784088,34,2
230.729508196721,215.352459016393,8.467371678934,34,2
229.247933884298,215.520661157025,11.5861450036874,31,2
226.577235772358,215.918699186992,14.5436945213705,54,2
223.917355371901,216.487603305785,14.3124576702857,50,2
222.793388429752,216.801652892562,12.3443283533409,26,2
219.895652173913,217.452173913043,4.75182472092328,48,2
218.590163934426,217.926229508197,8.19356995781709,27,2
216.403225806452,218.443548387097,12.4586783176046,40,2
213.583333333333,218.875,18.6261952324149,64,2
212.311475409836,219.254098360656,17.9842249819954,24,2
209.483606557377,220.065573770492,14.6551619865866,58,2
208.52380952381,220.515873015873,10.5878888421819,22,2
206.1328125,221.28125,8.53195094419945,52,2
203.838461538462,221.7,10.8811449135619,46,2
202.84126984127,222.055555555556,12.2013200829468,26,2
199.491935483871,222.475806451613,13.7916189084648,56,2
198.496124031008,222.565891472868,13.7041973771888,35,2
195.645161290323,223.540322580645,10.9471160660104,51,2
193.469230769231,224.276923076923,9.42590548647931,48,2
192.034482758621,224.51724137931,12.1655703597259,32,2
189.542635658915,225.077519379845,15.5776430176954,51,2
188.225,225.375,18.983880264085,31,2
185.283333333333,226.15,16.6999054587329,54,2
183.596774193548,226.903225806452,14.697611230252,52,2
181.96,227.592,14.4772969904697,43,2
179.504273504273,228.452991452991,13.8173785069473,62,2
178.376,228.928,16.1255496166435,28,2
175.411764705882,229.546218487395,21.0042437071535,70,2
170.22619047619,230.964285714286,11.4738283478749,89,2
171.345454545455,230.409090909091,18.585448436328,40,2
168.979381443299,231.536082474227,8.51250663936664,55,2
166.806451612903,232.344086021505,6.97117334227048,36,2
163.858823529412,232.917647058824,24.3024116056522,50,2
161.724137931034,233.666666666667,25.6502443640163,38,2
162.356435643564,233.376237623762,21.735635695903,34,2
159.427184466019,234.388349514563,19.5451308375468,44,2
158.752380952381,234.580952380952,18.1060444154626,22,2
155.670212765957,235.989361702128,10.8311736459417,47,2
153.262626262626,236.575757575758,20.9230018315779,43,2
152.09375,236.947916666667,18.9035902248534,27,2
149.32183908046,238.540229885057,24.841409194863,47,2
149.054347826087,238.652173913043,24.6019477844304,7,2
149.155963302752,238.954128440367,28.862939975353,27,2
150.070866141732,238.984251968504,31.8710343192611,30,2
149.634920634921,239.357142857143,34.2292515362519,17,2
149.436507936508,239.944444444444,40.7938978985968,42,2
148.9,240.583333333333,43.5452553964694,22,2
148.692307692308,241.205128205128,45.4722605428488,31,2
147.579439252336,243.168224299065,42.394515278273,40,2
147.853211009174,243.311926605505,41.4097034010495,16,2
148.040322580645,243.435483870968,45.5694160036595,35,2
148.252032520325,243.617886178862,45.410122460831,17,2
147.642857142857,244.723214285714,43.9909783123556,27,2
NaN,NaN,NaN,112,2
410.886666666667,226.333333333333,-4.96428820780654,NaN,3
410.894736842105,226.368421052632,-6.29433636552916,8,3
410.845161290323,226.187096774194,-5.20719252046796,11,3
410.899371069182,226.194968553459,-5.17124846398067,6,3
410.87898089172,225.949044585987,-5.29731606728521,12,3
411,225.993788819876,-6.31255114611499,6,3
411.013157894737,226.046052631579,-6.27435571030298,9,3
410.91095890411,225.958904109589,-5.90059662985858,8,3
411.095238095238,225.87074829932,-6.25354911741058,5,3
411.161073825503,225.738255033557,-6.07040574924371,8,3
411.221476510067,225.644295302013,-5.31015857463439,6,3
411.182432432432,225.668918918919,-5.55698879178588,1,3
411.596026490066,225.609271523179,-5.26497427038713,7,3
411.526315789474,225.532894736842,-5.26286629545788,3,3
411.448275862069,225.51724137931,-4.62016526431019,7,3
411.624161073826,225.557046979866,-5.74853204329463,6,3
411.441379310345,225.4,-5.21460035095785,8,3
411.541666666667,225.430555555556,-5.48040236287753,3,3
411.565517241379,225.4,-5.85079315511796,5,3
411.68,225.38,-6.53820566434489,9,3
411.503355704698,225.228187919463,-5.45361281571846,7,3
411.593333333333,225.113333333333,-4.84524702456342,9,3
411.684931506849,225.020547945205,-6.02870124921427,14,3
411.756578947368,225.118421052632,-5.94909548441228,8,3
411.726114649682,224.942675159236,-6.36572799913408,13,3
411.857142857143,224.88961038961,-6.58739173910183,11,3
411.868421052632,224.822368421053,-6.1832923614962,6,3
411.860927152318,224.682119205298,-5.69720693160767,7,3
411.816993464052,224.653594771242,-5.44634211439431,2,3
411.967320261438,224.653594771242,-6.37857784434537,6,3
412.006622516556,224.615894039735,-5.77734095375824,6,3
412.059602649007,224.543046357616,-5.50708017399674,6,3
411.986577181208,224.577181208054,-6.24661447731466,6,3
411.96,224.54,-6.35245831635807,7,3
411.803921568627,224.40522875817,-6.87529442094619,7,3
411.718954248366,224.326797385621,-6.53823681431602,8,3
411.908496732026,224.424836601307,-7.55545455661915,8,3
411.843137254902,224.313725490196,-7.21058160015989,6,3
411.94701986755,224.278145695364,-7.53403357138761,4,3
412.013333333333,224.22,-7.74885517343543,3,3
411.854304635762,224.238410596026,-7.57060323773317,3,3
411.706666666667,224.16,-7.65896265204018,5,3
411.594594594595,224.02027027027,-6.75207513911732,8,3
411.329032258065,223.929032258065,-8.53835813590717,15,3
412.241379310345,223.710344827586,-8.17850015872835,28,3
412.705035971223,223.870503597122,-10.3172648973363,20,3
413.358208955224,223.932835820896,-1.63446157785954,69,3
412.866197183099,224.316901408451,37.8590587069073,50,3
414.297709923664,223.793893129771,46.6429612058273,49,3
416.414814814815,221.711111111111,41.3346255908454,80,3
416.986928104575,220.758169934641,24.740869800377,42,3
418.834285714286,219.234285714286,9.84907050236486,80,3
423.93661971831,217.943661971831,24.7959631005075,107,3
426.622222222222,217.059259259259,27.7883734778355,49,3
431.046153846154,215.4,20.3271403871026,83,3
433.037037037037,214.392592592593,12.3095713955788,47,3
437.511278195489,212.954887218045,6.24813499646583,100,3
443.208,211.864,26.5310776232454,102,3
445.7421875,210.953125,27.4827226117084,49,3
449.848,209.408,13.6078068075226,91,3
451.5703125,208.8359375,5.77461778338448,41,3
456.603305785124,207.768595041322,5.6542733780892,93,3
461.430769230769,206.669230769231,21.7727444430262,89,3
463.879032258065,205.806451612903,21.3002340998401,44,3
468.193798449612,204.527131782946,7.36773895323758,75,3
469.857142857143,203.671428571429,7.57923226491824,43,3
473.427631578947,202.756578947368,15.0088104996209,72,3
478.251798561151,201.474820143885,25.2268173623036,91,3
480.455882352941,200.933823529412,18.9978662300627,37,3
484.539568345324,199.726618705036,10.422843876432,79,3
486.30534351145,199.450381679389,10.0554466038,44,3
490.716417910448,198.716417910448,13.6756685044348,73,3
494.9,198.121428571429,14.9049858639725,74,3
496.687943262411,197.695035460993,9.33669907415733,41,3
500.514492753623,196.840579710145,-1.06348428575934,75,3
501.861111111111,196.701388888889,-1.12981218987568,26,3
505.827814569536,196.516556291391,9.82392381806168,81,3
510.858156028369,195.617021276596,10.4600207866712,94,3
514.193798449612,194.697674418605,-2.09925554321392,56,3
516.562962962963,194.392592592593,1.64969291513798,60,3
518.682119205298,193.960264900662,5.36842194725672,40,3
523.486301369863,193.609589041096,20.5642977650772,99,3
527.708955223881,192.313432835821,11.6429340175083,78,3
530.641221374046,191.389312977099,5.08368319765724,49,3
534.84126984127,191,7.01151495387862,75,3
536.810218978102,190.656934306569,13.1637697068879,41,3
540.467625899281,190.223021582734,20.4891825639138,76,3
544.641891891892,188.898648648649,13.9138052394922,75,3
547.358778625954,187.908396946565,9.18325714410835,55,3
549.664233576642,187.379562043796,11.5027391018176,60,3
552.062937062937,186.706293706294,18.9671870366522,52,3
557.527131782946,184.922480620155,24.0677078374511,94,3
560.776223776224,183.503496503497,11.3564300483034,72,3
562.871212121212,182.810606060606,7.80946407812225,43,3
566.73381294964,181.848920863309,13.9620011556865,71,3
568.971830985916,181.12676056338,21.7652325620479,45,3
573.372262773723,179.861313868613,22.3679785227532,77,3
576.640845070423,178.450704225352,11.1525661736641,77,3
579.431654676259,177.625899280576,10.1257021128103,47,3
582.866197183099,176.464788732394,18.2471713919953,71,3
584.652482269504,175.914893617021,27.2318338456383,39,3
588.107913669065,174.330935251799,31.10161545861,70,3
590.892617449664,172.510067114094,26.4560159517216,56,3
591.75,171.942857142857,22.8409067949665,25,3
593.860927152318,170.450331125828,23.3630204475687,57,3
595.121794871795,169.512820512821,24.9906465548231,35,3
598.006993006993,168.216783216783,29.8465801490445,65,3
601.130434782609,166.079710144928,26.7029650959583,69,3
602.623931623932,165.017094017094,17.1508684840023,37,3
604.315789473684,163.96992481203,20.5609399251039,36,3
605.464285714286,163.185714285714,26.1422452896309,31,3
607.43661971831,162.056338028169,34.4425597912604,52,3
610.345864661654,160.458646616541,36.7302719868397,57,3
611.226277372263,159.766423357664,36.9191980686135,28,3
613.307086614173,158.299212598425,29.0198291211062,48,3
614.043795620438,157.284671532847,28.1892031895589,40,3
616.873015873016,155.68253968254,28.5781573112827,57,3
619.3,154.615384615385,34.3251561697932,52,3
619.941605839416,154.401459854015,35.3928144744873,37,3
622.403225806452,152.661290322581,36.1599483416594,55,3
623.3671875,151.6640625,33.7453724836652,28,3
625.164285714286,149.885714285714,31.0557201561273,54,3
627.195804195804,148.839160839161,33.4011329117466,53,3
628.716312056738,147.794326241135,34.2769958385665,38,3
630.992125984252,146.716535433071,35.0117155592322,52,3
632.485074626866,145.373134328358,35.190826431675,37,3
634.294520547945,143.91095890411,32.4676708299338,54,3
636.342105263158,141.960526315789,29.9132595545179,66,3
638.062937062937,141.125874125874,29.8193347113546,39,3
640.171779141104,139.895705521472,34.2812913011496,56,3
641.380368098159,139.018404907975,38.4437800767721,44,3
643.583333333333,137.422222222222,40.3652854381347,65,3
645.333333333333,135.897435897436,33.2437730205733,65,3
646.651282051282,135.133333333333,26.7901139059573,38,3
649.079069767442,132.916279069767,34.2272605856006,86,3
NaN,NaN,NaN,215,3
NaN,NaN,NaN,0,3
NaN,NaN,NaN,0,3
NaN,NaN,NaN,0,3
NaN,NaN,NaN,0,3
NaN,NaN,NaN,0,3
NaN,NaN,NaN,0,3
NaN,NaN,NaN,0,3
NaN,NaN,NaN,0,3
NaN,NaN,NaN,0,3
NaN,NaN,NaN,0,3
NaN,NaN,NaN,0,3
NaN,NaN,NaN,0,3
NaN,NaN,NaN,0,3
NaN,NaN,NaN,0,3
NaN,NaN,NaN,0,3
NaN,NaN,NaN,0,3
NaN,NaN,NaN,0,3
NaN,NaN,NaN,0,3
NaN,NaN,NaN,0,3
NaN,NaN,NaN,0,3
NaN,NaN,NaN,0,3
420.930769230769,239.384615384615,-5.57815512908919,NaN,4
420.75,239.5703125,-4.96748444781524,14,4
420.6,239.446153846154,-6.71213258404684,14,4
420.671755725191,239.442748091603,-6.95616000170295,7,4
420.75572519084,239.381679389313,-7.23836069978705,8,4
420.783582089552,239.365671641791,-7.03175569362068,7,4
420.825396825397,239.571428571429,-6.98855970549483,10,4
420.870967741935,239.41935483871,-7.72684880721556,10,4
420.88,239.472,-6.3059778144404,9,4
420.744186046512,239.503875968992,-5.84196085302802,14,4
420.69465648855,239.709923664122,-5.84682575809251,10,4
420.679389312977,239.580152671756,-6.49863390302774,8,4
420.78125,239.640625,-7.02091601133621,11,4
420.674418604651,239.651162790698,-5.81215420217641,11,4
420.806201550388,239.682170542636,-6.40871323508265,8,4
420.766917293233,239.706766917293,-6.79422054928192,8,4
420.649253731343,239.55223880597,-5.93047481817772,9,4
420.837209302326,239.46511627907,-7.06699140108022,9,4
420.968503937008,239.40157480315,-7.33563837719342,8,4
420.614814814815,239.525925925926,-6.2904380707851,14,4
420.659420289855,239.413043478261,-6.46860841517419,11,4
420.733333333333,239.333333333333,-8.30333985219612,7,4
420.742424242424,239.416666666667,-7.81258235605657,5,4
420.80303030303,239.424242424242,-5.72766145340461,8,4
420.921875,239.484375,-6.79135030781225,10,4
421.096,239.728,-6.23972633565948,11,4
421.104,239.64,-7.90303213425982,8,4
420.865671641791,239.402985074627,-7.92366636068642,11,4
420.87969924812,239.548872180451,-6.1702938123576,7,4
420.735294117647,239.411764705882,-7.29217161979723,7,4
420.946564885496,239.541984732824,-7.97429046409621,11,4
420.969465648855,239.412213740458,-7.82476598366402,4,4
420.984732824427,239.450381679389,-9.34635535875276,6,4
420.992424242424,239.515151515152,-7.58148398788848,5,4
420.908396946565,239.610687022901,-7.59026614292306,7,4
420.9453125,239.5234375,-7.81372682016219,3,4
420.93023255814,239.558139534884,-7.53022344703883,3,4
421.126984126984,239.460317460317,-8.06187686274917,7,4
420.906976744186,239.348837209302,-9.37446828971863,7,4
420.9765625,239.578125,-7.88209910755311,9,4
421.063492063492,239.325396825397,-11.1721275058858,10,4
421.144,239.528,-9.23874928886248,9,4
421.100775193798,239.519379844961,-7.93943083603237,8,4
421.108527131783,239.565891472868,-8.86031034759316,8,4
420.922480620155,239.558139534884,-8.16059197052758,8,4
421.055118110236,239.645669291339,-7.93568545207749,8,4
421.031496062992,239.574803149606,-8.68685222463855,8,4
420.858267716535,239.55905511811,-7.90867693832713,8,4
421.155737704918,239.647540983607,-8.15973974325904,7,4
421.140495867769,239.669421487603,-7.83647989983143,3,4
421.024590163934,239.704918032787,-6.6562463859678,7,4
421.188524590164,239.540983606557,-9.90916475975252,10,4
421.136,239.456,-10.4987353306823,5,4
420.888,239.424,-10.4336532481845,10,4
421,239.496062992126,-9.77604703792789,8,4
420.937984496124,239.37984496124,-10.3005979368986,10,4
420.9765625,239.5078125,-10.2258309276045,9,4
420.992063492063,239.515873015873,-9.99289635339039,12,4
420.697674418605,239.457364341085,-9.70329171627933,11,4
420.77037037037,239.466666666667,-8.99781644712707,14,4
420.827067669173,239.466165413534,-9.3556909225317,6,4
421.125984251969,239.574803149606,-7.23359927612536,14,4
420.515151515152,239.454545454545,-8.86833200688659,15,4
420.537878787879,239.378787878788,-8.97770663015613,12,4
420.565891472868,239.441860465116,-9.19917582059904,7,4
420.838709677419,239.443548387097,-10.1733866658742,7,4
420.421052631579,239.406015037594,-8.6103694847249,19,4
420.607692307692,239.4,-9.90917896703766,7,4
420.496183206107,239.427480916031,-8.73761751605454,7,4
420.75,239.4296875,-10.1902532341976,15,4
420.821138211382,239.333333333333,-9.71642712314612,9,4
420.71875,239.5078125,-7.7571101407689,11,4
420.384615384615,239.507692307692,-7.81853925541777,12,4
420.5,239.438461538462,-9.03438260374826,8,4
420.538461538462,239.446153846154,-9.29910185638735,4,4
420.526717557252,239.534351145038,-9.40883580136697,7,4
420.392307692308,239.453846153846,-8.78748868543662,15,4
420.333333333333,239.496296296296,-9.49864102417943,13,4
420.312977099237,239.412213740458,-10.8434980669785,10,4
420.426356589147,239.325581395349,-10.4749782319315,10,4
420.350746268657,239.283582089552,-10.8367561068699,9,4
420.462121212121,239.287878787879,-9.52157260510122,12,4
420.547445255474,239.284671532847,-8.61738406859862,11,4
420.345323741007,239.194244604317,-9.74300404018462,12,4
420.355555555556,239.133333333333,-9.33438064815305,16,4
420.330882352941,239.147058823529,-10.3826698757798,5,4
420.358208955224,239.268656716418,-9.78253862411281,4,4
420.244604316547,239.215827338129,-9.69915682835073,7,4
420.460317460317,239.444444444444,-8.07425688826049,15,4
420.389312977099,239.343511450382,-8.0320703684956,11,4
420.3828125,239.5234375,-7.95047137051869,9,4
420.558139534884,239.488372093023,-8.9208880983565,7,4
420.476923076923,239.569230769231,-8.02470915595781,9,4
420.462686567164,239.597014925373,-7.56253969566494,6,4
420.537878787879,239.636363636364,-8.88407311056168,12,4
420.873015873016,239.492063492063,-8.7093029630378,14,4
420.84496124031,239.53488372093,-8.58646814729646,9,4
420.736,239.56,-7.44534223502278,8,4
420.454545454545,239.378787878788,-6.34921700134012,15,4
421.0234375,239.5703125,-8.05095729030534,12,4
420.829457364341,239.527131782946,-7.2092888019072,11,4
421.079365079365,239.68253968254,-8.12203817873935,11,4
420.832061068702,239.564885496183,-7.33780920746867,11,4
420.798449612403,239.643410852713,-7.75723762059617,12,4
420.583333333333,239.568181818182,-6.21985267543693,13,4
419.885714285714,239.45,-5.54936128403229,14,4
419.06711409396,239.255033557047,-5.50350339732239,21,4
420.239436619718,239.06338028169,-8.55706711746123,57,4
420.801418439716,239.127659574468,-16.0813300903373,23,4
422.575539568345,239.194244604317,-44.9508107350411,56,4
423.514285714286,239.457142857143,-50.1470812611711,37,4
425.388157894737,241.230263157895,-33.4620359277936,68,4
427.708860759494,243.120253164557,-12.233555050451,100,4
430.888888888889,243.854166666667,-12.7133307200543,62,4
434.254901960784,244.450980392157,-23.7146308494337,77,4
436.292207792208,244.75974025974,-30.1688774876898,49,4
440.3125,245.895833333333,-29.9975263551559,84,4
444.84375,247.640625,-28.4884630359608,100,4
447.129310344828,248.689655172414,-30.3269384869398,54,4
450.561403508772,250.421052631579,-48.3503990391704,86,4
452.658536585366,252.30081300813,-58.438439751572,51,4
455.173228346457,255.03937007874,-50.3786384900274,70,4
457.198581560284,257.553191489362,-38.9287102586944,68,4
458.435483870968,258.41935483871,-38.7945366629976,31,4
462.099236641221,261.801526717557,-48.4769165755467,85,4
463.467625899281,262.812949640288,-51.7028709665522,38,4
466.157142857143,265.6,-31.6638799334429,87,4
469.765151515152,268.272727272727,-29.5946520510989,90,4
472.208,269.52,-36.3323718104275,51,4
475.900763358779,272.114503816794,-48.269729345826,78,4
477.311111111111,273.214814814815,-47.8019582088119,34,4
480,276.279069767442,-37.3280552739619,96,4
483.448,279.4,-44.0619823418697,76,4
485.258064516129,280.387096774194,-45.9187873937675,39,4
488.359712230216,283.36690647482,-41.0295125773012,81,4
489.61875,284.44375,-36.6518189379475,43,4
494.246031746032,287.785714285714,-26.7092735761115,116,4
497.629921259843,290.023622047244,-37.1852326137357,83,4
499.038461538462,290.853846153846,-35.9749030493431,35,4
502.914728682171,293.666666666667,-32.1322105696488,81,4
504.619402985075,294.910447761194,-27.240521477561,51,4
509.362831858407,297.486725663717,-23.1358477883241,101,4
512.919642857143,299.776785714286,-34.7980397342601,81,4
514.906976744186,300.480620155039,-36.3609784251651,41,4
517.6328125,302.1640625,-27.1971197452481,71,4
519.648854961832,303.534351145038,-25.107365861039,53,4
522.411764705882,305.345588235294,-28.2239473990765,61,4
526.469696969697,307.871212121212,-39.7385811042844,88,4
528.279411764706,309.044117647059,-36.0315987659261,38,4
531.281690140845,311.197183098592,-25.5668916344125,84,4
532.852348993289,312.201342281879,-23.2234090853348,39,4
536.878571428571,313.821428571429,-34.474987396454,87,4
539.236024844721,314.906832298137,-34.5450468115423,61,4
540.876543209877,316.067901234568,-32.4835503065338,47,4
543.993548387097,317.954838709677,-28.0657633647429,75,4
545.416666666667,318.974358974359,-26.150431756946,51,4
549.680555555556,321.208333333333,-42.4511725958499,84,4
552.5625,323.041666666667,-44.296618825455,62,4
553.93288590604,324.073825503356,-39.0803425177145,41,4
556.65,326.35,-33.127399797511,75,4
558.328571428571,327.414285714286,-39.4889843114171,42,4
561.435114503817,329.740458015267,-44.1865706810264,79,4
563.611111111111,331.243055555556,-43.1990896391178,57,4
564.965986394558,332.21768707483,-37.1999228223821,45,4
567.928057553957,334.26618705036,-32.7266635864195,78,4
569.482014388489,335.280575539568,-39.7342146910109,44,4
572.251798561151,337.014388489209,-45.2711877652695,64,4
574.777777777778,338.930555555556,-42.354384818091,63,4
576.021582733813,340.086330935252,-38.6606797537625,35,4
578.529411764706,341.992647058824,-37.8464216437814,63,4
579.649253731343,343.10447761194,-40.5379548013476,42,4
582.590909090909,344.977272727273,-51.0855649457946,64,4
584.65,346.885714285714,-43.3626658553935,52,4
585.298507462687,347.559701492537,-35.7572109729243,24,4
588.310344827586,350,-34.4804446509712,75,4
589.38255033557,350.765100671141,-35.2675258346978,38,4
592.367647058824,352.382352941176,-40.0868692546861,63,4
594.640845070423,353.598591549296,-38.34724832398,54,4
595.875862068965,354.503448275862,-34.9969711019961,39,4
598.188405797101,356.347826086957,-31.2704276666412,63,4
599.602836879433,356.893617021277,-32.7873649808086,35,4
602.457364341085,358.46511627907,-35.7801208202858,60,4
604.548148148148,359.592592592593,-31.8267102921311,52,4
605.179104477612,359.977611940299,-28.4371642679772,25,4
607.260273972603,361.417808219178,-23.6374852813923,58,4
608.317880794702,362.278145695364,-24.5274453215983,33,4
611.702290076336,363.725190839695,-33.1472901996107,68,4
614.488549618321,365.099236641221,-37.2344649275186,56,4
615.344,365.648,-34.092333484991,24,4
617.534351145038,367.106870229008,-31.9634455635561,54,4
618.22695035461,367.858156028369,-31.6707132704142,32,4
620.93984962406,369.578947368421,-31.2828268428548,56,4
623.263157894737,370.631578947368,-37.6135451875246,52,4
624.569230769231,371.607692307692,-37.4852623011443,33,4
626.589552238806,372.985074626866,-38.0137514162322,50,4
627.773722627737,373.737226277372,-36.8792650677147,33,4
629.823076923077,375.784615384615,-33.3052598805437,61,4
632.392,377.784,-32.7189600081065,57,4
633.421052631579,378.330827067669,-36.1546641809839,26,4
635.277372262774,379.576642335766,-41.3191712888901,50,4
636.345864661654,380.097744360902,-44.5940660598722,30,4
638.188976377953,381.874015748031,-41.2752677366686,48,4
640.084615384615,383.707692307692,-37.9485046681086,49,4
641.316239316239,384.649572649573,-36.5952788626854,31,4
643.230158730159,386.071428571429,-40.5304694954503,39,4
644.634146341463,387,-44.0193918644544,27,4
646.82905982906,388.521367521367,-45.6148825894457,44,4
648.373983739837,389.967479674797,-41.71409251135,48,4
649.523364485981,391.028037383178,-38.1408475354099,26,4
651.120689655172,392.48275862069,-37.6918214546346,41,4
651.5,392.491379310345,-37.5429752823187,18,4
652.90243902439,392.861788617886,-37.7737626672176,37,4
653.768,392.776,-34.4727129931303,38,4
654.262711864407,392.881355932203,-29.6344325315176,23,4
654.714285714286,392.655462184874,-27.4629513388562,37,4
655.175,392.683333333333,-23.7372197050804,29,4
656.623853211009,393.110091743119,-18.3832819443112,35,4
657.741666666667,392.933333333333,-18.3968835593516,37,4
658.521008403361,393.008403361345,-18.180019114436,21,4
658.7,392.475,-16.0765577736986,43,4
659.50406504065,392.471544715447,-15.5072675717724,19,4
661.767857142857,392.428571428571,-8.04197567680159,51,4
662.35593220339,392.254237288136,-3.72211357826022,46,4
663.254385964912,392.254385964912,-0.395049909900883,24,4
664.254385964912,391.59649122807,0.416271608447307,42,4
664.830357142857,391.205357142857,-1.1567102553276,16,4
664.244094488189,390.566929133858,2.98100712679516,35,4
663.926470588235,389.904411764706,7.57340675406015,43,4
664.349206349206,389.452380952381,10.8140731960983,30,4
666.944444444444,388.527777777778,17.720734226951,44,4
667.323809523809,388.028571428571,17.9217298391447,17,4
