389.96875,256.583333333333,76.149943787473,NaN,1
390.031578947368,256.389473684211,74.9497096447287,5,1
389.96875,256.666666666667,75.8872531451062,5,1
390.010416666667,256.6875,75.5321009212479,4,1
390.102040816327,256.5,76.4693785676095,6,1
390.02,256.64,76.9402246222541,4,1
390,256.737373737374,76.3807513395634,3,1
389.979381443299,256.628865979381,76.3458145332998,4,1
389.917525773196,256.711340206186,77.0315582244438,2,1
389.914893617021,256.563829787234,74.9857881212348,7,1
389.7,256.811111111111,76.6578020604032,6,1
389.936842105263,256.610526315789,75.5576193824873,7,1
389.863157894737,256.715789473684,75.640791764956,2,1
389.869565217391,256.75,75.5854103889028,5,1
389.835164835165,256.626373626374,74.9329227198816,3,1
389.870967741935,256.645161290323,75.5607278149195,4,1
389.90625,256.59375,76.2992867487498,5,1
389.914893617021,256.734042553192,75.9711748508198,4,1
389.908163265306,256.591836734694,75.7078964880124,6,1
389.829787234043,256.595744680851,76.0902012003051,4,1
389.884210526316,256.621052631579,76.2068509920409,7,1
389.81914893617,256.787234042553,77.0340449849005,3,1
389.872340425532,256.787234042553,76.8198415715013,4,1
389.870967741935,256.677419354839,75.9034148362852,3,1
389.817204301075,256.516129032258,75.4735838437233,4,1
389.904255319149,256.414893617021,75.3042593948441,5,1
389.915789473684,256.663157894737,76.3595864755404,3,1
389.915789473684,256.494736842105,75.8696962018447,2,1
389.860215053763,256.58064516129,75.7295391838955,2,1
389.802197802198,256.604395604396,75.6356562769481,2,1
389.827956989247,256.741935483871,77.075388016065,4,1
389.838709677419,256.602150537634,76.2235220936414,2,1
389.755555555556,256.733333333333,76.1229177539568,3,1
389.8,256.633333333333,75.4929448500109,4,1
389.863157894737,256.6,75.5308995566839,7,1
389.772727272727,256.965909090909,76.3284999896251,7,1
389.761363636364,257.034090909091,76.5561714510109,4,1
389.8,256.744444444444,75.0421395448244,4,1
389.948453608247,256.659793814433,74.8201913898718,19,1
389.84693877551,256.612244897959,73.3046117013597,15,1
389.377551020408,256.979591836735,-74.0685793591904,52,1
389.067961165049,256.504854368932,-38.3043201822323,41,1
389.373737373737,257.181818181818,-36.8099486419922,22,1
390.215909090909,258.079545454545,-38.0875480933123,33,1
391.241379310345,259.413793103448,-47.0678208381817,33,1
393.390243902439,262.792682926829,-74.8480133871286,59,1
395.106382978723,264.446808510638,-57.0468197914633,44,1
395.845360824742,265.360824742268,-49.3638811123453,25,1
397.565217391304,267.510869565217,-45.8118459389775,49,1
398.755102040816,269.561224489796,-61.2902060157427,40,1
400.268041237113,272.948453608247,-77.8918738360924,59,1
401.792452830189,276.254716981132,-67.8886673732392,61,1
402.23595505618,277.85393258427,-49.7735131864013,35,1
404.843373493976,281.89156626506,-44.0496979145008,74,1
405.989583333333,284.052083333333,-58.0527328198459,39,1
408.239583333333,287.78125,-64.1026574130508,66,1
411.086538461538,291.653846153846,-39.1680867450488,74,1
412.326086956522,292.521739130435,-29.4849431350015,34,1
415.663043478261,295.358695652174,-41.9626486519487,78,1
417.234693877551,297.30612244898,-53.5841521873636,42,1
420.323529411765,300.460784313725,-51.9357559929877,74,1
423.588785046729,303.392523364486,-27.9758404106438,79,1
425.362745098039,304.245098039216,-23.3614841298577,35,1
428.051546391753,305.876288659794,-27.4194130193642,65,1
430.514018691589,307.841121495327,-43.7349021612425,50,1
434.345794392523,311.018691588785,-41.0619708768022,80,1
437.601851851852,313.324074074074,-20.0195258136331,73,1
439.917525773196,314.412371134021,-19.6717436096316,41,1
443.264705882353,316.147058823529,-25.2016932892266,69,1
445.577981651376,317.577981651376,-30.8027991064517,47,1
449.826086956522,319.913043478261,-20.3225307852132,82,1
454.380530973451,321.29203539823,-1.73187389707185,92,1
457.126213592233,322.009708737864,-11.6569762680671,50,1
460.785046728972,323.121495327103,-11.9352554738249,70,1
463.088495575221,323.566371681416,-13.2220234971547,40,1
467.87619047619,324.466666666667,8.96483899021804,86,1
472.165137614679,324.51376146789,8.07095187016026,86,1
474.745614035088,324.517543859649,-5.96221354553226,43,1
478.446428571429,324.901785714286,-7.93696592907642,72,1
480.65811965812,325.145299145299,-2.79628484528362,41,1
485.178571428571,325.071428571429,18.612928164631,85,1
489.482456140351,324.5,7.42548415236173,80,1
491.713043478261,324.165217391304,-0.201469418357361,35,1
496.432432432432,324.423423423423,-0.01537376679153,80,1
498.281818181818,324.636363636364,3.55667800357892,35,1
502.336283185841,324.345132743363,17.0077343030492,75,1
506.859649122807,323.859649122807,8.35072805382109,73,1
509.098214285714,323.678571428571,1.96427103319438,36,1
513.526785714286,323.339285714286,6.15968063972211,72,1
516.009090909091,323.354545454545,15.2118998692033,40,1
520.317757009346,322.364485981308,22.4411587907581,75,1
524.185840707965,321.504424778761,8.78083906572571,68,1
526.855769230769,320.894230769231,3.76439529000759,45,1
530.345794392523,320.682242990654,9.37292138244473,59,1
533.066037735849,320.056603773585,23.211579716901,45,1
536.922330097087,318.553398058252,24.6545640184927,67,1
540.886956521739,317.582608695652,10.6421068172828,70,1
543.638095238095,316.733333333333,7.1375984128021,48,1
547.104347826087,316.165217391304,15.8989110565577,60,1
549.770642201835,315.357798165138,29.7239617661828,44,1
553.279279279279,314.09009009009,22.635428039151,62,1
556.973451327434,312.884955752212,8.7458969859587,66,1
559.477064220183,312.54128440367,6.52562175561311,42,1
563.833333333333,311.675925925926,20.7274057982249,75,1
565.763636363636,311.036363636364,28.5714658914768,40,1
569.410714285714,309.732142857143,22.9000319711401,66,1
572.760683760684,308.871794871795,8.76336912512056,61,1
575.317757009346,308.514018691589,7.82138682585471,38,1
579.481132075472,307.462264150943,21.4508898497441,69,1
581.619047619048,306.771428571429,30.1874697645444,39,1
584.900900900901,305.504504504504,22.0185711461132,60,1
588.758333333333,304.441666666667,11.127458865046,67,1
591.064220183486,303.908256880734,13.7032593064429,39,1
595.272727272727,303.030303030303,22.1853399249791,66,1
596.694444444444,302.37037037037,31.5692567115618,39,1
600.061946902655,301.044247787611,21.6766102444271,59,1
603.6875,299.955357142857,12.4167455779196,65,1
606.018018018018,299.441441441441,13.580439326207,37,1
609.681818181818,298.245454545455,24.7951761620963,65,1
611.875,297.526785714286,35.2525836681706,40,1
615.051282051282,296.128205128205,25.0935060630486,61,1
618.381355932203,295.008474576271,14.8227086246104,65,1
620.732673267327,294.455445544554,11.1106680533303,37,1
624.039215686274,293.274509803922,24.1214601645066,63,1
625.990909090909,292.263636363636,38.9454450861993,42,1
628.921739130435,290.460869565217,36.473069308148,59,1
632,288.8,23.8318860376414,62,1
633.741071428571,287.9375,21.6201630763593,35,1
636.642105263158,287.052631578947,20.4538885226693,49,1
638.349514563107,286.106796116505,32.8412958791808,36,1
641,284.825242718447,32.9497907817122,50,1
643.342857142857,283.619047619048,26.5264418272319,44,1
644.636363636364,283.020202020202,21.1501760239246,20,1
647.944444444444,281.444444444444,21.6934568938926,55,1
648.720430107527,281.247311827957,26.0645373646423,17,1
651.77380952381,279.690476190476,38.9650327120133,49,1
654.432098765432,278.074074074074,31.9908539394507,45,1
655.895348837209,277.244186046512,24.7572313864662,27,1
657.90243902439,276.329268292683,17.9616586202734,38,1
658.375,275.977272727273,21.4774968330909,18,1
659.48275862069,275.045977011494,31.2716431136346,25,1
660.913580246914,273.876543209877,45.9687956135265,38,1
661.126582278481,273.632911392405,45.3906915396511,10,1
661.678571428571,272.333333333333,51.1833111998355,27,1
662.119047619048,271.702380952381,52.4203966803672,12,1
NaN,NaN,NaN,84,1
410.239583333333,253.895833333333,70.1655783795385,NaN,2
410.273684210526,254.021052631579,70.4950131481372,3,2
410.472527472527,253.626373626374,69.198647106712,6,2
410.34375,253.875,70.400154358619,5,2
410.336842105263,253.894736842105,69.334930704832,3,2
410.34375,253.739583333333,70.5893461158622,3,2
410.319587628866,253.886597938144,70.0391988218952,3,2
410.413043478261,253.586956521739,68.0828063121663,5,2
410.389473684211,253.673684210526,68.062246555629,3,2
410.408602150538,253.505376344086,68.7258877615598,6,2
410.311827956989,253.731182795699,69.0697274656273,6,2
410.276595744681,253.617021276596,68.6136030603678,3,2
410.472527472527,253.549450549451,69.1322273777719,5,2
410.425531914894,253.457446808511,67.4101450921894,5,2
410.368421052632,253.568421052632,68.1790144145399,5,2
410.430107526882,253.537634408602,67.4328917437457,8,2
410.365591397849,253.688172043011,68.6416990765298,6,2
410.425531914894,253.691489361702,68.0235825292522,5,2
410.376344086022,253.752688172043,68.5526968337678,5,2
410.315217391304,253.771739130435,68.8208467935196,3,2
410.273684210526,253.621052631579,68.3293919910164,5,2
410.391304347826,253.478260869565,67.944494416355,5,2
410.393617021277,253.372340425532,67.926650628431,6,2
410.384615384615,253.483516483516,66.8283326018871,7,2
410.395604395604,253.417582417582,67.5874458252184,2,2
410.301075268817,253.623655913978,67.4680516516131,4,2
410.273684210526,253.778947368421,66.9138911772156,6,2
410.3,253.777777777778,66.9053798958641,5,2
410.333333333333,253.666666666667,67.9807035108649,5,2
410.315789473684,253.557894736842,66.9542885312239,4,2
410.372340425532,253.808510638298,66.6585999416697,7,2
410.326315789474,253.684210526316,66.2399262314735,7,2
410.340425531915,253.617021276596,66.0255656025239,3,2
410.404255319149,253.691489361702,65.423845334378,4,2
410.391304347826,253.597826086957,66.3109303659956,8,2
410.295918367347,254.020408163265,66.1017204998935,10,2
410.30303030303,253.969696969697,67.1799150633445,3,2
410.410526315789,253.873684210526,66.3285569299903,6,2
410.2,254.31,68.2151001800649,11,2
410.330188679245,254.084905660377,68.9696237924808,14,2
410.38,253.16,67.4696204888463,26,2
410.34,252.56,66.458518408495,16,2
410.326732673267,251.485148514851,84.8690286363242,37,2
409.944444444444,250.333333333333,-71.0048910291706,49,2
409.742857142857,249.6,-66.4774424937324,27,2
408.735294117647,247.549019607843,-71.9315073200319,55,2
408.110169491525,246.042372881356,-86.7390092052935,42,2
407.801886792453,242.839622641509,84.1852059648432,58,2
407.209090909091,239.918181818182,-86.3021701689024,52,2
407.074468085106,238.031914893617,-73.4579853571708,40,2
405.693181818182,233.170454545455,-85.4454551492639,76,2
405.438775510204,231.612244897959,80.967340386537,30,2
405.858585858586,227.858585858586,71.341969320891,63,2
406.32,223.94,86.9688360958541,63,2
406.528735632184,221.735632183908,-82.7711918824418,35,2
406.345238095238,216.964285714286,83.3847123865993,71,2
406.463157894737,215.378947368421,75.8644562176232,27,2
407.269662921348,211.089887640449,73.6454390808174,70,2
408.174418604651,206.790697674419,-85.8819259485511,65,2
408.1875,205.15,-83.5898393990479,24,2
408.258426966292,201.325842696629,83.8993740317192,55,2
408.46,200.04,78.7560875050232,25,2
409.64367816092,195.333333333333,62.7946414766824,71,2
410.639534883721,191.96511627907,77.8521140946871,55,2
411.41095890411,190.150684931507,81.6167257474564,27,2
412.482352941176,186.623529411765,71.6156773049309,56,2
413.252525252525,184.969696969697,65.5717137406661,36,2
415.191011235955,180.988764044944,57.0158077638171,78,2
416.734042553192,177.808510638298,74.0236457438988,53,2
417.41935483871,176.52688172043,72.1643384233713,25,2
418.9,173.08,63.4135483998331,53,2
419.504587155963,171.899082568807,58.2249315844484,33,2
421.585585585586,168.576576576577,52.651225816092,66,2
424.464646464646,164.818181818182,69.7478720134924,74,2
425.204081632653,163.69387755102,67.9064610465648,27,2
426.840425531915,160.670212765957,61.2059055499369,52,2
427.803571428571,158.910714285714,56.0577790607697,36,2
430.320388349515,155.417475728155,53.3594510969588,69,2
432.888888888889,152.171717171717,69.6604617669743,62,2
433.911764705882,150.421568627451,65.8802791430025,33,2
435.742857142857,147.257142857143,54.2675960715473,59,2
436.612612612613,146.306306306306,49.6247889082466,28,2
439.509803921569,142.764705882353,46.6932131297468,73,2
441.889908256881,140.128440366972,62.1331398750065,59,2
442.89,139.43,58.5977242689421,27,2
445.537037037037,136.027777777778,54.9551485636875,64,2
446.783783783784,134.558558558559,50.5266293241497,35,2
449.683168316832,131.178217821782,54.7648482195263,72,2
451.25,128.326923076923,76.9793377223826,55,2
451.840425531915,127.106382978723,76.9658656143577,26,2
453.362745098039,122.960784313725,62.6174248853151,70,2
454.24,121.08,59.1076669751582,42,2
455.656862745098,118.098039215686,61.0325327951927,60,2
457.05,114.69,76.5070514234574,66,2
457.820224719101,112.943820224719,75.9414092491374,29,2
458.786516853933,110.112359550562,55.1321847207997,56,2
459.78640776699,108.233009708738,53.3548697442711,42,2
461.959183673469,105.020408163265,54.736622184337,67,2
464.430107526882,101.440860215054,70.0472485394808,63,2
464.989010989011,100.681318681319,63.4708615818195,16,2
467.032967032967,97.967032967033,46.1931474128242,56,2
468.158878504673,96.4579439252336,49.8532361996124,40,2
470.847619047619,93.1142857142857,59.4609377975332,72,2
473.038461538462,89.4807692307692,73.4107197188255,69,2
473.94,88.16,57.9156538994866,30,2
475.436974789916,86.5378151260504,42.3028394614055,45,2
476.425,86,32.6401891497743,29,2
478.376,85.744,24.1098182691433,53,2
NaN,NaN,NaN,125,2
394.733333333333,241.633333333333,74.2601391193489,NaN,3
394.733333333333,241.633333333333,74.2601391193489,0,3
394.831460674157,241.370786516854,73.2048716731841,3,3
394.733333333333,241.633333333333,74.2601391193489,3,3
394.733333333333,241.633333333333,74.2601391193489,0,3
394.733333333333,241.466666666667,74.648379350416,2,3
394.76404494382,241.516853932584,74.1958637398275,1,3
394.755555555556,241.588888888889,74.405877264688,1,3
394.76404494382,241.674157303371,73.9973853724787,3,3
394.777777777778,241.433333333333,74.3993757795318,3,3
394.76404494382,241.516853932584,74.1958637398275,1,3
394.70652173913,241.739130434783,76.082269419598,3,3
394.712765957447,241.744680851064,76.5356943982105,4,3
394.68085106383,241.542553191489,76.3635004600599,6,3
394.708333333333,241.916666666667,77.288196413346,6,3
394.721649484536,241.979381443299,77.8027038210114,3,3
394.724489795918,242.163265306122,77.3415751886787,3,3
394.744897959184,241.897959183673,77.6961705306319,4,3
394.744897959184,241.897959183673,77.6961705306319,0,3
394.742268041237,241.773195876289,77.8094555521026,3,3
394.739583333333,241.854166666667,77.5257738806772,1,3
394.784946236559,241.903225806452,77.2010481792221,3,3
394.784946236559,241.903225806452,77.2010481792221,0,3
394.817204301075,241.870967741935,77.5785818213115,2,3
394.858695652174,241.532608695652,76.7566761847379,3,3
394.860215053763,241.591397849462,76.9879545143144,1,3
394.881720430108,241.655913978495,77.9836744302736,2,3
394.989473684211,241.589473684211,77.9718106923245,4,3
395.178217821782,241.673267326733,80.1141364410975,14,3
395.152380952381,241.980952380952,83.1393124341513,26,3
394.942307692308,242.144230769231,80.2383739133625,31,3
394.605769230769,241.855769230769,23.5078419788803,56,3
394.256880733945,242.477064220183,10.3380887927434,25,3
395.009708737864,242.194174757282,8.91037809811272,20,3
397.622641509434,242.094339622642,24.2099323302541,57,3
398.296296296296,242.138888888889,30.9676391877952,22,3
400.348623853211,240.614678899083,42.7521289735873,49,3
401.449541284404,239.715596330275,38.5468055389059,30,3
403.69298245614,238.09649122807,24.7783936304682,67,3
406.163636363636,236.145454545455,25.8853711883317,60,3
407.019230769231,235.490384615385,35.1609063650548,24,3
409.247524752475,233.049504950495,53.0746835105171,59,3
410.790476190476,230.704761904762,62.3796894003576,46,3
413.04854368932,227.126213592233,43.6339328839304,80,3
415.413461538462,224.076923076923,44.86480998218,63,3
416.732558139535,222.604651162791,57.8986180011931,36,3
417.8,219.3,71.9222834376067,60,3
418.858695652174,216.45652173913,74.5118650666404,44,3
420.649484536082,212.721649484536,53.8962438250926,65,3
422.32,209.36,61.1008787770724,63,3
423.147727272727,207.534090909091,76.9227654233925,32,3
423.827586206897,203.724137931034,-87.9655424425595,63,3
424.066666666667,201.6,-86.8476932954443,33,3
424.708333333333,197.78125,75.8506413530003,64,3
425.673684210526,194.105263157895,75.7568597026527,63,3
426.253012048193,192.566265060241,89.9362021024573,32,3
426.220930232558,189.127906976744,-71.4473696059319,63,3
426.081632653061,186.479591836735,-71.7800902401738,44,3
425.679611650485,182.650485436893,-85.9906294133517,65,3
425.245098039216,178.245098039216,-86.1490082284118,69,3
425.261363636364,176.738636363636,-75.3822575856306,32,3
424.258426966292,172.662921348315,-59.8264458187423,65,3
423.588235294118,170.235294117647,-64.6557774633845,43,3
422.704081632653,166.785714285714,-78.9824265633161,60,3
421.60396039604,163.217821782178,-74.9161332234649,59,3
420.888888888889,160.9,-59.1811668583045,37,3
419.75,158.454545454545,-52.752914436634,52,3
418.910891089109,156.118811881188,-61.2544824985856,41,3
417.852941176471,152.774509803922,-76.4900361121328,57,3
416.598039215686,149.186274509804,-72.8160164657057,60,3
415.945054945055,146.703296703297,-54.5674570370369,41,3
414.397590361446,144.084337349398,-46.3251136705206,54,3
413.63829787234,142.276595744681,-55.9284436527231,35,3
412.020833333333,139.010416666667,-70.1383470807899,58,3
410.635416666667,135.583333333333,-68.4414473705995,60,3
410,133.906976744186,-52.1794574583222,32,3
407.911111111111,130.422222222222,-46.1105739375047,66,3
407.387755102041,129.081632653061,-51.9538695191708,26,3
406.105769230769,126.365384615385,-66.3328432117429,54,3
404.718446601942,122.883495145631,-69.9727372978999,57,3
403.913043478261,120.565217391304,-53.3452860717607,41,3
402.561797752809,118.179775280899,-43.680492172958,51,3
401.590476190476,116.171428571429,-50.62162952943,38,3
400,113.11,-63.0774202317706,57,3
398.28125,109.645833333333,-56.7603109180801,58,3
397.252747252747,108.021978021978,-42.3394611520348,35,3
395.383720930233,105.802325581395,-34.6100874756567,49,3
394.329896907216,104.298969072165,-42.5363709164253,33,3
391.827956989247,101.376344086022,-57.9600824013992,58,3
389.372340425532,98.1808510638298,-46.997800916335,63,3
388.154761904762,97.1666666666667,-32.1983392762563,30,3
386.028846153846,95.0192307692308,-37.1242609185565,56,3
384.483050847458,93.0338983050847,-49.8856727905567,46,3
381.851851851852,89.5111111111111,-57.0880752842664,87,3
380.476821192053,87.4503311258278,-24.9701671826054,70,3
379.683544303797,86.9683544303797,-14.8016918934166,31,3
377.301886792453,86.0314465408805,-8.84615317107618,63,3
376.447674418605,86.0174418604651,-8.07572894394438,27,3
374.445086705202,86.0057803468208,-10.2092812058101,57,3
