405.340659340659,257.56043956044,-78.051889552824,NaN,1
405.32967032967,257.637362637363,-78.0373668571661,6,1
405.340659340659,257.659340659341,-78.1650533912509,2,1
405.333333333333,257.566666666667,-77.9476264911118,1,1
405.355555555556,257.477777777778,-77.8067633723772,2,1
405.404494382022,257.674157303371,-78.4041992314979,5,1
405.388888888889,257.6,-78.1849427148064,5,1
405.397849462366,257.559139784946,-78.4795249789417,7,1
405.3,257.366666666667,-78.3764747886294,5,1
405.314606741573,257.494382022472,-78.1153613720119,1,1
405.336956521739,257.391304347826,-77.9717855562488,3,1
405.3,257.355555555556,-78.3806991615383,4,1
405.306818181818,257.284090909091,-78.4706534986624,2,1
405.352272727273,257.420454545455,-78.6162475167074,2,1
405.322222222222,257.4,-78.1545748552028,6,1
405.307692307692,257.450549450549,-78.5654805251594,5,1
405.359550561798,257.550561797753,-77.8761003815553,6,1
405.436781609195,257.609195402299,-78.4482717388928,4,1
405.348314606742,257.584269662921,-77.9674245944238,6,1
405.32967032967,257.516483516484,-78.4017830066658,2,1
405.340909090909,257.625,-77.8542252372056,3,1
405.367816091954,257.655172413793,-77.9834394409583,1,1
405.393258426966,257.52808988764,-77.8539264134318,2,1
405.344827586207,257.689655172414,-77.663196872533,4,1
405.340909090909,257.488636363636,-78.2210385992755,3,1
405.32967032967,257.296703296703,-78.293535195306,3,1
405.274725274725,257.164835164835,-78.6120690822042,2,1
405.25,257.228260869565,-78.9503958213157,1,1
405.340909090909,257.363636363636,-78.6281522376149,4,1
405.32183908046,257.298850574713,-78.6568210364429,3,1
405.314606741573,257.337078651685,-78.526206466902,2,1
405.333333333333,257.488888888889,-78.6920095594928,5,1
405.311111111111,257.5,-78.4192444430699,2,1
405.280898876404,257.539325842697,-77.8853780710003,5,1
405.384615384615,257.626373626374,-78.591498355011,6,1
405.258064516129,257.096774193548,-78.5789101851441,10,1
405.3,257.322222222222,-78.3431466588605,3,1
405.325842696629,257.359550561798,-78.4679809621492,1,1
405.228260869565,257.25,-78.5020205507149,5,1
405.333333333333,257.322580645161,-78.2321905016701,3,1
405.314606741573,257.325842696629,-78.6797070967365,4,1
405.228260869565,257.130434782609,-78.7385471856815,5,1
405.252747252747,257.307692307692,-78.5586332806124,3,1
405.223404255319,257.095744680851,-78.5341818521561,7,1
405.318681318681,257.32967032967,-78.4685024477514,5,1
405.136842105263,256.947368421053,-78.4788745430687,8,1
405.263736263736,257.098901098901,-78.7653042256641,4,1
405.288888888889,257.122222222222,-78.8505487097901,1,1
405.236559139785,257.225806451613,-78.8919510968041,5,1
405.274725274725,257.417582417582,-78.7373617060578,2,1
405.310344827586,257.494252873563,-78.3244141845257,6,1
405.288888888889,257.366666666667,-78.4127756709003,7,1
405.379310344828,257.528735632184,-78.7966210968414,5,1
405.329545454545,257.454545454545,-78.3721018696961,3,1
405.25,257.141304347826,-77.8595855329278,6,1
405.301075268817,257.279569892473,-78.39203477547,11,1
405.223404255319,257.18085106383,-78.8917086658141,5,1
405.271739130435,257.326086956522,-78.6011274834919,2,1
405.252747252747,257.142857142857,-78.3222792855719,3,1
405.263736263736,257.230769230769,-78.425711229711,2,1
405.173913043478,256.95652173913,-78.5646722005298,5,1
405.195652173913,257.032608695652,-77.6626212270103,6,1
405.193548387097,257,-78.0055551721469,3,1
405.230769230769,257.164835164835,-77.7973580966313,2,1
405.21978021978,257.230769230769,-77.5133565291341,4,1
405.241758241758,257.296703296703,-77.4626765182301,4,1
405.076923076923,257.285714285714,-79.0376483882224,20,1
404.769230769231,258.087912087912,-85.3267044410173,36,1
404.257425742574,258.70297029703,43.3642779351887,54,1
404.082568807339,258.467889908257,36.1430625920057,32,1
402.061946902655,259.637168141593,28.3687788700897,68,1
398.963302752294,261.311926605505,38.1552971126342,72,1
396.681818181818,262.7,37.959358777866,41,1
392.491071428571,265.544642857143,28.2596086959947,84,1
390.816513761468,266.082568807339,19.1416447720306,47,1
386.757281553398,267.766990291262,28.654773092399,76,1
382.728070175439,269.464912280702,30.1544634563288,71,1
380.392857142857,270.25,17.0116196505999,50,1
375.990990990991,271.072072072072,-0.420489744552797,93,1
374.194915254237,271.313559322034,-4.82104495165209,43,1
370.955752212389,271.982300884956,5.59172735789834,73,1
367.904347826087,272.286956521739,7.19699493735147,56,1
366.092592592593,272.574074074074,4.28113493542091,31,1
363.377192982456,273.070175438596,-5.16511871582709,48,1
362.09649122807,273.315789473684,-7.67535584377326,30,1
359.525423728814,273.533898305085,-8.0305435807498,48,1
356.842592592593,273.462962962963,-1.69160143424995,52,1
354.776699029126,273.330097087379,-5.92604448796198,37,1
352.712871287129,273.148514851485,-12.4865474416183,40,1
351.190476190476,272.828571428571,-22.0720146644873,34,1
349.221153846154,272.269230769231,-16.5929434828382,45,1
347.151785714286,271.553571428571,-5.91154021970506,46,1
345.504587155963,271.220183486239,-3.62225879022251,37,1
342.92,270.7,-7.75755960950625,49,1
342.235849056604,270.716981132075,-13.303180311463,20,1
339.737373737374,270.191919191919,-21.5936203516417,57,1
336.80198019802,269.19801980198,-19.717682946477,46,1
335.557692307692,268.894230769231,-16.3765558672997,25,1
333.28431372549,268.303921568627,-10.8265613961476,44,1
332.346153846154,267.980769230769,-12.326004876529,26,1
329.933962264151,267.198113207547,-19.7633965248965,54,1
326.534653465347,266.108910891089,-33.841873528068,65,1
325.207547169811,265.481132075472,-29.127390540102,29,1
322.116504854369,264.126213592233,-21.2887737610717,65,1
321.44347826087,263.8,-20.0309165212676,30,1
318.378640776699,262.825242718447,-14.6272305178682,64,1
315.607476635514,261.971962616822,-24.3760382958068,54,1
313.670212765957,261.212765957447,-30.0244807562975,37,1
311.198113207547,259.839622641509,-28.2825868930998,62,1
309.836363636364,259.5,-24.979333488891,26,1
307.339449541284,258.311926605505,-11.8092248535147,57,1
304.720338983051,257.737288135593,-17.1146574265923,63,1
303.618181818182,257.4,-17.3102400230452,30,1
300.264705882353,256.137254901961,-26.9796844127281,68,1
298.708737864078,255.563106796117,-27.9161562075139,27,1
296.177570093458,254.588785046729,-18.0788584966588,52,1
294.262295081967,253.901639344262,-12.3903842589269,55,1
292.625,253.553571428571,-11.7693522777773,36,1
290.028301886792,253.301886792453,-14.8021982114988,56,1
288.919642857143,252.580357142857,-19.9221894361199,34,1
285.383177570093,251.495327102804,-27.447446809157,67,1
282.990825688073,250.715596330275,-19.7385668509526,50,1
281.87610619469,250.345132743363,-15.4964039152808,28,1
278.921052631579,249.622807017544,-13.6077800674431,69,1
278.245762711864,249.466101694915,-12.3369407088666,28,1
275.536363636364,248.954545454545,-20.0305218830529,56,1
272.368932038835,247.922330097087,-28.6015738228801,65,1
271.446601941748,247.747572815534,-22.8284526468602,32,1
268.651376146789,246.449541284404,-13.6262979956917,60,1
267.690265486726,246.230088495575,-12.2710490755875,28,1
265.555555555556,245.487179487179,-11.644417206444,56,1
263.256880733945,244.97247706422,-16.0519621162686,58,1
260.625,244.072916666667,-24.6303744084943,47,1
258.479591836735,243.591836734694,-21.6208553873122,52,1
257.33,243.02,-17.3884165937645,30,1
254.902654867257,242.451327433628,-8.3578652897353,59,1
252.714285714286,241.840336134454,-5.96021577336908,64,1
250.718446601942,241.378640776699,-9.47935604771754,42,1
248.927272727273,241.290909090909,-10.7752647509499,49,1
247.4,240.619047619048,-12.6871357037985,41,1
244.675675675676,239.963963963964,-14.8131145125249,64,1
242.008333333333,239.3,-9.6446722042618,61,1
240.991596638655,239.235294117647,-9.04543965110002,35,1
238.386554621849,238.915966386555,-2.90200567878478,52,1
236.954545454545,238.636363636364,-5.73029296460443,39,1
234.90350877193,237.991228070175,-11.5177234906857,50,1
231.472727272727,237.027272727273,-18.6234929451987,72,1
229.954128440367,236.724770642202,-13.6061046544222,31,1
227.920353982301,236.398230088496,-8.44868436933316,56,1
226.561403508772,236.245614035088,-6.9023098583534,37,1
224.632478632479,235.769230769231,-5.30211251737421,51,1
222.12962962963,235.277777777778,-10.5477112604414,57,1
219.451612903226,234.752688172043,-17.7999460111493,39,1
217.612612612613,234.099099099099,-14.8231588691724,50,1
216.293577981651,233.954128440367,-10.0187275985328,28,1
214.107142857143,233.330357142857,-5.78169351362164,61,1
211.175925925926,232.87037037037,-1.70435205655858,66,1
210.686956521739,232.852173913043,-4.38743122053374,25,1
207.858585858586,232.313131313131,-10.538328666031,62,1
206.716981132075,232.094339622642,-10.8439273858495,33,1
203.75,231.56,-8.36159053057095,56,1
201.867256637168,231.424778761062,-2.91490861954051,47,1
200.495652173913,231.295652173913,-0.970717538749051,36,1
197.625,231.326923076923,5.04549300357101,55,1
196.873873873874,231.315315315315,3.10481656249886,31,1
194.522522522523,230.792792792793,-1.799451481977,62,1
191.42735042735,230.581196581197,-7.3088024266126,70,1
190.203389830508,230.559322033898,-4.11279983518496,33,1
186.810344827586,230.362068965517,3.34926311389086,68,1
186.103448275862,230.422413793103,4.47927332251051,22,1
184.512195121951,230.617886178862,5.37519571041174,53,1
182.792,230.76,4.98859628291965,50,1
181.05737704918,230.729508196721,3.12455996858422,35,1
178.931623931624,230.82905982906,3.06594893088648,51,1
177.99173553719,230.942148760331,1.0171022858522,32,1
176.052173913043,231.24347826087,1.51439861723618,58,1
173.584745762712,231.406779661017,6.69717455859789,57,1
172.640350877193,231.649122807018,8.58556071063716,32,1
170.944,231.472,11.779272384624,43,1
170.495867768595,231.479338842975,11.1502568515895,24,1
167.928571428571,231.696428571429,7.83646731255623,51,1
166.467889908257,231.752293577982,6.76633078018876,43,1
165.5,231.80612244898,2.54959031845448,31,1
163.775510204082,231.989795918367,0.478630627261919,32,1
162.577777777778,232.033333333333,0.0330265399682197,20,1
160.595744680851,231.968085106383,0.459977591613198,30,1
158.651162790698,232.06976744186,2.54737276868629,28,1
157.844444444444,232.122222222222,3.82270037930431,14,1
156.390804597701,232.252873563218,6.06316792048751,25,1
155.404761904762,232.202380952381,6.03628495748758,17,1
153.651162790698,232.267441860465,6.2123627683483,26,1
152.729411764706,232.2,5.32632031217258,19,1
151.821428571429,232.285714285714,5.28706249573612,13,1
150.694117647059,232.376470588235,4.59806196561118,13,1
150.170731707317,232.390243902439,3.5961793729403,7,1
150.290697674419,232.488372093023,4.02950319507232,6,1
150.528735632184,232.379310344828,4.52748810699191,13,1
150.126436781609,232.471264367816,3.65476903922958,6,1
149.443181818182,232.647727272727,2.744321991697,9,1
NaN,NaN,NaN,88,1
387.214285714286,248.414285714286,20.9496460623052,NaN,2
387.848920863309,248.446043165468,17.6866384799459,17,2
387.228571428571,248.5,19.2603845357683,19,2
387.140740740741,248.340740740741,20.5775992800218,21,2
386.948529411765,248.5,21.2327294052816,15,2
387.169014084507,248.450704225352,16.5135091124195,14,2
387.32,248.48,16.1411214317584,22,2
387.025974025974,248.396103896104,15.1985474526346,18,2
387.715189873418,248.582278481013,11.6375453746541,20,2
387.570512820513,248.685897435897,9.54892646546105,30,2
387.111111111111,248.81045751634,9.00806417315573,11,2
386.900662251656,248.841059602649,8.83652922132629,18,2
386.760273972603,248.801369863014,9.403074266114,7,2
386.571428571429,249.102040816327,4.73647466979968,25,2
386.468965517241,249.062068965517,7.37446905396397,14,2
386.232394366197,249.091549295775,5.01032496541674,11,2
385.978260869565,249.188405797101,3.82161417827753,18,2
385.65625,249.328125,1.8530418971599,16,2
385.828125,249.3828125,3.41875252107349,10,2
385.968253968254,249.349206349206,5.96427117852533,14,2
386.106870229008,249.167938931298,5.25433684748242,7,2
386.328244274809,249.114503816794,4.12719705774916,12,2
386.192307692308,248.992307692308,6.55454583761963,11,2
385.4375,248.8046875,8.41748256172631,16,2
385.690476190476,248.801587301587,10.5761181011446,8,2
385.573770491803,248.918032786885,8.45017493423152,8,2
385.879032258065,248.774193548387,11.9220583144478,10,2
385.862903225806,248.725806451613,14.26692044365,4,2
386.16,248.68,11.9311092568307,9,2
385.81746031746,248.619047619048,13.2506005486638,9,2
385.916666666667,248.424242424242,12.6690126837997,10,2
385.9453125,248.5859375,13.0877559765682,12,2
385.838461538462,248.369230769231,14.3498161670288,8,2
385.763779527559,248.417322834646,13.7227507458778,13,2
385.456692913386,248.385826771654,13.9864301444073,16,2
385.384,248.384,14.5939519072894,8,2
385.635658914729,248.325581395349,14.3254138259694,14,2
385.091666666667,248.675,12.8380919478938,15,2
384.796610169492,248.525423728814,21.7498369798861,16,2
384.55652173913,248.660869565217,20.3280417678831,13,2
384.965811965812,248.606837606838,13.0166820594019,10,2
384.521367521367,248.649572649573,14.0440005847804,16,2
384.629310344828,248.525862068966,16.7830625807871,13,2
384.512195121951,248.50406504065,13.7636814732496,11,2
384.389830508475,248.508474576271,17.3286806749583,13,2
384.316666666667,248.366666666667,14.2785443124866,14,2
383.905982905983,248.444444444444,15.250377951451,15,2
383.76724137931,248.534482758621,13.6003543437361,7,2
383.637931034483,248.603448275862,9.15518218962076,16,2
384.14406779661,248.432203389831,10.5511269536836,22,2
384.093220338983,248.313559322034,11.7652548930458,20,2
383.703389830508,248.364406779661,4.47080348707706,22,2
383.895161290323,248.338709677419,10.4774542839521,18,2
383.540322580645,248.346774193548,2.56400687218515,20,2
383.492307692308,248.176923076923,5.58715215688333,16,2
383.515384615385,248.192307692308,6.10951387735552,8,2
383.728682170543,248.054263565891,9.40087586825698,17,2
383.830769230769,248.092307692308,7.52946906520233,9,2
383.744186046512,248.085271317829,4.32671816531761,9,2
383.653846153846,248.169230769231,4.12098131302645,9,2
383.4296875,248.015625,2.58944850629156,10,2
383.507575757576,248.280303030303,2.07529362654672,14,2
382.735537190083,248.231404958678,2.44836455169387,19,2
383.462686567164,248.149253731343,1.88276133514917,21,2
383.664233576642,248.21897810219,2.61434694437832,17,2
383.300751879699,248.06015037594,2.76669880111975,12,2
383.426470588235,248.183823529412,1.43967778798595,13,2
383.108527131783,248.007751937984,4.51892810318855,13,2
383.5,248.098484848485,2.82895055732933,17,2
382.963235294118,248.161764705882,2.74616372738553,22,2
383.203007518797,248.466165413534,4.19582529655094,21,2
383.083333333333,248.227272727273,3.91086300934118,19,2
383.37037037037,248.340740740741,4.27341661212133,13,2
383.787671232877,248.205479452055,3.11983327765283,17,2
383.321678321678,248.118881118881,1.67148703602312,15,2
383.262068965517,248.103448275862,2.1060942249957,14,2
383.351351351351,248.128378378378,0.0102384642732816,15,2
383.350993377483,248.331125827815,0.84882473180644,15,2
383.130718954248,248.307189542484,1.15558984752725,10,2
383.072847682119,248.384105960265,0.723235248064926,14,2
383.156862745098,248.346405228758,0.0164577146667398,10,2
383.019607843137,248.209150326797,1.53265551032216,10,2
383.090322580645,248.161290322581,-1.04828053327969,10,2
383.11038961039,248.181818181818,1.5377905405694,15,2
382.814569536424,248.158940397351,1.2456280318465,11,2
383.006493506493,248.350649350649,1.70645473711785,15,2
383.363057324841,248.394904458599,2.35359233359328,21,2
383.411764705882,248.392156862745,1.70192209498748,14,2
383.532051282051,248.320512820513,1.21167858553524,17,2
383.865384615385,248.282051282051,1.8006667496184,22,2
383.6,248.054545454545,2.24123195331726,19,2
383.552795031056,248.062111801242,4.06420141973594,14,2
383.354838709677,247.993548387097,3.6788941277229,10,2
383.303797468354,247.993670886076,2.01829414452505,13,2
382.791139240506,248.044303797468,1.15011329790856,20,2
382.861842105263,248.085526315789,2.06687357512995,14,2
382.732026143791,248.065359477124,0.304140335573656,15,2
382.647058823529,248.18954248366,-0.746710078706185,10,2
382.22972972973,248.141891891892,-1.83190016489038,23,2
381.93288590604,248.140939597315,-6.13450871588194,33,2
381.531034482759,248.268965517241,-7.03909166924528,28,2
380.6,248.007692307692,-19.8161507643133,53,2
379.985074626866,247.940298507463,-23.2759672082829,24,2
378.743801652893,248.231404958678,-19.8519097641494,59,2
376.104347826087,247.313043478261,-18.9276591662021,68,2
374.941666666667,246.758333333333,-18.2583341029285,43,2
370.694736842105,245.873684210526,-38.7480966660893,83,2
370.787037037037,245.888888888889,-28.8759176188136,41,2
367.086206896552,244.318965517241,-34.1928607537485,84,2
364.444444444444,242.952380952381,-26.5591359338572,86,2
363.9296875,242.640625,-21.9448250308017,38,2
361.181034482759,241.336206896552,-26.5401319525059,88,2
357.990825688073,239.577981651376,-43.0921838134783,63,2
354.827272727273,237.763636363636,-33.5973852990256,69,2
352.601694915254,236.042372881356,-27.2586098636035,62,2
351.05504587156,235.449541284404,-32.4238387820373,37,2
346.776699029126,232.485436893204,-39.6001813919758,76,2
345.294642857143,231.294642857143,-38.938832340071,37,2
343.181102362205,229.708661417323,-26.1483249048103,65,2
340.163636363636,227.881818181818,-34.7877310164612,75,2
338.240384615385,226.778846153846,-37.0040492974472,38,2
334.49,223.83,-34.0171503131286,74,2
333.238532110092,222.935779816514,-29.8910732959648,39,2
330.344827586207,221.439655172414,-23.0935063885152,71,2
326.201923076923,219.5,-33.3489543116481,72,2
324.754901960784,218.343137254902,-28.9207502407766,36,2
320.929824561404,216.728070175439,-24.6991516301348,66,2
319.573913043478,216.060869565217,-21.0736736634954,43,2
315.637931034483,214.629310344828,-31.5006959019309,77,2
311.380952380952,212.371428571429,-37.0292448151818,79,2
310.028301886792,211.896226415094,-27.5495031262082,33,2
306.490740740741,210.481481481481,-13.0864001218645,72,2
304.392857142857,209.848214285714,-16.5920268128045,46,2
301.509090909091,209.018181818182,-27.8003875486434,60,2
296.950980392157,206.803921568627,-29.947632486531,80,2
295.631067961165,206.398058252427,-21.0898523252469,29,2
291.92523364486,205.11214953271,-13.1683534530121,72,2
290.693693693694,204.738738738739,-13.7844059189184,38,2
286.981132075472,203.518867924528,-21.7085804809967,69,2
283.648148148148,202.333333333333,-20.9397214060497,60,2
281.622641509434,201.632075471698,-12.2389268209945,46,2
278.761467889908,200.908256880734,-5.81031584441739,59,2
276.970588235294,200.852941176471,-10.0142209219936,33,2
273.768518518519,199.944444444444,-16.7597722137773,68,2
269.862385321101,198.990825688073,-12.2189768822679,61,2
268.559633027523,198.587155963303,-7.86678257669522,38,2
265.34,198.42,-2.97204109612481,63,2
264.240740740741,198.157407407407,-9.05493411180589,24,2
261.190909090909,197.336363636364,-15.9281035317864,68,2
257.695652173913,196.652173913043,-9.36180730789368,55,2
255.801886792453,196.405660377358,-5.9526737696337,43,2
252.943396226415,195.632075471698,-8.76051911046463,62,2
251.918918918919,195.594594594595,-11.2255580721992,23,2
248.666666666667,194.592592592593,-17.0216689301395,63,2
246.283333333333,194.133333333333,-9.78110075634502,46,2
245.0625,193.848214285714,-5.07246466924808,34,2
242.150943396226,193.283018867925,-10.8044070249142,62,2
241.178571428571,193.053571428571,-16.8797792199795,20,2
239.017857142857,192.616071428571,-32.4377343857556,48,2
236.361111111111,190.944444444444,-27.2391203873591,50,2
235.451923076923,190.5,-19.3525804540155,26,2
233.088235294118,189.441176470588,-17.4586329370905,44,2
232.268518518519,189.12962962963,-22.3440145498217,20,2
230.495327102804,188.271028037383,-27.9332256883224,49,2
228.547169811321,186.952830188679,-28.1964391374282,57,2
227.634782608696,186.573913043478,-27.103737231404,31,2
224.796116504854,185.281553398058,-20.1477175293617,62,2
223.961538461538,184.846153846154,-14.6992566756754,29,2
221.538461538462,184.125,-13.5195953531809,56,2
219.87037037037,183.453703703704,-16.5346154009308,44,2
218.343137254902,182.56862745098,-20.825399251265,38,2
216.347826086957,181.913043478261,-19.30056532319,53,2
214.702702702703,181.279279279279,-18.6556223726906,26,2
212.207547169811,180.415094339623,-9.82078515892996,59,2
209.928571428571,179.839285714286,-6.82649896546013,48,2
207.775700934579,179.476635514019,-10.6318006915303,39,2
206.080808080808,178.565656565657,-13.5366611249314,48,2
204.45,177.96,-15.7185063764243,37,2
202.655172413793,177.568965517241,-16.5581975188213,46,2
199.688679245283,176.575471698113,-12.3984837603903,58,2
198.633928571429,176.348214285714,-9.25385811676739,26,2
195.772727272727,175.436363636364,-4.3132226282004,68,2
194.840707964602,175.115044247788,-5.33379177961406,23,2
192.513513513514,174.522522522523,-10.9818987869124,56,2
190.351851851852,174,-11.9807136990991,53,2
189.163636363636,173.6,-14.5604412310197,28,2
185.973684210526,172.929824561404,-10.8743958820658,58,2
184.964601769911,172.752212389381,-7.41070638670022,27,2
183.577586206897,172.379310344828,-6.63408333404355,51,2
181.548387096774,171.951612903226,-4.45542594552928,56,2
179.924369747899,171.72268907563,-5.66071898379007,35,2
178.258333333333,171.241666666667,-9.06701326138325,49,2
177.336134453782,171.134453781513,-11.3589869899301,27,2
175.66393442623,170.713114754098,-13.8605619593878,43,2
173.548872180451,170.315789473684,-14.0264676905771,49,2
172.92,170.392,-12.4560421597756,32,2
170.75,169.8125,-3.20422378113571,57,2
169.852713178295,169.472868217054,-0.985501090640771,33,2
168.03305785124,169.314049586777,-0.597580029230823,50,2
165.557522123894,169.12389380531,-2.18633270973145,50,2
164.486486486486,169.063063063063,-4.55598089581128,30,2
162.567307692308,168.673076923077,-5.57437481863168,39,2
161.59,168.53,-8.12312708951792,18,2
159.197916666667,168.34375,-8.74501337984296,44,2
157.515463917526,168.154639175258,-7.3668851890407,41,2
156.731958762887,168.103092783505,-6.63926811571625,22,2
154.265306122449,167.775510204082,0.163450828206175,37,2
153.537634408602,167.688172043011,0.814140841811012,15,2
151.711111111111,167.3,0.179730372869171,37,2
150.141176470588,167.117647058824,-3.22656913062615,23,2
150.774193548387,166.870967741935,-2.79255397460056,14,2
150.423913043478,166.684782608696,-7.58883274454911,23,2
150.224719101124,166.707865168539,-9.58872132409713,13,2
149.264367816092,166.620689655172,-15.1406479792144,22,2
149.505494505495,166.516483516484,-17.8848642749459,24,2
149.422222222222,166.422222222222,-18.971406364673,11,2
149.120879120879,166.175824175824,-20.1962523394802,9,2
148.776470588235,165.929411764706,-20.4523323404864,10,2
NaN,NaN,NaN,85,2
446.074074074074,241.41975308642,2.46060122046281,NaN,3
445.947368421053,241.539473684211,2.86459101980787,5,3
446.181818181818,241.415584415584,2.96853057244417,5,3
445.975308641975,241.395061728395,3.50424198491939,6,3
445.938271604938,241.395061728395,1.80509369495234,12,3
445.9125,241.3375,1.8763537993974,5,3
445.986301369863,241.698630136986,2.40248495283781,7,3
445.925925925926,241.432098765432,2.45173199889864,8,3
446.0375,241.3375,3.61634404139909,9,3
445.95,241.35,3.53977777211439,4,3
445.79746835443,241.443037974684,4.15403543587082,11,3
446.513157894737,241.355263157895,4.38119429885921,9,3
446.118421052632,241.644736842105,4.10921192299334,8,3
445.815789473684,241.684210526316,3.21833004877356,8,3
446.185185185185,241.530864197531,3.41785291190252,9,3
446.105263157895,241.697368421053,3.21342122010097,5,3
446.226666666667,241.68,3.09013736454236,3,3
445.825,241.8125,3.56369284310742,7,3
445.961538461538,241.641025641026,3.10252551967022,8,3
445.924050632911,241.645569620253,3.20359214316951,3,3
445.810126582278,241.455696202532,2.88721110825013,10,3
445.810126582278,241.632911392405,2.75304322492068,6,3
445.879518072289,241.33734939759,2.96381484487688,8,3
446.051948051948,241.519480519481,1.97108879337429,8,3
445.946666666667,241.6,2.8277221074616,4,3
446.207792207792,241.649350649351,3.55696106669957,8,3
445.8,241.68,3.59773073037904,6,3
445.763157894737,241.723684210526,3.39793375193488,7,3
446.426829268293,241.268292682927,6.57977008673599,14,3
446.443037974684,241.354430379747,5.49580962326921,5,3
445.986842105263,241.671052631579,4.41026254540031,11,3
446.197368421053,241.723684210526,3.58343205079116,6,3
445.934210526316,241.815789473684,3.01154779283926,6,3
445.924050632911,241.79746835443,3.66072878676683,7,3
445.974683544304,241.784810126582,4.03728459600607,2,3
445.855263157895,241.736842105263,3.51113844882489,9,3
445.973333333333,241.706666666667,3.20286087167289,5,3
446.175675675676,241.702702702703,3.08090364481334,7,3
446.310810810811,241.648648648649,2.51640107509045,6,3
446.328947368421,241.539473684211,2.7551582061563,6,3
446.157894736842,241.526315789474,3.36706842144904,8,3
446.435294117647,241.411764705882,-1.86987699498732,21,3
446.44578313253,241.481927710843,-6.08164689369546,14,3
446.554054054054,241.608108108108,-13.8629720540812,29,3
446.154761904762,242.071428571429,-7.65043094068954,18,3
448,241.831168831169,-8.79392121661505,45,3
449.5875,241.9125,3.61087911815493,39,3
450.243902439024,241.658536585366,3.44065134526156,20,3
452.786516853933,241.370786516854,5.67230149396846,49,3
453.655913978495,241.365591397849,4.00232301714452,26,3
456.7,241.1,-7.70960765076213,57,3
459.988235294118,241.235294117647,-8.52036592550663,41,3
461.505747126437,241.459770114943,-2.21189783484738,24,3
465.119047619048,241.261904761905,1.5458520517457,59,3
465.6875,240.989583333333,-1.05828174168881,24,3
468.029126213592,240.776699029126,-12.561576160429,53,3
470.703703703704,240.962962962963,-23.2950329632476,57,3
471.924528301887,241.490566037736,-14.5106811734577,34,3
474.75,242.057692307692,-8.74957273809791,54,3
476,242.184210526316,-3.99323354211552,32,3
478.899082568807,242.385321100917,5.64396037812421,57,3
481.839622641509,242.216981132075,6.99323852404221,55,3
483.104761904762,242.133333333333,1.42795930425354,23,3
486.439252336449,242.046728971963,-6.48469870477086,60,3
487.86,242.24,-3.58948421718214,37,3
490.363636363636,242.490909090909,3.24516873189735,54,3
492.681415929204,242.097345132743,15.2030167257074,55,3
494.647619047619,241.904761904762,22.5809088424179,38,3
497.857142857143,240.733333333333,23.5766946837859,64,3
499.19801980198,240.544554455446,20.875503864385,30,3
502.182795698925,239.666666666667,13.1515138299939,62,3
505.367816091954,238.965517241379,13.3863064128664,50,3
506.682352941176,238.776470588235,17.2313014865986,18,3
509.617283950617,237.444444444444,35.0109487045317,48,3
509.876404494382,236.943820224719,31.4116702601633,28,3
512.337078651685,235.730337078652,30.0966949934463,40,3
514.030927835052,234.649484536082,20.4433141727971,48,3
515.041666666667,234.15625,16.8309057416859,23,3
517.5,232.739583333333,13.1174389917468,58,3
518.25,232.53,14.0905643070207,30,3
521.119565217391,231.184782608696,21.161728892554,52,3
523.515789473684,230.484210526316,22.6247888363875,49,3
524.47311827957,229.881720430108,23.9368483151146,26,3
525.881188118812,229.108910891089,20.2372996223652,46,3
527.610526315789,228.442105263158,11.9775824983963,32,3
530.376470588235,227.6,6.2848912121092,46,3
532.533333333333,227.055555555556,12.4351496305878,35,3
533.846153846154,226.615384615385,16.0563808320648,23,3
537.079545454545,225.431818181818,26.1743619614595,59,3
537.915662650602,225.024096385542,25.203864151079,23,3
539.931818181818,224.068181818182,21.9848286047773,33,3
541.876404494382,223.426966292135,17.0852591832443,43,3
543.125,223.104166666667,17.8830272893533,31,3
545.51724137931,222.379310344828,13.2160077830317,41,3
546.931034482759,221.919540229885,15.855407423622,28,3
549.560975609756,220.780487804878,25.8592620491613,45,3
551.466666666667,219.722222222222,28.9468252033186,40,3
552.911111111111,219.3,27.0170652375666,22,3
554.895348837209,218.395348837209,20.5463656959668,40,3
556.152173913043,217.684782608696,17.6025425265994,30,3
559.043956043956,216.417582417582,12.9157665923073,49,3
561.776470588235,215.576470588235,21.9114296227033,44,3
562.364705882353,215.317647058824,22.8727409665921,16,3
564.677419354839,214.150537634409,27.2914022669926,44,3
565.563829787234,213.840425531915,32.3715097196432,25,3
567.666666666667,212.569892473118,31.693399102847,37,3
569.774193548387,211.150537634409,27.4469738211715,44,3
571.213483146067,210.269662921348,25.971715393715,30,3
573.441860465116,209.162790697674,21.8462551725794,39,3
574.428571428571,208.395604395604,24.943998593556,23,3
576.833333333333,207.011111111111,36.0995098313276,43,3
578.711111111111,205.744444444444,41.5476292973605,36,3
579.442105263158,205.168421052632,39.8740627553615,25,3
581.632183908046,203.48275862069,35.4228081365526,40,3
582.428571428571,202.791208791209,34.1302771196526,24,3
584.261363636364,201.681818181818,28.7289679245542,45,3
587.21978021978,200.087912087912,25.778579938832,47,3
587.776470588235,199.388235294118,27.5998878625777,20,3
590.710843373494,197.674698795181,37.150373174954,46,3
591.163043478261,197.478260869565,37.2317227339649,25,3
592.747252747253,196.252747252747,34.909455816956,35,3
594.378947368421,195.231578947368,28.7318850778403,32,3
595.709302325581,194.395348837209,20.6039697893322,25,3
597.773195876289,193.494845360825,21.2567712636255,55,3
598.483516483516,192.67032967033,21.476797144717,28,3
601.654761904762,191.22619047619,28.3271196215193,49,3
603.044444444444,190.355555555556,33.6623999248224,32,3
604.511904761905,189.619047619048,37.9678088013436,22,3
605.906976744186,188.418604651163,38.6896500041022,40,3
606.573033707865,187.943820224719,37.7309048400495,15,3
608.584269662921,186.61797752809,33.1503147162879,38,3
610.359550561798,185.38202247191,29.6757381099852,38,3
611.324675324675,184.935064935065,25.4050358994465,22,3
613.345679012346,183.592592592593,28.795480639314,34,3
614.9375,182.2125,37.1193122489451,31,3
616.197674418605,181.151162790698,43.0239987384833,36,3
617.964705882353,179.858823529412,48.132454114092,37,3
619.329268292683,178.439024390244,49.5248417888515,27,3
620.364705882353,177.647058823529,41.2747915310533,25,3
620.876404494382,177.303370786517,40.995171011479,22,3
622.722222222222,175.788888888889,38.6815517109054,43,3
624.29347826087,174.239130434783,35.2416590467989,38,3
625.388888888889,173.255555555556,39.6550014956187,24,3
627.431818181818,171.409090909091,49.8399112415789,50,3
627.732558139535,171.186046511628,51.8298181251985,12,3
629.458823529412,169.588235294118,52.3145977133628,41,3
630.425287356322,168.540229885057,48.5314486501779,28,3
630.818181818182,168.090909090909,45.149450377747,23,3
632.340425531915,166.329787234043,41.0531526121866,46,3
633.031914893617,165.787234042553,42.1520156600345,30,3
635.302325581395,163.616279069767,39.4543881341429,38,3
637.142857142857,161.583333333333,47.7257438334489,44,3
638,160.835294117647,49.8534835960372,23,3
639.359550561798,159.696629213483,49.8687337908349,30,3
639.935483870968,159.247311827957,49.9843950466637,20,3
640.914893617021,157.978723404255,45.8428197401878,39,3
642.845360824742,156.268041237113,37.5244062399867,43,3
643.4,155.684210526316,34.1655410873953,27,3
644.881188118812,154.267326732673,35.1372814344941,51,3
645.920792079208,153.821782178218,36.4865146057629,34,3
647.759259259259,152.361111111111,40.2028330856545,51,3
649.184466019418,150.941747572816,45.9702495887601,51,3
650.352380952381,150.371428571429,50.1087254360681,26,3
652,148.745454545455,48.5961691505279,59,3
652.368852459016,148.786885245902,48.0171165722336,30,3
653.661654135338,147.571428571429,43.8178163452887,51,3
654.959349593496,146.455284552846,40.5414468440524,48,3
655.598540145985,145.56204379562,38.0523380352645,34,3
656.685314685315,144.314685314685,42.5533906902099,50,3
657.277419354839,144.012903225806,39.3717529222843,36,3
658.384105960265,142.87417218543,48.2459290343548,56,3
659.905325443787,141.260355029586,57.8728105053471,66,3
660.94375,140.3875,55.1484766641003,61,3
NaN,NaN,NaN,160,3
NaN,NaN,NaN,0,3
NaN,NaN,NaN,0,3
NaN,NaN,NaN,0,3
NaN,NaN,NaN,0,3
NaN,NaN,NaN,0,3
NaN,NaN,NaN,0,3
NaN,NaN,NaN,0,3
NaN,NaN,NaN,0,3
NaN,NaN,NaN,0,3
NaN,NaN,NaN,0,3
NaN,NaN,NaN,0,3
NaN,NaN,NaN,0,3
NaN,NaN,NaN,0,3
NaN,NaN,NaN,0,3
NaN,NaN,NaN,0,3
NaN,NaN,NaN,0,3
NaN,NaN,NaN,0,3
NaN,NaN,NaN,0,3
NaN,NaN,NaN,0,3
NaN,NaN,NaN,0,3
NaN,NaN,NaN,0,3
NaN,NaN,NaN,0,3
NaN,NaN,NaN,0,3
NaN,NaN,NaN,0,3
NaN,NaN,NaN,0,3
NaN,NaN,NaN,0,3
