410.162162162162,268.054054054054,89.8393629027436,NaN,1
410.087248322148,267.859060402685,89.8432009857441,5,1
410.12582781457,267.801324503311,89.4381482650168,8,1
410.033783783784,267.837837837838,89.9199025737601,7,1
410.047619047619,267.986394557823,-89.7247782315932,3,1
409.937931034483,267.979310344828,89.828974765858,4,1
409.979452054795,268.041095890411,89.3460546502849,5,1
409.965753424658,267.780821917808,-89.9374500263915,6,1
410.08,267.78,-89.8244085995869,4,1
409.931034482759,267.965517241379,-89.9909316447496,7,1
409.912751677852,267.751677852349,89.6410806308993,4,1
409.965753424658,267.780821917808,-89.9374500263915,3,1
409.871621621622,267.804054054054,-89.8033378433951,4,1
409.88275862069,268.027586206897,-89.9231025998942,3,1
409.858108108108,267.891891891892,-89.97674791684,3,1
409.858108108108,267.912162162162,-89.5671659561012,4,1
409.813333333333,267.813333333333,-89.6487384024625,4,1
409.844594594595,267.858108108108,-89.417660467863,2,1
409.927152317881,267.774834437086,89.6447155367524,9,1
409.843137254902,267.725490196078,89.3625821599418,4,1
409.89932885906,267.765100671141,-89.5933279547352,6,1
409.796052631579,267.881578947368,89.6334365719767,7,1
409.844594594595,267.844594594595,-89.2245766744623,6,1
409.753333333333,268.086666666667,-89.8265421787816,8,1
409.861842105263,267.796052631579,-89.5373329518019,8,1
409.804054054054,267.945945945946,-89.2643275423441,12,1
409.781456953642,267.794701986755,-89.2136634168456,5,1
409.751677852349,267.993288590604,-89.3846294091856,4,1
409.728476821192,267.940397350993,-89.5744073026448,6,1
409.711409395973,268.080536912752,-89.2994582457447,2,1
409.727272727273,267.831168831169,-89.0117717725161,7,1
409.765100671141,267.919463087248,-88.8186136135368,5,1
409.78,267.88,-89.0014790420061,1,1
409.824324324324,267.797297297297,-87.8649252124216,6,1
409.804054054054,267.695945945946,-88.619307584964,4,1
409.686274509804,267.823529411765,-88.9124843852665,7,1
409.738562091503,267.699346405229,-88.855165850875,6,1
409.736842105263,267.848684210526,-89.1158971570796,5,1
409.76821192053,267.748344370861,-88.2886195994917,3,1
409.733333333333,267.846666666667,-88.2348820637364,3,1
409.82,267.913333333333,-87.3016125604162,10,1
409.921052631579,267.723684210526,-86.3267825786694,6,1
409.987341772152,267.721518987342,-83.1126729360649,24,1
410.207547169811,267.74213836478,-78.377600486821,21,1
410.270440251572,268.182389937107,-73.4541254975852,16,1
410.335443037975,268.632911392405,-64.2857962611591,33,1
410.576687116564,269.018404907975,-60.3772362949466,21,1
410.777777777778,270.006172839506,-63.6629174221934,39,1
411.078431372549,271.437908496732,-71.9668381449428,41,1
411.360544217687,272.136054421769,-76.4677924054124,22,1
411.841059602649,273.788079470199,-80.0073311436949,38,1
412.236486486487,274.898648648649,-83.5110892320556,31,1
412.715231788079,277.105960264901,-78.6145146021167,43,1
412.960784313725,279.366013071895,-77.4026454056787,56,1
413.12987012987,280.227272727273,-81.2673080004836,25,1
413.3,282.72,88.2883440839584,50,1
413.312101910828,284.095541401274,80.481172062503,37,1
413.177215189873,286.455696202532,80.1738249542688,53,1
412.85628742515,288.48502994012,86.9768525566656,49,1
412.898089171975,289.777070063694,-89.2366318635113,34,1
412.697986577181,292.51677852349,-87.3360267255061,66,1
412.651898734177,294.151898734177,88.9153746214152,37,1
412.258278145695,296.582781456954,84.7528470584309,57,1
412.056962025316,299.259493670886,84.829041258291,59,1
412.085526315789,299.907894736842,85.8928109519338,22,1
412.128378378378,302.054054054054,-88.0307451158542,58,1
412.227848101266,303.670886075949,-85.8832962181658,36,1
412.282894736842,306.381578947368,89.9672379320616,54,1
411.946666666667,308.56,85.7428883299365,50,1
411.827814569536,309.708609271523,85.1125974821706,33,1
411.814102564103,312.153846153846,87.4937059117132,53,1
411.993464052288,313.843137254902,-89.3042643685062,35,1
412.114093959732,316.208053691275,-83.1970003826323,56,1
412.139240506329,318.613924050633,-84.2615473670854,55,1
412.286666666667,319.96,-86.6059696395262,30,1
412.393333333333,322.473333333333,89.4330941222961,54,1
412.424836601307,324.156862745098,-88.8278020396513,37,1
412.79375,326.31875,-85.9740635053528,49,1
413.225806451613,328.812903225806,-80.7139577273707,55,1
413.527027027027,330.391891891892,-77.6350949985981,29,1
413.881578947368,332.368421052632,-78.4823059287236,50,1
413.974683544304,333.632911392405,-81.9678309728773,28,1
414.385135135135,336.581081081081,-85.4977933230012,64,1
414.713375796178,338.828025477707,-82.5373013718035,57,1
415.064935064935,340.220779220779,-79.8788403707945,31,1
415.773333333333,342.46,-76.0436418269043,54,1
416.018404907975,343.576687116564,-78.0780202942481,35,1
416.387096774194,346.148387096774,-80.3460094078069,54,1
416.726114649682,348.770700636943,-82.9527844837351,58,1
417.1,350.892857142857,-81.5356591397969,39,1
417.765100671141,352.590604026846,-77.4513756786517,45,1
418.24358974359,354.294871794872,-74.5768773040961,35,1
418.935897435897,356.916666666667,-73.8715899678494,62,1
419.41935483871,359.341935483871,-79.9255812163195,51,1
419.620689655172,360.034482758621,-82.024642196468,26,1
420.285714285714,364.65,-84.6029017179974,77,1
420.5,365.569444444444,-82.5087813491684,26,1
421.174496644295,367.872483221477,-73.755572413167,59,1
421.783783783784,370.804054054054,-71.7823822158068,65,1
422.27397260274,372.404109589041,-73.5173631736005,34,1
422.930555555556,374.291666666667,-77.6009654357325,56,1
423.340277777778,376.263888888889,-82.5259122091825,38,1
424.052631578947,379.81954887218,-78.8560114691421,65,1
424.595744680851,381.588652482269,-74.2181053407537,50,1
425.021428571429,382.785714285714,-71.4786719342212,25,1
425.735294117647,385.073529411765,-68.3921094419612,58,1
426.167883211679,386.56204379562,-69.106639633372,31,1
426.765957446808,388.595744680851,-73.2765661967625,50,1
427.727941176471,391.455882352941,-75.4033628330839,59,1
428.253968253968,392.515873015873,-70.608469730123,22,1
429.17880794702,395.119205298013,-67.8357217524897,63,1
429.714285714286,395.95652173913,-66.3023203999401,30,1
430.421052631579,397.256578947368,-62.782335356191,45,1
431.255952380952,397.464285714286,-62.2791681738517,42,1
431.767857142857,397.630952380952,-56.5524047140994,26,1
432.788571428571,397.88,-48.8021760541557,49,1
433.475138121547,398.055248618785,-44.1833590823328,34,1
434.439306358381,399.271676300578,-30.2095678708459,66,1
436.506976744186,399.158139534884,-25.0207581914016,86,1
437.833333333333,399.202702702703,-25.5347753832199,45,1
440.095454545455,399.440909090909,-21.9476092751138,78,1
440.665198237885,399.4140969163,-21.0509103923727,41,1
443.624338624339,400.619047619048,-17.0054062097743,88,1
445.065217391304,400.820652173913,-12.9853898107547,63,1
446.483146067416,400.960674157303,-11.6694663824094,40,1
448.457317073171,401.292682926829,-9.83934824634978,46,1
449.380116959064,401.040935672515,-11.3549101592158,27,1
450.823170731707,400.993902439024,-14.6194146590912,39,1
451.958333333333,400.803571428571,-15.8960700147582,38,1
452.625698324022,400.731843575419,-14.5012053984381,25,1
453.764102564103,400.574358974359,-14.4705296844765,48,1
NaN,NaN,NaN,195,1
405.668831168831,249.961038961039,69.0041947088515,NaN,2
405.673076923077,249.980769230769,69.215876641351,4,2
405.577922077922,249.837662337662,69.3146732987793,8,2
405.509933774834,249.986754966887,69.5071719359262,5,2
405.503355704698,250,69.4568571718856,2,2
405.389261744966,249.959731543624,69.1763020369958,8,2
405.409395973154,250.06711409396,69.6522937985948,6,2
405.40522875817,249.83660130719,69.6077500637603,8,2
405.36,249.94,70.0626733433518,5,2
405.358108108108,250.006756756757,70.235576761641,2,2
405.234899328859,250.087248322148,70.6566985916266,5,2
405.195945945946,250.168918918919,70.9399364543331,1,2
405.283783783784,250.114864864865,70.1485353634187,4,2
405.251612903226,249.954838709677,70.510425821688,9,2
405.123376623377,250.071428571429,69.9812849562364,5,2
405.137254901961,249.954248366013,70.6048091615956,5,2
405.136363636364,249.980519480519,71.3547531898821,7,2
405.058441558442,250.103896103896,70.7385012694576,4,2
405.058064516129,250.058064516129,70.7356667343358,3,2
405.058823529412,250.013071895425,70.4362753820229,4,2
405.019867549669,250.158940397351,70.8139836942665,6,2
405.025641025641,249.897435897436,71.2352403572088,5,2
405.01282051282,249.929487179487,70.8753333181318,2,2
404.993630573248,249.885350318471,71.3536647863857,3,2
404.938271604938,249.783950617284,71.3707639147001,7,2
404.949685534591,249.842767295597,70.8436012482703,9,2
404.859872611465,249.891719745223,70.6035372478676,8,2
404.833333333333,250.22,71.123692221867,9,2
404.815789473684,250.282894736842,70.4557609076307,8,2
404.883870967742,250.051612903226,70.886763000461,9,2
404.792207792208,250.168831168831,71.1669004886665,11,2
404.696774193548,250.109677419355,71.4498299904068,9,2
404.653594771242,250.071895424837,72.2803656632104,10,2
404.753164556962,250.075949367089,72.0724972386999,9,2
404.834394904459,249.885350318471,72.1416718286688,7,2
404.75641025641,249.929487179487,72.6401525105487,3,2
404.754716981132,249.842767295597,72.8021393648394,5,2
404.756578947368,249.717105263158,71.9667717314977,7,2
404.723270440252,249.547169811321,71.9465392144572,9,2
404.71974522293,249.630573248408,73.0929069645868,4,2
404.632911392405,249.835443037975,72.7535879107672,7,2
404.613924050633,249.835443037975,73.1304796764429,2,2
404.654088050314,249.874213836478,73.5370810837266,5,2
404.638709677419,249.741935483871,72.236420102921,8,2
404.636363636364,249.915584415584,72.2501634283689,3,2
404.56050955414,249.605095541401,72.5361294083166,9,2
404.617834394904,249.426751592357,72.4283394906035,4,2
404.496815286624,249.630573248408,73.5075383803281,8,2
404.51282051282,249.647435897436,73.176963701133,7,2
404.423076923077,249.74358974359,73.5062224293957,6,2
404.396103896104,249.772727272727,73.502738574607,4,2
404.477124183007,249.725490196078,73.6572145810994,5,2
404.446666666667,249.98,73.6090015526817,7,2
404.37908496732,249.790849673203,74.0470720824355,9,2
404.303225806452,249.883870967742,73.605872643489,6,2
404.456375838926,249.744966442953,74.2586661149889,10,2
404.309210526316,249.763157894737,74.0151628593611,7,2
404.385620915033,249.633986928105,74.1876741230609,7,2
404.263157894737,249.684210526316,73.9392242523993,7,2
404.350993377483,249.549668874172,74.5155014468935,5,2
404.305194805195,249.454545454545,74.589381538147,3,2
404.335483870968,249.451612903226,74.4974585401155,1,2
404.281045751634,249.549019607843,74.5347059239125,2,2
404.279220779221,249.506493506494,74.6965101535519,1,2
404.270967741935,249.503225806452,74.2610044271718,3,2
404.269230769231,249.461538461538,74.412237121155,1,2
404.279220779221,249.376623376623,74.464863005995,2,2
404.225806451613,249.4,74.5081425071605,3,2
404.309677419355,249.393548387097,74.7970039927371,4,2
404.346153846154,249.217948717949,75.391750478339,3,2
404.205128205128,249.307692307692,74.9882080741119,8,2
404.2875,249.20625,75.1556976219918,4,2
404.316455696203,249.082278481013,75.28746624002,4,2
404.349693251534,249.153374233129,75.3334368665161,5,2
404.291925465839,249.142857142857,75.3653844112644,2,2
404.312101910828,249.273885350318,75.3333556926023,4,2
404.363057324841,249.127388535032,75.5589926223579,2,2
404.295597484277,249.062893081761,75.3813627525564,4,2
404.292993630573,249.242038216561,75.7154774936605,4,2
404.278481012658,249.120253164557,75.8524990357494,3,2
404.320754716981,249.213836477987,76.3087666617546,7,2
404.26875,249.23125,75.3678133680648,5,2
404.345911949686,249.207547169811,75.486974660859,3,2
404.301886792453,249.182389937107,75.6895293544801,2,2
404.29375,249.14375,75.8247359445025,3,2
404.343949044586,249.152866242038,75.7827342767164,3,2
404.31847133758,249.191082802548,76.0088917806934,2,2
404.298136645963,249.198757763975,76.0535105679725,6,2
404.270440251572,249.25786163522,75.5301517416832,6,2
404.320754716981,249.119496855346,75.6958652005005,2,2
404.275641025641,249.269230769231,76.4693534636615,5,2
404.341772151899,249.215189873418,76.0193176195031,4,2
404.2875,249.38125,76.3102081945525,6,2
404.283018867925,249.220125786164,76.5852440543514,7,2
404.248407643312,249.261146496815,76.3391210970088,6,2
404.323170731707,249,76.3776922841462,7,2
404.335443037975,249.215189873418,76.285132629079,6,2
404.396226415094,249.301886792453,76.2171692577265,9,2
404.339622641509,249.276729559748,76.251486438521,4,2
404.3875,249.1625,76.3505687125375,5,2
404.388535031847,249.547770700637,75.9569561265052,7,2
404.407643312102,249.458598726115,76.2881490969035,8,2
404.452830188679,249.421383647799,76.2398788734995,6,2
404.4875,249.29375,76.3217906705549,3,2
404.484076433121,249.471337579618,76.0696826023757,3,2
404.53164556962,249.462025316456,75.9250782197301,3,2
404.53164556962,249.462025316456,75.9250782197301,0,2
404.553459119497,249.503144654088,76.0411544652484,3,2
404.590062111801,249.447204968944,76.4119868563228,2,2
404.563291139241,249.658227848101,76.0645665044786,3,2
404.566878980892,249.726114649682,75.8410466002198,3,2
404.566878980892,249.726114649682,75.8410466002198,0,2
404.696202531646,249.53164556962,76.9398172589195,5,2
404.575949367089,249.645569620253,76.1135046125375,6,2
404.647798742138,249.654088050314,75.6938052017201,5,2
404.939759036145,249.16265060241,76.8735529240716,25,2
405.133720930233,248.843023255814,77.9259522995726,22,2
405.092592592593,249.703703703704,89.5223908780588,80,2
405.4375,249.136363636364,-16.0558501462442,60,2
406.151351351351,248.945945945946,-9.20017282174962,55,2
408.744444444444,249.094444444444,1.2967266650053,83,2
409.903409090909,248.818181818182,-3.25891683489872,40,2
412.514792899408,249.136094674556,-22.1571575584642,76,2
416.409395973154,251.697986577181,-22.1355027308365,105,2
417.733766233766,251.974025974026,-20.0453606578436,35,2
422.078571428571,253.392857142857,-19.6318689473262,88,2
423.682119205298,253.986754966887,-28.7802375601107,43,2
427.042944785276,255.098159509202,-62.7448394983699,96,2
429.291666666667,258.095238095238,-53.6082424192105,73,2
430.087209302326,258.837209302326,-50.7122140715711,34,2
433.379518072289,262.536144578313,-50.1279589303393,108,2
434.70253164557,264.132911392405,-54.0289781096448,46,2
436.738853503185,267.331210191083,-64.931439401861,79,2
437.621468926554,269.745762711864,-63.3660849212037,56,2
438.513812154696,271.07182320442,-64.1352837324274,40,2
439.89349112426,273.846153846154,-62.4474760870846,70,2
440.82183908046,276.028735632184,-63.1291709008253,61,2
442.544910179641,280.02994011976,-73.7817733259001,77,2
443.619318181818,282.585227272727,-72.8463012369427,55,2
443.924418604651,284,-68.2883568809809,34,2
444.635294117647,285.829411764706,-63.2155967113675,60,2
445.157894736842,287.736842105263,-64.4050275316968,47,2
446.521472392638,290.950920245399,-80.2691171335995,68,2
447.081761006289,294.069182389937,-84.4805363157916,68,2
447.322580645161,295.703225806452,-81.0525454471477,34,2
447.656441717791,297.993865030675,-75.2261106600812,58,2
447.846153846154,299.076923076923,-75.2562673777985,36,2
448.179012345679,301.506172839506,-81.606646946697,51,2
448.41875,304.20625,87.760921266924,58,2
448.382165605096,305.942675159236,88.9511520800861,35,2
448.138554216867,308.048192771084,-85.5106453842825,55,2
448.12,309.725714285714,-81.3228171203481,43,2
448.132530120482,312.722891566265,-81.7760688954261,73,2
448.530864197531,316.37037037037,80.6857201756042,70,2
448.204968944099,318,78.028158474914,39,2
448.006134969325,320.036809815951,82.1685696668886,48,2
447.794117647059,321.776470588235,88.3714496879778,39,2
447.442424242424,324.890909090909,-87.4900121262482,81,2
447.428571428571,328.818181818182,81.4869818883047,67,2
447.372549019608,329.967320261438,78.604327465655,35,2
447.079470198675,332.814569536424,77.8523760956375,60,2
447.03125,334.51875,83.0984933022528,33,2
446.905882352941,337.064705882353,88.3475315514415,72,2
446.626666666667,341.14,-89.2601172125927,84,2
446.788079470199,342.622516556291,83.3236949642709,35,2
446.609271523179,345.046357615894,74.8584367176667,62,2
446.48427672956,347.163522012579,75.6720181950519,48,2
446.307228915663,350.048192771084,86.0350124132912,67,2
446.143790849673,353.614379084967,-87.2884053074956,85,2
446.111111111111,355.3125,87.6935938476437,35,2
445.974683544304,357.987341772152,77.8648920103024,68,2
445.91124260355,359.059171597633,75.4093173913146,35,2
445.28025477707,362.585987261146,78.3376727250385,74,2
445.363636363636,364.715151515151,88.1316386028207,58,2
445.304635761589,366.311258278146,-89.4502494057094,38,2
445.115646258503,369.952380952381,87.6529911823272,72,2
445.006711409396,370.926174496644,82.3444774206244,28,2
445.082278481013,373.462025316456,75.801757005186,63,2
444.833333333333,376.909722222222,80.4730883369366,68,2
444.905405405405,377.689189189189,83.7711389241458,24,2
444.648275862069,380.227586206897,89.8550599054623,67,2
444.613793103448,381.924137931034,-89.4159673879183,38,2
444.528571428571,385.535714285714,80.7504568877137,59,2
444.346666666667,387.633333333333,75.6175896392269,72,2
443.926470588235,389.904411764706,75.2236231578247,38,2
444.05,391.571428571429,82.1965569937496,46,2
444.05421686747,393.506024096386,87.8997094577847,48,2
443.866666666667,396.115151515152,-89.2726732765636,69,2
443.890909090909,397.721212121212,78.5788321801899,48,2
443.894736842105,397.561403508772,69.3477000020596,32,2
443.549450549451,397.434065934066,64.1328278703601,45,2
443.280423280423,397.417989417989,62.6674520203514,33,2
442.229946524064,397.898395721925,64.4670143373606,48,2
441.844919786096,397.823529411765,65.6660472379476,46,2
441.421052631579,397.968421052632,62.8003489814439,27,2
440.41935483871,398.801075268817,53.5388282392304,58,2
440.06914893617,398.93085106383,48.0050020485871,26,2
439.530927835052,398.70618556701,43.4005097684392,48,2
438.450236966825,398.379146919431,43.2854231219221,59,2
437.553990610329,398.478873239437,43.4376233771063,32,2
NaN,NaN,NaN,213,2
418.682634730539,246.359281437126,23.7523428986106,NaN,3
418.608187134503,246.216374269006,26.0722669705163,14,3
418.652694610778,246.215568862275,25.2010116724351,4,3
418.552941176471,246.235294117647,25.4176146321865,9,3
418.580838323353,246.251497005988,25.2094147049804,3,3
418.204678362573,246.216374269006,23.1121635708313,8,3
418.335329341317,246.359281437126,23.4049660341585,10,3
418.242603550296,246.278106508876,23.4273777786469,6,3
418.181286549708,246.321637426901,23.1461650352266,8,3
418.080924855491,246.439306358382,22.0361954110064,8,3
418.082840236686,246.431952662722,21.6975588470564,6,3
418.070175438596,246.327485380117,22.6369336406337,4,3
418.184523809524,246.285714285714,23.6193308179622,7,3
418.03550295858,246.408284023669,22.6247681025175,9,3
418.189349112426,246.366863905325,23.4158581054393,6,3
418.207100591716,246.313609467456,23.6619030992794,6,3
418.162790697674,246.168604651163,23.6119150551322,9,3
418.113095238095,246.291666666667,22.5603580354091,4,3
417.919075144509,246.300578034682,22.3708785181556,7,3
418.139534883721,246.313953488372,23.2313450394232,9,3
418.184971098266,246.277456647399,23.3774933376451,11,3
418.16091954023,246.287356321839,23.2576165956496,5,3
417.9,246.317647058824,21.9862802561984,10,3
417.728323699422,246.369942196532,20.7967930094181,11,3
417.460227272727,246.545454545455,20.2473977664468,11,3
417.747311827957,246.55376344086,17.740743901744,48,3
419.267441860465,245.837209302326,-12.4998432106088,86,3
419.691428571429,246.068571428571,-29.6897426352275,37,3
420.851428571429,246.988571428571,-39.6049702924647,82,3
421.927272727273,247.751515151515,-37.7761641328563,48,3
423.957317073171,249.871951219512,-19.4006814794356,85,3
426.333333333333,250.724137931034,3.15373819889125,84,3
429.513698630137,250.58904109589,8.74048117619976,72,3
433.347826086957,250.086956521739,2.42283426008667,84,3
434.951048951049,249.818181818182,1.15608119352114,43,3
437.658064516129,249.677419354839,15.747398292216,70,3
441.5625,248.541666666667,35.8769824547511,93,3
443.039473684211,247.585526315789,30.5768429751835,42,3
445.835526315789,245.888157894737,16.0826160329038,84,3
446.464864864865,245.167567567568,18.8779627010991,51,3
450.74375,243.18125,26.608274082014,99,3
453.629213483146,241.696629213483,41.7779502157922,72,3
455.022727272727,240.579545454545,40.0946852696861,44,3
458.323353293413,238.11377245509,24.9123086411304,91,3
459.338983050847,237.536723163842,20.6017076170164,40,3
462.410112359551,236.073033707865,23.0570342647901,73,3
465.15,234.838888888889,34.471276785298,76,3
466.541436464088,234.027624309392,34.2020533183256,51,3
469.730337078652,232.106741573034,31.5184905151665,81,3
470.936416184971,231.219653179191,24.7118017478052,41,3
473.563535911602,229.729281767956,14.3240746364299,70,3
476.032608695652,228.809782608696,18.7206181529605,61,3
477.042553191489,228.537234042553,25.0015218599308,38,3
479.970760233918,227.269005847953,31.4690790865337,77,3
481.549132947977,226.537572254335,35.2555773614281,44,3
483.742857142857,225.222857142857,20.9062227675567,62,3
486.373684210526,224.036842105263,10.2470644091741,69,3
487.269230769231,223.895604395604,9.74645241319031,42,3
489.806451612903,222.897849462366,13.2941358324917,70,3
491.082872928177,222.734806629834,16.8683557376708,39,3
494.375722543353,221.872832369942,23.129269695313,88,3
497.42774566474,220.959537572254,15.1569449947476,66,3
498.850574712644,220.528735632184,5.43585093131653,39,3
501.820359281437,220.149700598802,0.249335658671914,69,3
503.12865497076,220.011695906433,-1.09114259530515,36,3
505.770588235294,219.735294117647,5.42299242804318,57,3
508.97619047619,219.297619047619,13.9963624867758,74,3
510.627218934911,219.171597633136,13.1489139334458,41,3
513.612121212121,218.551515151515,5.00353762619781,72,3
514.958579881657,218.366863905325,1.23129517790128,34,3
518.035294117647,218.2,-4.04603991165034,69,3
521.239766081871,218.298245614035,0.0709255941303388,73,3
523.28488372093,218.296511627907,12.1233151902993,51,3
526.153846153846,217.905325443787,12.2115025150605,67,3
527.477272727273,217.625,12.6894665847888,41,3
530.486033519553,217.335195530726,2.25349681452261,75,3
534.165680473373,216.970414201183,-6.93383747695571,86,3
535.934911242604,216.917159763314,-4.25326816675052,36,3
538.691860465116,217.052325581395,1.65711056947305,63,3
540.32183908046,216.873563218391,8.61632788682241,44,3
543.186046511628,216.779069767442,9.87049865481911,72,3
546.770186335404,216.341614906832,-1.3927474821005,73,3
549.0875,216.075,-9.83321493124506,51,3
552.150943396226,216.163522012579,-9.55546024329359,63,3
553.151515151515,216.315151515152,-6.76774201894314,42,3
556.58024691358,216.358024691358,1.6494500123205,73,3
559.724550898204,216.610778443114,1.55731413919306,67,3
561.431952662722,216.704142011834,-2.95304733149664,38,3
564.745454545455,216.769696969697,-14.7648156397747,66,3
566.366863905325,217.230769230769,-17.5218446228403,46,3
569.493975903614,217.704819277108,-12.6841865829042,67,3
573.061797752809,218.601123595506,-1.42982855534667,78,3
574.964071856287,218.688622754491,-2.60136483376816,47,3
577.263440860215,219.252688172043,-8.34503728320306,61,3
578.847457627119,219.553672316384,-13.6739127676168,39,3
582.502923976608,220.33918128655,-21.9773877529609,80,3
585.638888888889,221.266666666667,-16.6119964324971,71,3
587.394117647059,221.964705882353,-7.92951695633204,50,3
589.755681818182,222.352272727273,-6.1494353229956,62,3
590.860335195531,222.603351955307,-5.05954096047346,37,3
593.747191011236,223.308988764045,-11.6914215212389,67,3
596.529411764706,223.594117647059,-21.3241769081462,82,3
598.481481481482,224.228395061728,-20.288110052157,44,3
600.685714285714,224.72,-13.8755361253067,51,3
602.093567251462,225.157894736842,-9.56159727339834,30,3
604.556179775281,225.73595505618,-6.95034916250528,61,3
607.511111111111,226.444444444444,-5.94200485188953,66,3
609.036363636364,226.430303030303,-9.3143965296992,41,3
611.83615819209,227.463276836158,-16.2837695733468,74,3
613.415204678363,227.66081871345,-19.311377102291,36,3
616.3,228.482352941176,-16.6982759773939,69,3
618.612359550562,228.988764044944,-10.6427301724161,62,3
620.172413793103,229.580459770115,-9.99029670219598,40,3
622.787709497207,230.284916201117,-8.25488725075109,55,3
624.988372093023,230.563953488372,-16.4384188877625,51,3
628.063953488372,231.604651162791,-23.0801128740788,82,3
630.781065088757,232.502958579882,-21.6951084826194,75,3
632.42774566474,233.005780346821,-16.1470215209932,40,3
635.005649717514,233.751412429379,-10.6347904656117,70,3
635.978494623656,234.048387096774,-7.88626393816434,37,3
639.182795698925,234.741935483871,-7.01346743906956,74,3
642.627906976744,235.372093023256,-15.3508874562197,80,3
644.116959064327,235.754385964912,-17.2463326775539,43,3
647.229813664596,236.695652173913,-17.1576552258511,66,3
648.830188679245,237.081761006289,-14.8072447756999,38,3
651.672955974843,237.51572327044,-7.6246459868968,70,3
654.907284768212,238.264900662252,-4.55951475364557,68,3
656.993197278912,238.551020408163,-7.48006000711818,38,3
659.785234899329,239.167785234899,-16.3411124771045,64,3
661.148648648649,239.425675675676,-17.4582027858461,41,3
662.370629370629,240.335664335664,-26.0552032213762,47,3
662.777777777778,241.069444444444,-29.2151864347749,39,3
662.678321678322,241.104895104895,-29.387730648314,13,3
663.141935483871,241.961290322581,-32.5324924897564,28,3
663.327044025157,242.459119496855,-33.1663954025124,20,3
663.917197452229,243.095541401274,-38.1183684200797,30,3
664.675324675325,244.12987012987,-43.7641394285272,37,3
665.2,244.973333333333,-45.2750294993228,30,3
666.106382978723,246.45390070922,-44.3160859925608,43,3
666.182481751825,247.007299270073,-41.6221791712443,20,3
666.4,248.351724137931,-39.3066857403858,46,3
666.04375,248.6625,-44.2206508152143,35,3
NaN,NaN,NaN,160,3
401.43137254902,252.169934640523,-61.7328392469957,NaN,4
401.343949044586,252.057324840764,-63.8760413153974,20,4
401.329032258065,252.348387096774,-65.386197387621,24,4
401.096774193548,253.167741935484,-71.9590880807986,44,4
401.076433121019,253.490445859873,-78.1528326494551,30,4
400.815028901734,253.774566473988,41.2591019042217,60,4
399.164835164835,254.818681318681,23.846737176148,85,4
398.011834319527,255.065088757396,22.3347178877216,37,4
394.959770114943,256.080459770115,31.4474634081348,83,4
393.435294117647,256.864705882353,36.7137767271904,42,4
389.822580645161,258.822580645161,36.5062074937929,88,4
386.802955665025,260.261083743842,32.0386051773275,95,4
383.926829268293,261.939024390244,32.2783795862439,75,4
380.245033112583,264.059602649007,37.6668230521957,85,4
378.671052631579,265.105263157895,42.3217894142536,43,4
375.894736842105,266.514619883041,47.6941160173455,81,4
372.459016393443,268.169398907104,55.7386442143989,112,4
370.919075144509,269.196531791907,58.7543845429794,70,4
368.006896551724,272.565517241379,68.5776754058653,104,4
366.74358974359,274.730769230769,75.2425945816045,55,4
365.068181818182,277.238636363636,70.8483861925029,66,4
364.186170212766,279.797872340426,60.2345952287126,78,4
362.698795180723,282.21686746988,60.1694073917872,68,4
361.083333333333,284.544871794872,69.6087355394838,66,4
360.396449704142,286.757396449704,74.4552727130829,49,4
358.929411764706,290.123529411765,73.831041829605,73,4
357.818681318681,292.10989010989,70.5052240268231,58,4
357.030864197531,294.006172839506,66.502586065584,48,4
355.655844155844,296.662337662338,75.8120484406171,70,4
355.175757575758,298.187878787879,85.9359426264579,39,4
354.391025641026,301.724358974359,-87.9351157700774,73,4
354.036809815951,304.01226993865,84.9929410460256,49,4
353.975460122699,305.018404907975,80.6743341134517,30,4
353.579268292683,307.713414634146,76.8595205797624,63,4
353.27950310559,309.335403726708,77.7827562866942,33,4
353.111111111111,311.691358024691,89.4369839519499,55,4
353.076923076923,314.346153846154,-87.0182083079262,60,4
352.867924528302,315.74213836478,89.4760339880715,31,4
352.645569620253,317.879746835443,79.4274526285812,57,4
352.518072289157,318.710843373494,75.8962880368987,34,4
352.234567901235,321.172839506173,75.589079638461,64,4
351.761290322581,324.154838709677,83.9737029928318,63,4
351.630136986301,324.993150684931,87.8779180740532,31,4
351.27972027972,329.153846153846,89.5224557343612,77,4
351.148648648649,330.310810810811,85.122265506685,29,4
350.578313253012,331.692771084337,79.2177655829599,48,4
350.310126582278,334.898734177215,73.9643951230262,82,4
349.952054794521,336.787671232877,77.0981597631123,38,4
349.62676056338,338.978873239437,86.2626476260001,56,4
349.428571428571,340.974025974026,87.7448964164592,42,4
348.836734693878,344.462585034014,83.1759322156809,65,4
348.232704402516,346.176100628931,76.3188866165255,54,4
348.038461538462,347.230769230769,73.733198265911,41,4
347.275862068966,350.786206896552,73.1302999599689,69,4
346.966216216216,352.331081081081,78.5067313892374,35,4
346.3125,354.94375,87.8332716417826,72,4
345.51724137931,358.31724137931,84.0676075667784,69,4
345.278911564626,359.054421768707,78.9795046767236,22,4
344.664634146341,361.408536585366,73.915505272922,65,4
344.264150943396,362.955974842767,72.0319560348262,37,4
343.235294117647,366.37908496732,79.6486073407891,74,4
343.00641025641,368.846153846154,89.5912809482213,73,4
342.809523809524,370.374149659864,-88.6493780692603,37,4
342.597122302158,373.158273381295,88.8365780088899,56,4
342.452229299363,374.40127388535,85.7975902147182,34,4
342.145695364238,377.039735099338,81.7645458914375,64,4
341.965034965035,380.202797202797,86.7147111085267,58,4
342.043795620438,381.080291970803,-89.0663467136764,30,4
342.118055555556,384.152777777778,-83.1576746225875,65,4
342.227586206897,385.779310344828,-85.0250068690716,33,4
341.967948717949,388.121794871795,86.104602031368,57,4
341.859060402685,390.557046979866,80.9521647268375,61,4
341.804195804196,392.027972027972,79.8377870834457,28,4
341.573248407643,394.452229299363,85.5165928024973,56,4
341.618181818182,395.484848484848,87.2119599806095,30,4
341.445205479452,397.061643835616,-89.6643896166403,33,4
341.383116883117,397.285714285714,82.0437123145377,34,4
341.15243902439,397.024390243902,88.026740008264,28,4
341.166666666667,397.309523809524,-83.0526053118239,40,4
341.363636363636,397.575757575758,-79.4207179242883,23,4
341.760638297872,397.537234042553,-71.5839547218,53,4
342.741758241758,398.17032967033,-66.0408434109831,52,4
343.114130434783,398.271739130435,-62.5339096149042,26,4
343.700534759358,398.010695187166,-59.4662821158415,49,4
343.689839572193,397.844919786096,-58.6644880685172,26,4
344.598984771574,398.081218274112,-53.6274377826953,42,4
345.569230769231,398.276923076923,-44.6381485137602,54,4
346.195767195767,398.417989417989,-41.0654408140706,28,4
347.564766839378,398.497409326425,-38.1489771862496,62,4
348.114427860697,398.273631840796,-40.0249002616087,34,4
349.153409090909,399.193181818182,-34.172106973063,49,4
350.085106382979,399.425531914894,-28.7772681518559,36,4
350.131313131313,399.212121212121,-27.0308910455258,22,4
351.243781094527,399.383084577114,-20.850776408674,49,4
351.785340314136,399.513089005236,-17.8484504913263,26,4
354.813186813187,400.203296703297,-4.43508032693404,79,4
357.404494382022,400.443820224719,0.631880936182403,60,4
358.05291005291,400.322751322751,-2.00093014529896,25,4
360.321243523316,400.155440414508,-7.93777691040405,62,4
361.574358974359,400.010256410256,-14.8804612905994,44,4
365.521212121212,400.721212121212,-4.23288871257845,90,4
366.910112359551,400.601123595506,-0.367314901677392,45,4
367.263157894737,400.763157894737,-2.12835628849083,34,4
369.145161290323,400.854838709677,-1.11215986005276,52,4
369.713541666667,400.854166666667,-3.0874858640002,28,4
