410.266666666667,254.125,-70.173579682761,NaN,1
410.107438016529,253.702479338843,-69.9160831574592,7,1
410.140495867769,253.98347107438,-70.5013579759696,6,1
410.228813559322,253.923728813559,-69.7638447029751,7,1
410.223140495868,253.884297520661,-70.1014039038325,3,1
410.131147540984,253.770491803279,-70.7406134213556,5,1
410.09756097561,253.569105691057,-70.3212176759899,3,1
410.095238095238,253.587301587302,-70.443492733159,3,1
410.154471544715,253.658536585366,-70.2129659812559,3,1
410.095238095238,253.460317460317,-70.3994744354028,3,1
410.008,253.544,-71.2820631348848,7,1
410.054263565891,253.84496124031,-76.5082388592037,30,1
410.247933884298,254.206611570248,-85.6389414658024,28,1
410.207692307692,254.838461538462,57.7793021369186,51,1
408.677419354839,257.064516129032,51.2003914049172,62,1
407.833333333333,257.733333333333,55.2530196642821,28,1
406.142857142857,259.766917293233,63.4226821299,71,1
405.088235294118,260.676470588235,68.9784540054513,47,1
403.226890756303,265.294117647059,59.7737433767544,87,1
402.016393442623,267.409836065574,65.7405402806804,55,1
400.872727272727,269.190909090909,79.129211560989,44,1
400.077669902913,271.572815533981,89.6297608514982,55,1
399.88,273.59,-89.4593107218161,33,1
400.053571428571,275.508928571429,85.8725275130071,46,1
399.882882882883,277.792792792793,89.1895462502969,49,1
399.928571428571,279.744897959184,-86.0003181508017,29,1
399.959183673469,281.877551020408,-84.7839390374893,34,1
400.018348623853,282.495412844037,-87.393928457558,19,1
400.288461538462,285,86.1302629557018,49,1
400.660194174757,287.126213592233,86.8567615433412,47,1
400.653465346535,288.168316831683,-87.61258404237,24,1
400.960784313725,290.313725490196,-77.7839749943186,51,1
401.357798165138,292.256880733945,-75.1976886497655,37,1
401.864077669903,294.553398058252,-76.669869092575,48,1
402.495652173913,296.513043478261,-81.7781804865742,56,1
402.864864864865,297.756756756757,-82.457347797734,28,1
403.485714285714,300.219047619048,-78.0058207722768,52,1
403.927927927928,301.468468468468,-75.8974481171779,28,1
404.407079646018,304.070796460177,-72.8140831292492,56,1
404.990825688073,306.577981651376,-77.7292267850124,54,1
405.447619047619,308.133333333333,-79.0796843609253,30,1
406.265486725664,310.12389380531,-74.6670362257892,60,1
406.720338983051,311.35593220339,-67.9782611945471,35,1
407.704347826087,313.765217391304,-60.7483403329705,61,1
409.034782608696,316.295652173913,-63.9176856651078,68,1
409.53982300885,317.327433628319,-64.1665212434475,30,1
411.257425742574,320.455445544554,-65.6076465835591,58,1
411.906542056075,321.551401869159,-64.2397254322316,30,1
413.070175438596,323.429824561404,-56.1856249493007,51,1
414.424778761062,325.911504424779,-53.9709237646101,61,1
415.252427184466,326.902912621359,-53.6427823970725,32,1
416.936842105263,330.347368421053,-65.5208774099127,62,1
417.431578947368,331.421052631579,-63.5796486276119,20,1
418.4,332.736363636364,-58.0154486818497,43,1
419.419642857143,334.508928571429,-54.2957886824883,54,1
420.504854368932,336.21359223301,-52.7291731759532,31,1
421.725490196078,338.21568627451,-60.9298305621708,49,1
422.357798165138,339.633027522936,-64.6108697749538,31,1
424.145631067961,342.52427184466,-63.7166656061605,54,1
424.882882882883,343.432432432432,-58.247414097433,36,1
425.468468468468,344.477477477477,-55.9236770436109,28,1
427.091836734694,346.959183673469,-55.1715559658719,49,1
427.821782178218,348.09900990099,-62.8187218947461,23,1
428.617647058824,349.950980392157,-62.2454960376665,43,1
430.329787234043,352.446808510638,-58.950385164677,46,1
430.782178217822,353.009900990099,-54.3490303035523,25,1
431.969387755102,354.795918367347,-50.6813640546169,49,1
432.557692307692,355.75,-51.2558113905235,20,1
433.761467889908,357.266055045872,-60.5418806972051,45,1
435.483146067416,360.370786516854,-64.3773766195004,58,1
435.915789473684,361.294736842105,-61.6968941825984,22,1
437.078431372549,362.774509803922,-55.9502422840645,43,1
437.304761904762,363.180952380952,-54.3663108511955,19,1
438.86170212766,365.691489361702,-48.3342037548091,51,1
440.208333333333,367.416666666667,-56.8019313726489,42,1
441.242105263158,368.768421052632,-59.9809313309999,29,1
442.898876404494,371.38202247191,-55.4276998485486,48,1
443.451612903226,372.010752688172,-49.4002486674269,18,1
444.4,373.031578947368,-46.7176107349535,44,1
428.698275862069,389.405172413793,0.0460286842148497,166,1
428.666666666667,389.47311827957,0.800593644212265,85,1
431.536231884058,389.768115942029,-1.13635793191826,115,1
436.761904761905,389.738095238095,3.55583976404003,93,1
448.237837837838,384.989189189189,31.0363929299256,95,1
450.146464646465,385.767676767677,6.50112758517658,79,1
448.518181818182,386.990909090909,9.1131375248233,66,1
449.990990990991,387.572072072072,4.66520438200176,80,1
451.772727272727,387.218181818182,4.44147468601948,54,1
455.057803468208,387.919075144509,-13.0718671608943,89,1
438.733333333333,389.966666666667,-6.12995460469718,85,1
436.47619047619,389.666666666667,-2.80481062557782,45,1
456.612021857923,388.628415300546,-2.09980405715027,80,1
456.652582159624,388.535211267606,-1.46926710849455,44,1
459.259803921569,388.563725490196,-5.63756801624303,67,1
460.264248704663,389.170984455959,-3.73811558216872,59,1
460.69587628866,389.128865979381,-3.54437760704066,21,1
462.275132275132,389.026455026455,-2.81420843174008,53,1
462.957219251337,389.149732620321,-2.77570739314235,32,1
466.412790697674,389.261627906977,-0.104812877280835,73,1
NaN,NaN,NaN,172,1
384.8,233.807407407407,-1.46359713078737,NaN,2
384.776923076923,233.953846153846,-1.26054400019648,9,2
384.720930232558,233.93023255814,-2.03508841732289,5,2
384.563909774436,233.90977443609,-2.35662257621484,6,2
384.656488549618,233.847328244275,-1.89990334957788,6,2
384.651851851852,233.874074074074,-2.41150167378253,6,2
384.664122137405,233.801526717557,-2.36215505910524,6,2
384.738461538462,233.753846153846,-2.47244268637756,5,2
384.5078125,233.7578125,-2.77484526993216,8,2
384.370078740157,233.818897637795,-2.96978407702821,5,2
384.587786259542,233.847328244275,-2.18520143988751,6,2
384.364341085271,233.945736434109,-2.64125511071821,8,2
384.469696969697,233.825757575758,-2.26677366277359,7,2
384.578947368421,233.954887218045,-1.76627427028645,9,2
384.46511627907,233.906976744186,-1.7868187999632,4,2
384.615384615385,233.892307692308,-1.63535941579747,3,2
384.719696969697,233.742424242424,-2.02112192289081,8,2
384.70802919708,234,-1.93861630612866,11,2
384.6,233.940740740741,-1.60417438522214,4,2
384.735294117647,233.772058823529,-1.37801654870328,9,2
384.526315789474,233.864661654135,-1.10383848025734,5,2
384.900763358779,233.709923664122,-4.12513223634359,14,2
385.036764705882,233.75,-3.09966265435466,11,2
384.77304964539,234.021276595745,-3.07529113472205,19,2
384.798507462687,233.873134328358,-1.15754978327856,17,2
384.582089552239,233.850746268657,-1.53068573737711,6,2
384.640625,233.5546875,-3.42340219849328,12,2
384.4140625,233.65625,-5.63978259192629,22,2
384.745901639344,233.688524590164,-6.91078687293797,20,2
384.816666666667,233.7,-7.00860611294846,14,2
384.588709677419,233.58064516129,-8.60534512175116,12,2
383.495726495727,233.547008547009,-11.4428455164964,23,2
382.98275862069,233.448275862069,-16.62651610284,13,2
381.777777777778,233.027777777778,-22.2856274180362,26,2
381.3125,232.9375,-20.9264656226142,22,2
381.236842105263,232.789473684211,-18.6529197584262,14,2
380.468468468468,232.486486486486,-20.7713325903131,17,2
380,232.321428571429,-19.3017470312414,15,2
379.135135135135,231.918918918919,-18.980949526479,21,2
378.532110091743,231.605504587156,-23.3973756210044,16,2
378.207207207207,231.342342342342,-28.2910562604026,14,2
377.982905982906,231.051282051282,-29.8336000743019,12,2
377.429824561404,230.859649122807,-35.3768220827568,23,2
376.413793103448,230.181034482759,-38.4934479216701,30,2
375.74358974359,229.769230769231,-38.0136804293633,23,2
375.173553719008,229.586776859504,-36.4436343488734,16,2
374.298387096774,228.774193548387,-34.7249520665381,21,2
374.048,228.672,-33.2084890430423,17,2
373.467741935484,228.072580645161,-32.7197585947846,29,2
372.333333333333,227.108333333333,-38.9137358797937,32,2
371.808695652174,226.513043478261,-40.4514558602542,19,2
370.8,225.436363636364,-46.7407639924559,35,2
370.07476635514,224.81308411215,-52.8313832285716,21,2
369.245762711864,224.14406779661,-51.8544573578349,31,2
368.260869565217,222.904347826087,-49.7784341575895,29,2
367.955357142857,222.607142857143,-47.1423912319431,15,2
367.059829059829,221.65811965812,-48.4689311620745,33,2
366.589285714286,220.785714285714,-47.899638609651,21,2
365.666666666667,219.603603603604,-51.1011953015912,29,2
364.709090909091,218.227272727273,-61.8070569370926,31,2
364.442477876106,218.035398230089,-58.2274658794301,19,2
362.981818181818,215.772727272727,-59.9030007489652,43,2
362.630630630631,215.36036036036,-57.5076054921349,11,2
361.789915966387,214.151260504202,-54.0299733401808,36,2
360.890756302521,212.655462184874,-53.0726702034263,36,2
360.267857142857,211.901785714286,-53.0141591836025,16,2
359.227272727273,210.081818181818,-60.9468034098969,43,2
358.722222222222,209.296296296296,-63.3643276153991,22,2
357.735294117647,207.549019607843,-66.076399316265,38,2
356.963963963964,206.144144144144,-63.3608962291604,25,2
356.561904761905,205.457142857143,-60.2906973962214,16,2
355.581818181818,203.709090909091,-57.8260425754599,37,2
355.176991150442,202.805309734513,-57.6516385248743,25,2
354.473214285714,201.553571428571,-59.49136930398,29,2
353.247524752475,199.366336633663,-66.1155328472266,45,2
352.694444444444,198.555555555556,-66.2710162367803,15,2
351.918918918919,197.396396396396,-61.5702232024077,27,2
351.53982300885,196.566371681416,-59.9826003363064,18,2
350.617391304348,194.852173913043,-56.6776076027106,36,2
349.8,193.226086956522,-53.2106841932674,44,2
349.125,192.196428571429,-55.6093669398328,21,2
348.060869565217,190.478260869565,-60.796777670381,35,2
347.37037037037,189.203703703704,-65.0805264985443,25,2
346.490740740741,187.87962962963,-64.2855285544968,32,2
345.823008849558,186.46017699115,-59.9595920549957,29,2
345.219298245614,185.675438596491,-57.608243879232,19,2
344.304347826087,183.860869565217,-54.6322042445734,37,2
344.008620689655,183.275862068966,-54.4879996484442,21,2
343.068376068376,181.709401709402,-57.6623043290822,33,2
341.963302752294,179.798165137615,-61.3016897705799,40,2
341.451923076923,179.105769230769,-62.0144119764105,15,2
340.362068965517,177.293103448276,-58.3298288470595,40,2
339.917355371901,176.669421487603,-57.1788697572689,17,2
338.909090909091,175.140495867769,-53.2604445149585,36,2
338.254098360656,173.786885245902,-54.4875183603538,33,2
337.386554621849,172.563025210084,-58.3543701202744,25,2
NaN,NaN,NaN,119,2
379.739837398374,244.089430894309,19.9154589059705,NaN,3
379.641666666667,244.216666666667,18.8268876966456,9,3
379.606557377049,244.114754098361,19.5386214866949,8,3
379.572580645161,244.145161290323,18.7697325473488,8,3
379.629032258065,244.145161290323,18.5444601315282,2,3
379.650793650794,244.206349206349,20.2331407550097,4,3
379.847457627119,244.347457627119,18.1108095228479,14,3
379.959016393443,244.237704918033,17.4822087742047,4,3
379.801587301587,244.103174603175,17.5869317012142,8,3
380.8,243.379310344828,22.0696410319334,27,3
380.768707482993,243.408163265306,20.4327556263906,10,3
380.574324324324,243.202702702703,23.94758279979,29,3
380.803921568627,243.137254901961,26.8617713592097,25,3
380.41610738255,242.979865771812,63.0957406383839,66,3
379.850340136054,243.952380952381,72.5854271183728,60,3
379.027027027027,245.398648648649,71.4209196933853,37,3
377.072580645161,249.322580645161,51.3341687220987,80,3
376.674074074074,250.02962962963,44.3933352540478,33,3
374.704918032787,251.303278688525,24.0338175379007,73,3
372.258333333333,252.116666666667,16.6231196329533,52,3
371.208333333333,252.166666666667,19.2276396704718,30,3
369.375,252.328125,23.5049708745792,40,3
368.603053435115,252.541984732824,25.7648054976941,23,3
366.853846153846,252.892307692308,19.6063052154136,35,3
365.419117647059,253.176470588235,12.8432448486444,30,3
364.354330708661,253.503937007874,6.33561721356987,29,3
362.887096774194,253.524193548387,-0.449991760175933,37,3
361.769230769231,253.555555555556,-4.38052676697636,21,3
360.153846153846,253.57264957265,-5.86779315411023,32,3
358.389380530973,253.274336283186,-7.36906353823215,34,3
358.034482758621,253.26724137931,-6.24744061722278,13,3
356.572727272727,253.154545454545,-1.49636598051563,32,3
356.247863247863,253.051282051282,-1.74179258921444,15,3
355.217391304348,252.921739130435,1.39124534896535,26,3
353.905982905983,252.803418803419,6.42723844568916,34,3
353.166666666667,252.608333333333,8.684834035916,19,3
351.965517241379,252.560344827586,15.6248545681824,28,3
351.447368421053,252.657894736842,14.6155321693584,18,3
350.176991150442,252.946902654867,15.5566798314316,23,3
349.638655462185,252.873949579832,17.8080175492768,18,3
349.555555555556,252.785714285714,17.4984399481364,17,3
348.218487394958,252.983193277311,15.3248112445846,25,3
347.848,253.04,16.7873276707153,10,3
346.816666666667,253.208333333333,15.261994462927,21,3
345.618181818182,253.509090909091,16.2007571961404,22,3
345.474137931034,253.48275862069,16.5507490948489,8,3
344.747899159664,253.680672268908,19.5163867626247,17,3
344.310344827586,253.862068965517,18.2022144957796,11,3
343.743362831858,253.982300884956,22.2591904752015,13,3
342.834782608696,254.173913043478,23.261473283642,28,3
342.726495726496,254.153846153846,21.6567608849762,14,3
341.933333333333,254.533333333333,23.0779516187941,15,3
341.508771929825,254.798245614035,23.962962612951,14,3
340.939130434783,254.95652173913,26.7061490462304,19,3
340.21186440678,255.296610169492,27.1574195779419,15,3
339.869565217391,255.539130434783,26.950230184929,11,3
339.309734513274,255.752212389381,26.1737975715887,12,3
339.234782608696,255.791304347826,26.8377949555813,6,3
338.686956521739,255.982608695652,26.426677760259,12,3
338.294117647059,256.378151260504,26.5369402452198,16,3
338.352459016393,256.393442622951,27.9389256911285,5,3
337.813008130081,256.723577235772,31.006237367759,17,3
337.627118644068,257.025423728814,30.8940856852668,9,3
337.102564102564,257.316239316239,36.228010075028,17,3
336.865546218487,257.554621848739,40.3371760734899,24,3
336.508620689655,257.827586206897,45.0217240374548,9,3
336.027027027027,258.522522522523,48.0019812971952,29,3
335.372727272727,259.136363636364,56.4869754012698,15,3
334.971698113208,259.688679245283,58.502270475213,14,3
334.422018348624,260.403669724771,57.546145518981,19,3
334.275229357798,260.550458715596,57.475098745017,8,3
334,260.770642201835,55.1891992486582,12,3
333.974789915966,260.974789915966,55.5882376442809,10,3
333.7,261.633333333333,55.1438460997064,17,3
333.142857142857,262.446428571429,53.9646891395049,22,3
333.017699115044,262.769911504425,55.3921187612278,11,3
332.530973451327,263.566371681416,60.5367513689364,20,3
332.504672897196,263.915887850467,59.6720479350495,12,3
332.064814814815,264.787037037037,62.5232986027807,19,3
331.409523809524,265.838095238095,70.8484890532163,21,3
331.278846153846,266.375,73.4289877093943,11,3
330.971698113208,266.877358490566,70.4046430512576,14,3
330.669902912621,267.631067961165,68.4729426550974,15,3
330.472222222222,267.87962962963,69.0197524842977,11,3
330.330357142857,268.366071428571,66.5915834940272,12,3
330.149122807018,268.543859649123,65.889812290391,14,3
329.966101694915,269.093220338983,64.3178148729265,18,3
329.946428571429,269.3125,63.7366679600104,6,3
329.619469026549,269.920353982301,64.877006094878,15,3
329.333333333333,270.441441441441,63.8175848852636,14,3
328.936936936937,271.162162162162,63.7635923400253,14,3
328.736842105263,271.517543859649,64.0882309277269,17,3
328.660550458716,271.889908256881,64.9553068411082,7,3
328.22641509434,272.490566037736,68.7293242607149,19,3
327.932692307692,272.971153846154,66.4596455186725,12,3
327.85046728972,273.271028037383,66.8356444601832,7,3
327.314285714286,274,68.9202684391436,12,3
327.375,274.076923076923,67.4374887799152,5,3
327.138888888889,274.5,65.3398062633207,10,3
326.869158878505,274.803738317757,66.80294105515,13,3
326.803738317757,274.81308411215,65.9116733961572,2,3
326.636363636364,275.481818181818,66.4798548368108,13,3
326.605504587156,275.56880733945,66.2631668648611,1,3
326.446428571429,275.964285714286,67.3373986760936,9,3
326.263636363636,276.218181818182,65.9999826781495,14,3
326.089285714286,276.482142857143,65.5599297841203,6,3
326.009009009009,276.648648648649,65.4085302563749,9,3
326,276.846846846847,65.3407212590471,4,3
325.871794871795,277.025641025641,64.3764218826514,8,3
325.765765765766,277.459459459459,64.8587538064979,8,3
325.681818181818,277.636363636364,66.1595872969786,3,3
325.495412844037,278.02752293578,67.2555007286014,11,3
325.414414414414,278.306306306306,66.405502655659,6,3
325.222222222222,278.583333333333,66.5110921524686,11,3
324.963302752294,278.990825688073,65.2324347476094,9,3
325,279.138888888889,65.706039658236,5,3
324.823008849558,279.637168141593,66.1294108447084,11,3
324.745454545455,279.627272727273,65.7952373357102,5,3
324.621621621622,280.198198198198,66.1642776742322,9,3
324.535714285714,280.357142857143,67.3404668612926,5,3
324.477064220183,280.54128440367,65.6811659727706,9,3
324.345454545455,280.890909090909,67.5603173045832,7,3
324.324074074074,281.018518518519,67.7642136372109,2,3
324.144144144144,281.27027027027,65.605812233715,13,3
324.099099099099,281.36036036036,64.9065818185129,2,3
323.990909090909,281.709090909091,65.7039697182118,7,3
323.927272727273,281.8,66.0482994940988,6,3
323.917431192661,282.02752293578,65.8452258122503,9,3
323.754545454545,282.436363636364,67.4216984292316,7,3
323.761467889908,282.577981651376,65.8792026640645,5,3
323.761467889908,282.577981651376,65.8792026640645,0,3
323.741071428571,282.651785714286,66.6252020789658,3,3
323.736363636364,282.754545454545,66.0815572472183,2,3
323.678571428571,282.883928571429,66.1009633523868,2,3
323.654867256637,282.955752212389,66.2756260077689,1,3
323.654867256637,282.955752212389,66.2756260077689,0,3
323.576576576577,283.072072072072,66.6309634832125,2,3
323.648648648649,283.108108108108,66.1366578274545,4,3
323.675438596491,283.114035087719,66.9385683401951,5,3
323.614035087719,283.228070175439,67.1028235490291,4,3
323.531531531532,283.405405405405,66.9624316077544,3,3
323.481481481481,283.490740740741,67.6034001510499,5,3
323.552631578947,283.40350877193,66.8842456919469,6,3
323.410714285714,283.392857142857,66.5945894662312,4,3
323.166666666667,283.794117647059,67.6025922213964,10,3
323.228571428571,283.561904761905,67.7713432626191,3,3
323.056074766355,283.710280373832,66.2144884823046,6,3
323.133333333333,283.685714285714,67.4519615059329,4,3
323.009433962264,283.877358490566,66.6767582307467,3,3
322.935185185185,283.935185185185,66.3588974757434,4,3
322.898148148148,284.046296296296,66.4031702215935,4,3
322.759259259259,284.194444444444,66.4970228755574,4,3
322.719626168224,284.383177570093,67.1756731456492,3,3
322.719626168224,284.485981308411,67.0353235167769,2,3
322.807339449541,284.357798165138,66.27972041911,2,3
322.790909090909,284.436363636364,66.8090156402712,3,3
322.757009345794,284.607476635514,66.7048393022416,3,3
322.775700934579,284.607476635514,66.4930949190667,4,3
322.733944954128,284.724770642202,66.3436253834676,6,3
322.763636363636,284.754545454545,66.5529193594259,1,3
322.827272727273,284.681818181818,67.0070385489746,4,3
NaN,NaN,NaN,110,3
376.234375,247.1640625,22.0205749125173,NaN,4
376.212598425197,247.196850393701,21.7721648082439,3,4
376.08,247.272,21.4888734239941,6,4
376.228346456693,247.196850393701,21.8865580529229,6,4
376.055118110236,247.267716535433,21.3902384020382,8,4
376.1484375,247.2109375,22.1731535524982,3,4
376.110236220472,247.204724409449,21.6770591689504,5,4
376.2265625,247.234375,21.2284161699234,5,4
376.2,247.415384615385,22.0067703700651,8,4
376.358778625954,247.18320610687,22.2626915208289,9,4
376.15625,247.28125,22.0419585167459,7,4
376.25,247.296875,21.778842371972,6,4
376.368,247.304,22.1662024316624,5,4
376.1640625,247.2734375,21.5761447778611,5,4
376.294573643411,247.193798449612,21.7279497523654,3,4
376.165354330709,247.370078740157,22.0464686744177,6,4
376.2421875,247.2890625,21.7649049742857,5,4
376.3046875,247.2421875,20.5713241865494,6,4
376.4140625,247.2421875,21.7039630375936,6,4
376.421875,247.3046875,21.4357402607586,4,4
376.549618320611,247.175572519084,22.0086868284247,7,4
376.496240601504,247.067669172932,22.0913446335224,10,4
376.867132867133,246.797202797203,20.9432679523404,18,4
377.092105263158,246.638157894737,18.0409924424831,29,4
377.006535947712,246.346405228758,19.4338137736364,27,4
376.413793103448,246.103448275862,51.0884802172723,56,4
376.45390070922,245.900709219858,73.8471425955876,38,4
375.980519480519,245.857142857143,83.7572395256222,79,4
375.098159509202,248.527607361963,77.1556043679746,71,4
374.247933884298,252.115702479339,63.8832925996192,76,4
372.495575221239,255.362831858407,57.9367791842984,72,4
371.555555555556,256.907407407407,63.6075090978191,35,4
370.259615384615,259.086538461538,81.8531140522626,48,4
369.514018691589,261.327102803738,-82.4563453305042,49,4
369.409090909091,262.263636363636,-77.9625059257817,23,4
369.182608695652,264.113043478261,-69.0822838784364,45,4
369.1,265.033333333333,-65.5078066518097,27,4
369.51282051282,266.470085470085,-66.3385119442264,27,4
370.572815533981,268.019417475728,-67.2685918119061,38,4
370.990384615385,268.817307692308,-63.9348959064938,17,4
371.933333333333,270.571428571429,-54.2438728052379,39,4
372.490909090909,271.036363636364,-54.5903414726043,21,4
373.530434782609,271.84347826087,-57.1595225093068,31,4
374.686956521739,272.84347826087,-64.4461844485903,34,4
375.216216216216,273.459459459459,-66.5136775402155,22,4
376.274509803922,275.470588235294,-75.1784629730138,45,4
376.650485436893,276.47572815534,-75.6424700345822,21,4
377.474226804124,278.979381443299,-77.0745637998858,36,4
377.950980392157,280.460784313725,-72.5130309510198,27,4
378.203883495146,281.145631067961,-68.4307777868482,17,4
378.583333333333,282.435185185185,-62.1643037997982,29,4
378.75,283.160714285714,-62.0260312015214,18,4
379.285714285714,284.232142857143,-64.0513633275602,28,4
379.884955752212,285.920353982301,-65.9755726111129,35,4
380.252252252252,286.765765765766,-68.1421386416609,18,4
380.837837837838,288.513513513513,-70.3981975323538,32,4
381.18018018018,289.432432432432,-71.0130598755772,16,4
381.839285714286,290.901785714286,-69.8883440848979,29,4
382.372727272727,292.572727272727,-62.1332756380659,30,4
382.598039215686,293.029411764706,-58.2995721995281,14,4
383.185185185185,294.388888888889,-56.3124264611402,28,4
383.58407079646,295.283185840708,-56.8471828079049,23,4
384.256880733945,296.788990825688,-59.4835347366603,28,4
385.247619047619,298.542857142857,-64.3044246640919,34,4
385.764150943396,299.490566037736,-65.7964766990682,17,4
386.575471698113,300.622641509434,-64.7321767725213,26,4
386.772727272727,301.181818181818,-64.6527493741076,14,4
387.357142857143,302.223214285714,-60.5370461972856,24,4
387.87610619469,303.504424778761,-59.4811290439693,33,4
388.183486238532,304.091743119266,-57.522885114521,16,4
389.027027027027,305.792792792793,-62.407696538783,36,4
389.495327102804,306.971962616822,-65.2131171824336,24,4
390.421568627451,308.901960784314,-71.7341151214586,35,4
391.039603960396,310.60396039604,-69.4548609597599,29,4
391.313725490196,310.882352941176,-68.7703980940584,11,4
392.075471698113,312.518867924528,-64.7756834257448,34,4
392.463636363636,313.072727272727,-62.6572904499634,18,4
392.894736842105,314.377192982456,-60.2412762809062,32,4
393.780701754386,316.421052631579,-62.2520577533513,38,4
394.131578947368,317.280701754386,-66.1213761027693,18,4
394.914285714286,319.361904761905,-68.3460387411829,37,4
395.427184466019,320.194174757282,-68.117697013146,16,4
396.1,321.409090909091,-63.6436129930651,29,4
396.836206896552,322.448275862069,-59.6746916639709,28,4
397.175438596491,323.429824561404,-57.895869400608,20,4
397.96261682243,324.841121495327,-53.3154348203132,33,4
398.483050847458,325.652542372881,-55.2011687785623,21,4
399.452830188679,327.5,-61.8808928495952,36,4
400.415841584158,329.237623762376,-65.5626159887467,33,4
400.981308411215,330.009345794393,-65.5983194775336,22,4
401.728155339806,331.04854368932,-62.1107022446757,22,4
402.151785714286,331.8125,-61.1817633833865,15,4
403.076190476191,333.152380952381,-58.7861292051657,31,4
403.675438596491,334.254385964912,-57.3624165210531,31,4
404.383177570093,335.467289719626,-58.095672174949,23,4
405.05,336.67,-60.0934933281588,25,4
405.353535353535,337.525252525253,-61.438068151997,15,4
406.387755102041,338.989795918367,-65.1180666078685,35,4
406.990099009901,340.277227722772,-63.417561820411,25,4
407.4,340.914285714286,-62.0566091858356,18,4
408.100917431193,341.862385321101,-60.0947998566987,30,4
408.551401869159,342.915887850467,-57.0764289400194,18,4
409.179245283019,344.264150943396,-59.2134852974373,27,4
409.915887850467,345.691588785047,-58.6912641449679,35,4
410.32,346.41,-61.743141660749,13,4
411.326732673267,348.29702970297,-67.3060650852842,31,4
411.627450980392,348.941176470588,-67.2709747515196,17,4
412.459183673469,350.244897959184,-66.3942767048564,28,4
413.019801980198,351.653465346535,-61.0775815366203,25,4
413.320754716981,352.122641509434,-59.8168236811405,15,4
413.951923076923,353.394230769231,-58.824291026825,30,4
414.326732673267,354.09900990099,-57.3932797313565,15,4
415.194174757282,355.815533980583,-61.7165753943332,34,4
416.010204081633,357.551020408163,-64.5378736629514,35,4
416.628865979381,358.577319587629,-64.4672281470179,17,4
417.211538461538,359.740384615385,-62.9763122768518,23,4
417.5,360.179245283019,-61.1516946715575,10,4
418.356435643564,361.663366336634,-55.572931987608,29,4
419.19,363.26,-54.7419280887307,31,4
419.623762376238,364.09900990099,-54.8443182468768,18,4
420.161290322581,365.064516129032,-55.9714188223328,25,4
420.621052631579,366.010526315789,-58.9875393378587,20,4
421.673913043478,367.815217391304,-62.4960477235484,31,4
422.68085106383,369.234042553192,-58.5889175012428,30,4
422.864583333333,369.416666666667,-56.9128002882968,12,4
423.490196078431,370.480392156863,-54.9339853383311,30,4
424.028846153846,371.211538461538,-51.9794243462293,18,4
425,372.52,-50.5303136476717,28,4
425.73,373.88,-51.2230181539582,30,4
426.536082474227,374.742268041237,-55.5210376349195,17,4
428,376.934782608696,-62.8316267492529,37,4
428.5,377.715909090909,-60.2808603488277,16,4
428.897959183673,378.040816326531,-57.1025028800255,24,4
NaN,NaN,NaN,98,4
NaN,NaN,NaN,0,4
NaN,NaN,NaN,0,4
NaN,NaN,NaN,0,4
NaN,NaN,NaN,0,4
NaN,NaN,NaN,0,4
NaN,NaN,NaN,0,4
NaN,NaN,NaN,0,4
NaN,NaN,NaN,0,4
NaN,NaN,NaN,0,4
NaN,NaN,NaN,0,4
NaN,NaN,NaN,0,4
NaN,NaN,NaN,0,4
NaN,NaN,NaN,0,4
NaN,NaN,NaN,0,4
NaN,NaN,NaN,0,4
NaN,NaN,NaN,0,4
NaN,NaN,NaN,0,4
NaN,NaN,NaN,0,4
378.276785714286,248.821428571429,-88.3800043326493,NaN,5
378,249.226890756303,81.8509810154176,37,5
377.642276422764,250.731707317073,34.7352139836189,58,5
376.537190082645,251.520661157025,29.8773859472902,46,5
374.732283464567,252.488188976378,33.5197572132851,62,5
373.659090909091,252.931818181818,41.4788943258568,37,5
371.708333333333,254.541666666667,52.0234999945145,52,5
370.350427350427,255.91452991453,67.654526308541,45,5
369.974789915966,256.705882352941,73.4118253713959,20,5
369.308333333333,258.35,82.2305064191087,35,5
368.885245901639,259.024590163934,87.3946058007925,18,5
369.088495575221,260.389380530973,86.3434767897105,31,5
369.116071428571,261.3125,84.6714995008489,19,5
369.196428571429,262.080357142857,85.721026627971,14,5
369.317757009346,264.065420560748,89.8801413318593,31,5
369.351351351351,264.765765765766,-88.4560411949745,20,5
369.6875,266.928571428571,-82.8734358961965,31,5
370.196428571429,268.946428571429,-70.3100399159132,36,5
370.491228070175,269.482456140351,-67.2685085517035,12,5
371.222222222222,270.752136752137,-63.7448226917351,29,5
371.504273504273,271.34188034188,-60.9346668942217,16,5
372.263157894737,272.675438596491,-62.4079315356594,27,5
373.214285714286,274.321428571429,-63.0784469496702,30,5
373.441441441441,275.153153153153,-65.1476116418592,17,5
374.232142857143,276.5625,-68.247843559172,27,5
374.669724770642,276.990825688073,-69.2853487703314,11,5
375.34693877551,278.673469387755,-76.1516534565958,29,5
375.857142857143,279.969387755102,-77.5606804382615,26,5
375.958333333333,280.229166666667,-77.0625288630183,8,5
376.520833333333,282.010416666667,-74.289922019061,24,5
376.765957446808,282.436170212766,-73.0102498319253,10,5
377.21875,283.302083333333,-70.9229721546364,22,5
377.398148148148,283.805555555556,-69.536971164429,16,5
377.731481481481,284.657407407407,-66.6432806112576,16,5
378.103773584906,285.735849056604,-63.2507736089727,26,5
378.519607843137,286.43137254902,-64.1959976343014,14,5
378.817307692308,287.413461538462,-63.0370027686768,24,5
379.480392156863,288.705882352941,-63.9981956951013,28,5
379.990196078431,289.578431372549,-66.5026693787162,14,5
380.543689320388,290.553398058252,-62.8097157945839,21,5
380.839622641509,291.235849056604,-62.8761483377244,11,5
381.508771929825,292.043859649123,-58.5206896994381,20,5
382.017094017094,292.871794871795,-52.3760229594027,27,5
382.401709401709,293.649572649573,-48.9136720181831,14,5
382.911504424779,294.407079646018,-47.9463190237365,24,5
383.05,294.475,-47.7480741281384,17,5
383.882352941176,295.663865546218,-47.772555696904,25,5
384.948275862069,296.905172413793,-51.1313740056537,27,5
385.521739130435,297.686956521739,-52.2610152945218,17,5
386.252252252252,298.459459459459,-54.0458413250327,18,5
386.855855855856,299.495495495496,-55.5844709918873,22,5
387.740740740741,300.490740740741,-52.173489900014,23,5
388.188034188034,301.017094017094,-50.8686679598916,19,5
388.426086956522,301.295652173913,-49.7554773291508,14,5
389.447368421053,302.578947368421,-46.9045772452071,29,5
389.834782608696,302.913043478261,-47.2890331122527,15,5
390.827272727273,304.027272727273,-50.6519405056798,23,5
391.961904761905,305.419047619048,-54.367864581397,31,5
392.615384615385,306.326923076923,-59.6798683466452,15,5
393.425742574257,307.19801980198,-56.7471124527498,23,5
393.73786407767,307.718446601942,-56.9794382779023,10,5
394.358490566038,308.575471698113,-53.7402185442299,19,5
394.964601769911,309.300884955752,-50.9036256179602,21,5
395.300884955752,309.761061946903,-49.8841279560467,14,5
396.106194690266,310.743362831858,-48.1496200248747,20,5
396.464285714286,311.232142857143,-48.3294856258778,17,5
397.169642857143,312.339285714286,-49.2458988098745,24,5
398.009345794393,313.383177570093,-52.0571692983917,25,5
398.383928571429,313.866071428571,-53.8626698893107,13,5
399.327102803738,315.140186915888,-55.0407572529938,25,5
399.741071428571,315.491071428571,-52.582809793442,15,5
400.429824561404,316.201754385965,-47.9047991744915,20,5
401.042372881356,316.966101694915,-45.6167513244713,24,5
401.245762711864,317.28813559322,-43.0699658373196,10,5
402.222222222222,318.461538461538,-42.2397242474649,35,5
402.725663716814,318.991150442478,-42.9365121325367,14,5
403.534482758621,319.75,-46.9958616337637,27,5
404.394736842105,320.631578947368,-47.6425096856101,26,5
404.864864864865,321.063063063063,-48.7863788656823,11,5
406.037037037037,322.564814814815,-53.3351495616343,33,5
406.509433962264,323.047169811321,-50.7279506751163,14,5
407.272727272727,323.8,-48.3478152171574,22,5
407.84347826087,324.373913043478,-47.1264377079012,19,5
408.224137931034,324.818965517241,-45.7222581144942,13,5
408.719008264463,325.520661157025,-46.1992867902413,23,5
409.300884955752,326.12389380531,-45.1153687169864,12,5
410.159292035398,327.336283185841,-48.129660569453,26,5
411.027777777778,328.351851851852,-48.9110304351315,25,5
411.481132075472,328.801886792453,-51.3803845962001,12,5
412.207547169811,329.830188679245,-52.5730895073936,22,5
412.913461538462,330.548076923077,-49.7490158762413,16,5
413.490909090909,331.254545454545,-47.9383003417767,20,5
413.912280701754,331.824561403509,-47.5151602985865,22,5
414.460869565217,332.486956521739,-46.2318730041277,15,5
414.931623931624,332.931623931624,-43.3623484599036,18,5
415.550458715596,333.669724770642,-43.9792534971072,22,5
416.207207207207,334.495495495496,-46.4089633806767,24,5
417.084112149533,335.336448598131,-51.7357623406426,22,5
417.481481481481,336.055555555556,-51.6426203707843,21,5
418.425742574257,337.069306930693,-52.2730941410771,25,5
418.902912621359,337.669902912621,-52.9427438985537,18,5
419.583333333333,338.361111111111,-48.1202603282715,19,5
420.238938053097,339.159292035398,-44.5572985185677,21,5
420.740384615385,339.5,-42.6355611038229,15,5
421.421052631579,340.429824561404,-43.6439398703972,24,5
421.672413793103,340.827586206897,-44.1472626674015,16,5
422.426086956522,341.860869565217,-48.2259648409205,23,5
423.407407407407,342.944444444444,-50.0930157114131,25,5
423.747747747748,343.513513513513,-52.0815947503721,17,5
424.972222222222,344.805555555556,-53.9391711304603,31,5
425.365384615385,345.298076923077,-52.3003059230143,14,5
426.093457943925,346.14953271028,-49.6727182204953,19,5
426.70796460177,346.920353982301,-46.5549488660053,28,5
426.657657657658,346.981981981982,-47.739887838049,8,5
427.592920353982,348.035398230089,-45.367923768489,32,5
428.017857142857,348.553571428571,-43.5358404519734,13,5
428.669724770642,349.256880733945,-47.9367845592629,21,5
429.559633027523,350.412844036697,-50.7984856232734,26,5
430,350.906542056075,-49.3824176512,14,5
431.300970873786,352.446601941748,-53.9181384098965,30,5
431.657142857143,352.780952380952,-52.527563871436,12,5
432.168224299065,353.429906542056,-47.8804507414207,16,5
432.816513761468,354.137614678899,-45.6804847486297,18,5
433.205357142857,354.696428571429,-44.4419740899047,17,5
433.814159292035,355.283185840708,-41.3860603828634,21,5
434.262711864407,355.881355932203,-42.9133416053484,17,5
435.178571428571,356.830357142857,-44.6740493701405,22,5
436.318181818182,357.954545454545,-48.1444770654725,26,5
436.623853211009,358.321100917431,-48.6918683418144,13,5
437.45,359.43,-48.7702119129365,25,5
438.224489795918,360.295918367347,-50.5691371047048,16,5
438.81,360.94,-49.5400842957726,18,5
439.419047619048,361.666666666667,-46.0491783833,19,5
439.538461538462,361.778846153846,-44.3037597106693,9,5
440.446428571429,362.723214285714,-44.4492047432936,24,5
440.675925925926,362.925925925926,-42.3535982559091,12,5
441.547169811321,364.094339622641,-43.0182090703168,28,5
442.398058252427,364.970873786408,-43.7397809398451,21,5
442.928571428571,365.377551020408,-46.6981221724107,11,5
443.809523809524,366.457142857143,-48.8205522859099,25,5
444.282828282828,366.919191919192,-49.6356467841937,10,5
445.113402061856,367.886597938144,-49.6280313219563,20,5
445.767676767677,368.515151515152,-46.6858372999353,18,5
445.990291262136,368.815533980583,-47.2531850754572,12,5
446.767676767677,369.555555555556,-41.7352663018219,20,5
446.94,369.68,-41.6625998076066,7,5
447.653465346535,370.306930693069,-41.01383100439,23,5
448.684210526316,371.326315789474,-41.540915027749,24,5
449.139784946237,371.752688172043,-40.8630772892859,12,5
449.604166666667,372.354166666667,-45.0502912650219,21,5
450.074468085106,372.882978723404,-45.5729064301664,10,5
450.956989247312,373.924731182796,-48.6789621562706,25,5
451.880434782609,374.75,-49.2606369596618,19,5
452.18085106383,375.127659574468,-48.5039172191163,12,5
452.75,375.614583333333,-45.4895805583085,12,5
452.970297029703,375.732673267327,-43.8296407626644,7,5
453.61320754717,376.264150943396,-42.2771189677216,19,5
454.240740740741,376.953703703704,-41.5877992945848,18,5
454.673076923077,377.451923076923,-39.6493990175451,14,5
455.415841584158,378.178217821782,-42.229620069573,19,5
455.578431372549,378.470588235294,-42.4870609039264,7,5
456.533980582524,379.427184466019,-46.7712752323834,21,5
NaN,NaN,NaN,103,5
NaN,NaN,NaN,0,5
NaN,NaN,NaN,0,5
NaN,NaN,NaN,0,5
NaN,NaN,NaN,0,5
NaN,NaN,NaN,0,5
NaN,NaN,NaN,0,5
NaN,NaN,NaN,0,5
NaN,NaN,NaN,0,5
NaN,NaN,NaN,0,5
NaN,NaN,NaN,0,5
NaN,NaN,NaN,0,5
NaN,NaN,NaN,0,5
NaN,NaN,NaN,0,5
NaN,NaN,NaN,0,5
NaN,NaN,NaN,0,5
NaN,NaN,NaN,0,5
NaN,NaN,NaN,0,5
NaN,NaN,NaN,0,5
NaN,NaN,NaN,0,5
NaN,NaN,NaN,0,5
NaN,NaN,NaN,0,5
NaN,NaN,NaN,0,5
NaN,NaN,NaN,0,5
NaN,NaN,NaN,0,5
NaN,NaN,NaN,0,5
375.808695652174,233.15652173913,-53.5674696204756,NaN,6
375.752212389381,233.12389380531,-53.1405359461998,8,6
375.880733944954,233.229357798165,-53.1464480976157,6,6
375.834862385321,233.02752293578,-53.1746689909405,8,6
375.964285714286,233.232142857143,-53.0602095470662,7,6
376.125,233.375,-52.3144072594995,8,6
376.027027027027,233.18018018018,-53.2590960749628,7,6
376.045871559633,233.155963302752,-52.4243267211771,6,6
376.035087719298,233.087719298246,-52.6494976948672,9,6
376.295652173913,233.313043478261,-52.9106740280255,7,6
376.184210526316,233.228070175439,-52.1502183007135,7,6
376.182608695652,233.24347826087,-51.665118974062,5,6
376.157894736842,233.210526315789,-51.3538395110472,9,6
376.140350877193,233.166666666667,-52.5302358785102,6,6
376.191304347826,233.130434782609,-52.4293000770217,5,6
376.105263157895,233.078947368421,-50.5925214826955,7,6
376.087719298246,233.078947368421,-50.9055641742368,8,6
376.14406779661,233.059322033898,-52.2244116762828,10,6
376.206896551724,233.23275862069,-50.4372847297867,8,6
376.274336283186,233.115044247788,-51.7140387640637,7,6
376.225225225225,233.189189189189,-50.7135036677939,4,6
376.241666666667,233.141666666667,-50.0505775799482,11,6
376.090909090909,233.099173553719,-50.3346484756836,7,6
376.344537815126,233.210084033613,-50.3553088175062,8,6
376.059829059829,233,-50.6090628940942,10,6
376.179487179487,232.965811965812,-50.305990442205,6,6
376.182608695652,232.982608695652,-49.6281642665809,2,6
376.205128205128,233.068376068376,-49.0734486307512,4,6
376.468253968254,233.452380952381,-51.7147495648089,11,6
376.812030075188,234.105263157895,-50.4014896259682,17,6
376.918518518519,234.111111111111,-51.4070332636887,16,6
375.676470588235,232.264705882353,-62.6478303409462,51,6
376.100917431193,232.56880733945,-72.4445294036441,23,6
377.111801242236,235.658385093168,-87.6616515615862,102,6
377.219251336898,235.55614973262,79.2124790489089,92,6
376.209302325581,244.441860465116,20.5638067537795,57,6
378.748031496063,230.299212598425,77.5951091039646,99,6
379.39837398374,229.024390243902,88.5180090743794,34,6
379.898148148148,225.416666666667,-80.1853220047696,57,6
379.901785714286,223.8125,-81.3482163508978,30,6
379.790909090909,223.227272727273,-82.707098445616,14,6
379.467889908257,221.266055045872,-85.9118757036716,33,6
379.264150943396,220.339622641509,-87.1289581339791,17,6
378.766990291262,219.203883495146,-83.4130091453442,25,6
378.444444444444,217.87962962963,-75.4171724015837,25,6
378.266055045872,217.220183486239,-74.8303506855072,13,6
377.741071428571,216.366071428571,-74.2627052370264,23,6
377.366071428571,215.75,-74.3224432483532,16,6
376.607476635514,214.448598130841,-77.7817424411437,33,6
376.152380952381,213.219047619048,-83.0633898746245,32,6
375.72972972973,212.315315315315,-83.5829706301404,20,6
375.245098039216,210.93137254902,-83.9881417492457,27,6
374.990384615385,209.932692307692,-83.8946399313464,20,6
374.418181818182,208.609090909091,-80.414759374029,26,6
374.028571428571,207.114285714286,-73.5811570859376,31,6
373.831775700935,206.738317757009,-72.3198807790733,12,6
373.297297297297,205.369369369369,-69.5251896713155,28,6
373.093457943925,204.514018691589,-68.4423756838532,16,6
372.742857142857,203.504761904762,-69.7700040650119,20,6
371.754901960784,201.774509803922,-74.9554132458521,35,6
371.509803921569,200.93137254902,-78.1994033945402,16,6
370.857142857143,199.040816326531,-81.1399704195627,32,6
370.587628865979,198.422680412371,-81.0558625652947,13,6
370.125,197.09375,-79.3796809104658,25,6
369.725490196078,196.196078431373,-77.9153853484084,22,6
369.454545454545,195.848484848485,-76.7520454603551,15,6
369.030303030303,194.323232323232,-72.8018111065817,36,6
368.821782178218,193.534653465347,-74.4732196295825,18,6
368.49,192.43,-74.6714174392493,23,6
368.142857142857,190.980952380952,-74.1204319613697,29,6
367.833333333333,190.274509803922,-77.9324667271786,15,6
367.439252336449,188.607476635514,-80.3326039188966,27,6
367.271028037383,188.271028037383,-80.7537141286222,10,6
367.072727272727,187.227272727273,-78.2785404919257,25,6
366.623853211009,185.917431192661,-75.1050682608812,27,6
366.339622641509,184.877358490566,-72.9108326710082,17,6
365.973214285714,183.678571428571,-69.039226944963,28,6
365.866071428571,183.0625,-67.5607157812858,18,6
365.449541284404,181.798165137615,-70.3298602970001,25,6
365.009174311927,180.192660550459,-75.4146200461651,26,6
364.700934579439,179.383177570093,-76.3860498297371,14,6
364.351851851852,178.351851851852,-76.9811826196671,23,6
364.080357142857,177.8125,-78.0356157972667,16,6
363.53982300885,176.646017699115,-76.5073223217466,25,6
363.233644859813,175.280373831776,-73.9781463504215,24,6
362.935185185185,174.314814814815,-72.3429963506198,19,6
362.550458715596,173.220183486239,-71.2641667886559,27,6
362.388888888889,172.685185185185,-71.5059234769783,13,6
362.203703703704,171.592592592593,-72.2300984781563,24,6
361.783018867925,170,-77.3552252411223,28,6
361.481132075472,169.132075471698,-78.0451137694888,18,6
360.888888888889,167.944444444444,-78.3227655700538,22,6
360.701754385965,167.491228070175,-75.9824405949315,12,6
360.333333333333,166.175925925926,-70.9462800924322,26,6
359.798165137615,164.935779816514,-66.8908835112024,29,6
359.543689320388,163.78640776699,-64.2449261141531,18,6
359.196428571429,162.892857142857,-66.5749856012026,25,6
358.953703703704,162.277777777778,-66.5629293833457,10,6
358.27619047619,160.666666666667,-71.6581470359978,31,6
357.752475247525,159.277227722772,-75.3704762313422,24,6
357.451923076923,158.548076923077,-74.8077134229641,17,6
357.055555555556,157.712962962963,-71.9203133427237,18,6
356.855855855856,157.216216216216,-71.3998608119237,11,6
356.32380952381,155.742857142857,-67.1704912713951,26,6
355.851851851852,154.435185185185,-63.2357805704435,33,6
355.72641509434,153.990566037736,-63.6365447581111,10,6
355.190476190476,152.466666666667,-67.6959063464505,29,6
355.117117117117,152.225225225225,-66.497022574819,12,6
354.444444444444,150.685185185185,-69.8033076486716,29,6
353.838383838384,149.161616161616,-73.9521092287186,29,6
353.495145631068,148.427184466019,-75.2106310813418,16,6
353.221153846154,147.490384615385,-72.3130629671125,19,6
353,146.87962962963,-70.8178940044869,10,6
352.657407407407,145.972222222222,-68.981995772381,26,6
352.180952380952,144.580952380952,-66.6589567084118,27,6
351.971428571429,143.904761904762,-64.7350628619274,18,6
351.532710280374,142.943925233645,-67.3022763922908,20,6
351.466666666667,142.333333333333,-67.4300405219859,20,6
350.872549019608,140.833333333333,-72.0816405824247,23,6
350.254716981132,139.415094339623,-72.9164848654895,26,6
350.039215686275,138.901960784314,-70.5500231254951,12,6
349.567307692308,137.682692307692,-69.1337440316011,22,6
349.384615384615,137.192307692308,-67.994950514497,12,6
348.801886792453,136.160377358491,-63.2513046196349,24,6
348.333333333333,134.990196078431,-62.6311627075189,24,6
348.074074074074,134.222222222222,-61.090377752034,17,6
347.567567567568,133.198198198198,-63.4937010505102,26,6
347.37037037037,132.703703703704,-65.9041154336691,15,6
346.757281553398,131.330097087379,-68.2252597608019,27,6
346.080808080808,130.030303030303,-71.148327025589,22,6
345.84693877551,129.448979591837,-70.1799375199281,13,6
345.224299065421,128.355140186916,-69.0242067071706,33,6
345.028037383178,127.897196261682,-67.4835185624533,16,6
344.692307692308,127.076923076923,-65.232770102514,19,6
344.180952380952,125.885714285714,-64.8291747119224,27,6
343.873786407767,125.242718446602,-66.0184521363254,16,6
343.519607843137,124.352941176471,-63.8152639088712,25,6
343.359223300971,123.640776699029,-65.6946832743478,13,6
342.894230769231,122.605769230769,-67.3208439108508,27,6
342.113402061856,121.041237113402,-69.7169827234187,27,6
341.683673469388,120.204081632653,-70.7436313767065,13,6
341.291666666667,119.354166666667,-68.0426743859872,20,6
341.058823529412,118.911764705882,-68.4558068763986,12,6
340.696078431373,118.098039215686,-64.2904374574315,26,6
340.233009708738,117.359223300971,-64.0103937729042,17,6
339.834951456311,116.330097087379,-61.7804982459649,14,6
339.686274509804,115.71568627451,-60.2605768012026,19,6
339.518867924528,115.160377358491,-61.9172115965415,14,6
338.990476190476,114.07619047619,-64.5282205391702,21,6
338.38679245283,112.877358490566,-67.0299721739445,23,6
338.039215686275,112.06862745098,-68.5478772683207,14,6
337.52,110.76,-71.0827007747241,20,6
337.372549019608,110.343137254902,-70.4578520111677,12,6
336.828571428571,109.638095238095,-67.7633272656326,19,6
336.427184466019,108.456310679612,-65.5132899322132,22,6
336.303571428571,108.089285714286,-64.9732320941943,11,6
336.157407407407,107.675925925926,-62.9516221343913,16,6
335.9,107.254545454545,-63.4519974283247,10,6
NaN,NaN,NaN,110,6
NaN,NaN,NaN,0,6
NaN,NaN,NaN,0,6
NaN,NaN,NaN,0,6
NaN,NaN,NaN,0,6
NaN,NaN,NaN,0,6
NaN,NaN,NaN,0,6
NaN,NaN,NaN,0,6
NaN,NaN,NaN,0,6
NaN,NaN,NaN,0,6
NaN,NaN,NaN,0,6
NaN,NaN,NaN,0,6
NaN,NaN,NaN,0,6
NaN,NaN,NaN,0,6
NaN,NaN,NaN,0,6
NaN,NaN,NaN,0,6
NaN,NaN,NaN,0,6
NaN,NaN,NaN,0,6
NaN,NaN,NaN,0,6
NaN,NaN,NaN,0,6
NaN,NaN,NaN,0,6
NaN,NaN,NaN,0,6
NaN,NaN,NaN,0,6
NaN,NaN,NaN,0,6
NaN,NaN,NaN,0,6
NaN,NaN,NaN,0,6
