381.852941176471,254.367647058824,41.7151366156507,NaN,1
381.972222222222,254.388888888889,41.7126508119183,6,1
381.87323943662,254.380281690141,40.7867334774983,7,1
381.712328767123,254.506849315069,40.0342867361079,4,1
381.76,254.28,41.3852215255979,6,1
381.844155844156,254.207792207792,41.2443983132936,4,1
381.855263157895,254.25,42.6536341674779,3,1
381.689189189189,254.283783783784,40.909889461199,6,1
381.935064935065,254.077922077922,40.8439053660199,5,1
381.925,254.025,40.2265098537944,5,1
381.8,254.2,40.3325007684309,5,1
381.911392405063,254.063291139241,40.0293616983176,6,1
381.95,253.825,48.9083088868056,29,1
381.592105263158,254.447368421053,60.6476144513724,22,1
381.842105263158,254.407894736842,76.8753906568262,42,1
381.671428571429,255.385714285714,83.0195244590068,20,1
380.476923076923,258.676923076923,77.0845062958255,49,1
379.705882352941,260.823529411765,41.2682223120629,47,1
377.981481481481,262.592592592593,8.42364647695409,36,1
374.734693877551,263.469387755102,-3.81171497132823,43,1
373.875,263.660714285714,-2.71203526761219,15,1
370.264150943396,263.962264150943,-1.25672579782284,37,1
366.607843137255,264.470588235294,-13.2423939666862,46,1
364.538461538462,264.057692307692,-21.3281346051136,23,1
361.04347826087,263.239130434783,-17.8662556825361,36,1
359.4375,262.8125,-16.0888013628805,16,1
356.777777777778,262.333333333333,-5.1343586274362,28,1
353.826086956522,262.04347826087,-0.133445253073596,38,1
351.583333333333,261.916666666667,-8.34393293233193,20,1
349.292307692308,261.723076923077,-7.9156792326382,27,1
347.840579710145,261.623188405797,-8.64256365209012,22,1
344.5,261.573529411765,24.7223994926085,49,1
341.680555555556,262.138888888889,29.8630816607606,48,1
340.388888888889,262.527777777778,18.4551559163358,20,1
337.557142857143,262.728571428571,5.34470699928347,42,1
335.484375,262.859375,-5.30610138628081,30,1
332.388059701493,262.462686567164,0.487837931450884,47,1
329.492537313433,262.65671641791,17.1199760680348,46,1
327.878787878788,263.106060606061,11.5064759149087,23,1
324.6,263.35,-0.770177816002609,46,1
323.145161290323,263.177419354839,-12.1030986191376,22,1
320.078125,262.65625,-22.306137842632,48,1
317.212121212121,261.257575757576,-7.90991629193836,52,1
315.546875,260.96875,-2.82955285583212,24,1
312.971014492754,260.507246376812,-9.28447149297199,39,1
311.808823529412,260.25,-10.5541830850024,21,1
308.953125,259.65625,-24.3662439423169,46,1
306.264705882353,258.75,-15.114601544917,40,1
304.609375,258.265625,2.10996492247539,30,1
301.787878787879,258.151515151515,6.23386511895696,40,1
300.308823529412,258.294117647059,11.3109210782524,24,1
297.373134328358,258.194029850746,-4.77090644136924,45,1
293.885245901639,257.491803278689,-21.5452504787033,48,1
292.264705882353,256.970588235294,-19.2739920359095,25,1
289,256.365079365079,-3.15323240120777,51,1
288.065573770492,256.262295081967,-1.66705027038892,18,1
284.293103448276,256.362068965517,1.97192009620697,47,1
281.593220338983,256.305084745763,-14.4199604109044,41,1
279.859649122807,255.947368421053,-12.236676152262,26,1
277.453125,255.625,-7.74269659389412,33,1
276.073529411765,255.632352941176,0.0224513196642023,24,1
273.367647058824,255.764705882353,11.3973368340589,46,1
270.523076923077,255.538461538462,2.32841556097892,39,1
269.393442622951,255.475409836066,-5.4985055711515,22,1
265.774193548387,254.41935483871,-26.8446340786369,45,1
264.129032258065,253.838709677419,-26.5782099696769,26,1
261.15625,253.0625,-8.5929163256824,42,1
257.467741935484,252.951612903226,4.85545214483064,52,1
255.916666666667,252.983333333333,5.81208510935374,24,1
252.377358490566,253.056603773585,-13.3430657407122,45,1
251.054545454545,252.654545454545,-18.0544848378599,24,1
248.183333333333,252.166666666667,-13.2830436522982,37,1
245.393442622951,251.885245901639,-1.02999329640746,41,1
243.896551724138,251.965517241379,5.19515619044542,25,1
240.684210526316,251.947368421053,-1.87883671913908,43,1
239.627118644068,251.983050847458,-3.52024362771631,18,1
237.147540983607,251.672131147541,-14.1126134536255,38,1
234.80701754386,251.315789473684,-9.59394830231377,34,1
232.980769230769,251.230769230769,0.448486991590768,23,1
230.314814814815,251.425925925926,4.48525097608973,36,1
229.48275862069,251.551724137931,7.83862504843005,20,1
226.732142857143,251.75,-4.58388013476601,36,1
223.915254237288,251.237288135593,-17.306890664832,37,1
222.6,251.183333333333,-14.9327393718078,17,1
220.28813559322,250.898305084746,1.43866837056088,31,1
219.032258064516,251.016129032258,6.77893978181818,21,1
216.423728813559,251.28813559322,8.41316631538608,35,1
213.655172413793,251.5,-2.54653322939323,35,1
212.350877192982,251.456140350877,-11.3830605593674,17,1
210.347826086957,251.260869565217,-9.98776459001066,30,1
209.09375,251.109375,-9.30172709028156,19,1
206.454545454545,251,9.5426581997875,36,1
203.661290322581,251.387096774194,16.780125022319,44,1
202.64406779661,251.71186440678,9.55678411408751,19,1
199.945454545455,251.836363636364,-8.72158626911558,38,1
198.672413793103,252.051724137931,-14.1654895544429,21,1
196.535714285714,251.803571428571,-5.97853714098304,32,1
194.578947368421,252.122807017544,18.5127139788636,35,1
193.586206896552,252.155172413793,15.739865182599,19,1
190.576923076923,253.25,6.09196008013952,44,1
189.32,253.32,3.71254336228084,18,1
186.854166666667,253.208333333333,-16.3017083443074,32,1
184.340425531915,252.893617021277,-14.6241232538905,31,1
183.04,252.9,-5.10093977905933,15,1
179.756756756757,253.081081081081,8.51989092037515,35,1
178.955555555556,253.333333333333,12.810444447263,12,1
176.434782608696,253.434782608696,3.26784943492831,31,1
173.682926829268,253.365853658537,-18.8070968691718,29,1
172.6,253.288888888889,-14.9649440950784,14,1
170.325581395349,252.744186046512,-3.24410418856404,26,1
169.5,252.54347826087,-3.26972613843184,11,1
169.326086956522,252.673913043478,1.70351159788317,10,1
168.026315789474,252.789473684211,-12.0697979975455,16,1
167.676470588235,252.147058823529,-10.5645524890793,10,1
167.5,251.947368421053,-9.0070465356762,10,1
167.80487804878,251.80487804878,-3.7515436955248,9,1
167.142857142857,252.095238095238,25.856267555698,21,1
166.489361702128,252.191489361702,20.0566982043203,13,1
166.411764705882,252.294117647059,19.4681873157441,4,1
165.309523809524,253.285714285714,1.00151328627355,23,1
165.770833333333,253.3125,6.28096243621336,6,1
165.979591836735,253.755102040816,-4.27502136497438,17,1
NaN,NaN,NaN,49,1
390.406779661017,241.372881355932,87.7416120254022,NaN,2
390.48275862069,241.637931034483,87.1124069701161,3,2
390.474576271186,241.203389830508,87.7371389410192,5,2
390.474576271186,241.508474576271,87.0397996934496,4,2
390.483333333333,241.483333333333,88.3003472681277,7,2
390.526315789474,241.526315789474,87.3928080490152,3,2
390.576271186441,241.71186440678,87.1435065866591,4,2
390.555555555556,241.555555555556,87.2327595034064,4,2
390.7,241.733333333333,87.1292139579479,7,2
390.650793650794,241.571428571429,86.7527697960626,5,2
390.569230769231,241.4,86.8533081262365,4,2
390.777777777778,241.52380952381,85.8813001320529,6,2
390.809523809524,241.333333333333,85.1502093137251,6,2
390.920634920635,241.634920634921,84.816368772476,8,2
390.846153846154,241.753846153846,85.757245552267,4,2
390.892307692308,241.815384615385,86.3178313378299,4,2
390.911764705882,241.735294117647,86.100449985216,3,2
390.920634920635,241.936507936508,86.2418262031189,5,2
391.08064516129,241.741935483871,85.3985205877156,7,2
391.111111111111,241.793650793651,85.5006010806086,3,2
391.161290322581,241.629032258065,84.8753278646114,3,2
391.203125,241.5625,86.0250984071375,4,2
391.15625,241.671875,85.5017173597192,2,2
391.2,241.784615384615,85.4193316685574,5,2
391.30303030303,241.530303030303,86.0168533894646,5,2
391.360655737705,241.327868852459,86.8183192370948,7,2
391.485714285714,241.714285714286,83.7001671105721,15,2
391.6,241.906666666667,76.1944732303738,21,2
391.66265060241,241.78313253012,48.27953081817,32,2
392.315789473684,241.763157894737,4.24703579136868,41,2
393.8,241.314285714286,-0.860691396308943,28,2
396.6875,241.3125,11.1161446313297,42,2
397.289855072464,241.405797101449,16.8174330656958,19,2
399.825396825397,240.809523809524,49.7285894609263,48,2
401.671232876712,239.767123287671,50.1803767296768,50,2
403.887096774194,237.838709677419,52.6253144847272,33,2
406.745454545455,235.109090909091,48.6769126119588,49,2
408.111111111111,233.833333333333,57.1123336289475,23,2
410.196428571429,231.303571428571,85.2196675291405,54,2
410.759259259259,228.444444444444,-73.0958085356437,42,2
411.098039215686,227.843137254902,-80.708163092586,15,2
411.59649122807,224.684210526316,87.7346773169052,38,2
411.872727272727,223.127272727273,78.5953869710199,22,2
412.811320754717,220.150943396226,62.7045460774742,42,2
413.910714285714,217.821428571429,82.1841614432051,37,2
414.090909090909,216.818181818182,86.7604012225363,17,2
414.627450980392,213.647058823529,83.8117840446143,38,2
415,211.803921568627,70.9317110498463,24,2
416.148148148148,209.574074074074,54.9894535668972,41,2
417.232142857143,207.303571428571,68.633063198853,30,2
417.642857142857,206.464285714286,78.4949277866006,18,2
418.407407407407,203.740740740741,78.6109948066817,34,2
418.962962962963,202,76.61985757459,20,2
419.693548387097,199.870967741935,64.1834557220965,36,2
421.063492063492,196.873015873016,66.128738008361,43,2
421.298245614035,195.80701754386,75.4484946079789,18,2
421.666666666667,192.916666666667,-79.1268611754336,33,2
421.781818181818,191.163636363636,-83.9212532633349,21,2
422.263157894737,188.368421052632,76.8893715420868,38,2
422.983333333333,185.783333333333,68.7002386808216,35,2
423.338983050847,184.203389830508,73.816404569968,19,2
423.527272727273,181.8,86.6586898621877,32,2
423.543859649123,180.140350877193,-84.8320846173281,20,2
424,177.35,81.4849861428795,35,2
424.857142857143,175.142857142857,68.2637627211065,35,2
425.457627118644,173.71186440678,64.2887662306683,22,2
426.125,171.464285714286,79.2058930588385,33,2
426.421052631579,169.964912280702,87.6410555655983,21,2
426.661016949153,166.966101694915,-84.6170253106289,36,2
427.385964912281,164.157894736842,73.3925862512574,42,2
427.898305084746,163.338983050847,62.727737217221,14,2
428.907407407407,160.944444444444,64.6928443972696,37,2
429.229508196721,159.311475409836,77.0859036135344,21,2
429.576271186441,156.745762711864,-89.2890735758364,32,2
430.180327868852,153.754098360656,84.1342548009557,40,2
430.345454545455,153.054545454545,69.4088630537573,16,2
431.771929824561,149.947368421053,60.9273086261825,48,2
432.283333333333,148.9,60.937047244027,19,2
433.224137931034,146.034482758621,84.574228454206,40,2
433.563636363636,143.054545454545,-86.0304685052566,37,2
433.830188679245,141.509433962264,84.8513172316878,20,2
434.428571428571,139.321428571429,61.8961462519608,35,2
435.152542372881,137.881355932203,59.368559243253,21,2
436.220338983051,135.389830508475,62.9300073827234,34,2
437.074074074074,132.888888888889,84.741417787115,35,2
437.404761904762,130.571428571429,-87.35484969833,26,2
437.708333333333,128.6875,80.167338799924,28,2
438.111111111111,127.555555555556,70.5101874597408,22,2
439.406779661017,124.762711864407,62.9248609708114,43,2
440.109090909091,121.963636363636,78.2736709197284,38,2
440.369565217391,120.847826086957,-86.649112484418,13,2
440.47619047619,118.404761904762,-82.4549879057597,30,2
440.576923076923,116.75,88.9912995814189,22,2
441.267857142857,114.303571428571,69.3284120222924,38,2
442.203389830508,111.966101694915,58.4665548430356,39,2
442.388888888889,111.333333333333,60.8712364215148,13,2
443.666666666667,107.444444444444,-16.6374439924175,46,2
443.622641509434,105.566037735849,-82.4625887130063,23,2
443.39603960396,101.465346534653,-73.3436881721131,70,2
444.306451612903,100.266129032258,9.15524284495749,53,2
443.626865671642,99.8283582089552,-3.76512849071843,38,2
NaN,NaN,NaN,136,2
NaN,NaN,NaN,0,2
NaN,NaN,NaN,0,2
NaN,NaN,NaN,0,2
NaN,NaN,NaN,0,2
NaN,NaN,NaN,0,2
NaN,NaN,NaN,0,2
NaN,NaN,NaN,0,2
NaN,NaN,NaN,0,2
NaN,NaN,NaN,0,2
NaN,NaN,NaN,0,2
405.08064516129,260.225806451613,-79.1331737670061,NaN,3
405.098360655738,260.213114754098,-77.9618416896363,3,3
405.047619047619,260.015873015873,-77.3608169501892,4,3
405.064516129032,260.048387096774,-78.012153487552,3,3
404.951612903226,260.016129032258,-76.9356540196004,4,3
404.90625,259.6875,-76.8036591386873,4,3
404.983870967742,259.91935483871,-77.3870943458688,2,3
404.9375,259.953125,-77.8564369483869,4,3
405,259.96875,-78.2800535082107,2,3
405.016393442623,259.983606557377,-77.6510215454627,3,3
405,260.032258064516,-77.4944583581393,3,3
405.032786885246,260.081967213115,-77.7751261299285,1,3
404.984126984127,259.904761904762,-77.8461252186884,2,3
404.984126984127,259.904761904762,-77.8461252186884,0,3
404.984126984127,259.888888888889,-77.8224860562932,2,3
405.031746031746,259.984126984127,-77.6975797227656,2,3
404.921875,259.671875,-77.4146967379858,3,3
404.913043478261,259.36231884058,-77.1209746290549,5,3
404.820895522388,259.507462686567,-77.7313657577076,6,3
404.78125,260.5625,89.1959296695833,27,3
404.144927536232,260.594202898551,60.534581456809,31,3
403.712121212121,261.060606060606,48.7664676546784,13,3
402.365079365079,262.301587301587,49.3985068309244,31,3
401.629032258065,263.41935483871,58.0729638279232,19,3
400.6,265.533333333333,-87.7382159216319,34,3
400.474576271186,268.203389830508,-84.227815584622,41,3
400.306451612903,269.693548387097,87.0586309118062,19,3
399.803278688525,271.983606557377,68.6140227145433,35,3
398.983606557377,273.934426229508,65.0507690785816,28,3
397.627118644068,278,82.7743723880439,48,3
397.633333333333,280.383333333333,-74.5213237460298,35,3
395.5,276,0,23,3
398.534482758621,285.603448275862,-73.7480182780168,45,3
398.716666666667,287.533333333333,-85.1553507770561,26,3
398.524590163934,290.819672131148,74.5471835148349,41,3
398.573770491803,294.459016393443,88.6310029339503,48,3
398.456140350877,295.929824561404,-76.2080469570517,22,3
399.277777777778,298.537037037037,-66.2106315639781,37,3
399.677419354839,300.854838709677,-69.9603627842325,34,3
399.872727272727,304.472727272727,84.15851920014,45,3
400.030303030303,306.757575757576,80.6835505474767,35,3
400.017857142857,307.928571428571,82.8827319954651,16,3
400.295081967213,311.737704918033,-82.223614274686,43,3
400.573770491803,313.098360655738,-74.5650358824634,16,3
401.049180327869,316.196721311475,-74.8599023188268,44,3
401.333333333333,319.65,81.2039656404833,41,3
401.056603773585,320.735849056604,74.3055100870393,17,3
400.648148148148,323.759259259259,84.0495486627793,37,3
400.603448275862,324.98275862069,-88.4734681842626,16,3
400.883333333333,327.533333333333,-68.9899480308151,32,3
401.661016949153,330.542372881356,-75.0116602398714,41,3
401.648148148148,331.944444444444,-88.1751493117437,19,3
401.555555555556,334.574074074074,72.9266429075201,34,3
401.241379310345,335.896551724138,70.626975471234,18,3
401.116666666667,338.933333333333,-84.079278981166,40,3
401.683333333333,340.983333333333,-68.9264711805043,32,3
399,336,0,20,3
403.244897959184,345.061224489796,-72.0563969757355,33,3
403.421052631579,346.929824561404,-85.8805092008424,24,3
403.571428571429,349.696428571429,84.5393920735611,35,3
404.216666666667,351.833333333333,-83.5917176318868,28,3
404.454545454545,352.581818181818,-66.6717482762353,19,3
405.744680851064,355.446808510638,-50.3343786057397,40,3
406.903846153846,357.442307692308,-58.1042313217345,25,3
408.230769230769,360,-77.7768961149727,34,3
408.78431372549,362.56862745098,-89.0151010617109,35,3
409.358490566038,363.603773584906,-79.8198277354899,18,3
410.538461538462,366.730769230769,-54.2393021267994,39,3
411.339622641509,367.660377358491,-50.8998641063556,17,3
412.796296296296,370.074074074074,-58.4267198986594,33,3
414.264150943396,372.943396226415,-80.8313259044465,39,3
414.428571428571,374.25,-88.4562428564759,15,3
NaN,NaN,NaN,56,3
NaN,NaN,NaN,0,3
NaN,NaN,NaN,0,3
NaN,NaN,NaN,0,3
NaN,NaN,NaN,0,3
NaN,NaN,NaN,0,3
NaN,NaN,NaN,0,3
NaN,NaN,NaN,0,3
NaN,NaN,NaN,0,3
NaN,NaN,NaN,0,3
NaN,NaN,NaN,0,3
NaN,NaN,NaN,0,3
NaN,NaN,NaN,0,3
NaN,NaN,NaN,0,3
NaN,NaN,NaN,0,3
NaN,NaN,NaN,0,3
NaN,NaN,NaN,0,3
NaN,NaN,NaN,0,3
