407.647887323944,238.830985915493,-21.6062402203651,NaN,1
407.758865248227,238.758865248227,-22.0303576095863,13,1
407.676056338028,238.767605633803,-22.1002959377225,9,1
407.805555555556,238.729166666667,-21.9664144541296,10,1
407.669064748201,238.690647482014,-21.6489032065516,11,1
407.920863309353,238.884892086331,-21.2160009690262,10,1
407.908450704225,238.683098591549,-21.5852430462654,11,1
408.119718309859,238.725352112676,-22.1159203437742,6,1
407.868055555556,238.611111111111,-22.4603845459715,6,1
407.9,238.692857142857,-20.6969643002577,10,1
407.776978417266,238.546762589928,-20.652289082194,11,1
407.909090909091,238.559440559441,-22.4998806308085,16,1
407.920289855072,238.673913043478,-21.143545620912,11,1
407.835714285714,238.485714285714,-21.3201854727842,12,1
407.992857142857,238.607142857143,-21.3474373271566,12,1
407.919708029197,238.605839416058,-20.4535881513916,9,1
407.985074626866,238.529850746269,-20.9585839965458,9,1
408.074074074074,238.6,-20.8437743760357,7,1
407.872340425532,238.482269503546,-21.3404662807343,12,1
407.928057553957,238.503597122302,-20.9107026183043,8,1
408.112781954887,238.616541353383,-20.2396841267816,10,1
407.971631205674,238.219858156028,-22.1387922427233,14,1
407.838028169014,238.211267605634,-21.5402726080107,3,1
408.116788321168,238.430656934307,-20.1967873894748,17,1
407.657142857143,238.207142857143,-21.9780230230439,15,1
407.712230215827,237.870503597122,-21.755213128281,19,1
407.720930232558,237.922480620155,-21.065205709959,14,1
407.925373134328,237.910447761194,-21.8348430731544,9,1
407.598484848485,237.598484848485,-22.4233652126689,12,1
407.653846153846,237.730769230769,-23.0523488888044,10,1
408.007633587786,237.832061068702,-36.494406030857,53,1
407.3125,236.044642857143,-71.4977830608851,73,1
406.548872180451,234.699248120301,-66.3841934005282,37,1
405.440789473684,232.782894736842,-57.0620472099852,67,1
404.575757575758,231.193939393939,-50.7919841410588,51,1
401.411347517731,226.730496453901,-54.2111387739749,104,1
398.729166666667,223.048611111111,-68.0030523910029,81,1
397.881118881119,221.888111888112,-58.3300641480791,33,1
395.976744186047,219.03488372093,-46.8576191131429,79,1
395.174863387978,218.256830601093,-44.6877592135098,41,1
391.513157894737,215.065789473684,-40.7980824560988,97,1
388.797385620915,213.43137254902,-42.6850506966697,67,1
387.458598726115,212.579617834395,-42.8779342567593,30,1
385.4,211.38,-37.3774814765626,53,1
384.393548387097,210.664516129032,-32.3959920618774,31,1
382.687898089172,210.019108280255,-26.8227938412603,52,1
380.660377358491,209.100628930818,-24.0542826537473,58,1
379.812080536913,208.697986577181,-22.6445806743296,24,1
378.261437908497,207.888888888889,-26.7938904787366,48,1
377.144827586207,207.48275862069,-28.9333140060634,26,1
374.951048951049,206.440559440559,-31.339632712038,50,1
373.609589041096,206,-28.8092235883218,37,1
372.743055555556,205.638888888889,-26.2512065044702,22,1
371.333333333333,205.034013605442,-24.2120061134946,43,1
370.686666666667,204.933333333333,-23.7667920444688,23,1
369.527027027027,204.391891891892,-23.4793966666396,40,1
368.302816901408,203.528169014085,-23.0698309124777,44,1
367.401408450704,203.133802816901,-24.8096148443295,20,1
365.466666666667,202.325925925926,-28.51258519475,41,1
364.864661654135,201.87969924812,-29.0892383317669,18,1
363.014492753623,201.04347826087,-29.4362936017448,37,1
361.727891156463,200.585034013605,-27.4399425587445,33,1
360.746666666667,200.153333333333,-25.5284444595107,19,1
359.094594594595,199.337837837838,-22.3933866114176,42,1
358.629139072848,199.145695364238,-21.7401267000807,15,1
356.741496598639,198.204081632653,-20.6741114898964,44,1
355.25,197.256944444444,-21.9254586692016,39,1
354.671140939597,197.134228187919,-24.6431499013046,21,1
352.971428571429,196.028571428571,-27.3551162946019,39,1
352.486486486487,195.844594594595,-28.2160477736243,20,1
350.719424460432,194.892086330935,-31.66495420164,35,1
349.300699300699,194.062937062937,-31.708823761504,34,1
348.433566433566,193.629370629371,-30.504793849648,14,1
347.035714285714,192.685714285714,-26.9068817901115,37,1
346.544827586207,192.503448275862,-24.9738109680738,13,1
345.552631578947,192.118421052632,-24.6596818508669,25,1
343.96835443038,191.316455696203,-23.0241477863239,36,1
343.289473684211,190.934210526316,-22.7361141849471,20,1
341.541666666667,190,-21.2697767850105,34,1
341.020408163265,189.809523809524,-23.3420800265347,17,1
339.624161073826,188.986577181208,-25.589452079057,32,1
338.571428571429,188.538961038961,-26.3107639585831,23,1
337.696774193548,188.122580645161,-27.8591079403824,19,1
336.346405228758,187.359477124183,-27.3525130440521,34,1
335.767741935484,187.167741935484,-25.7095961403533,14,1
334.535031847134,186.726114649682,-21.8531137077814,28,1
333.439024390244,186.207317073171,-21.6665544496101,25,1
332.666666666667,185.955974842767,-20.6074504855898,21,1
331.440251572327,185.238993710692,-19.8873682774426,34,1
330.808917197452,185.057324840764,-18.7577946594118,16,1
329.4,184.61935483871,-16.9745891608942,32,1
327.717105263158,183.802631578947,-19.2741089920895,39,1
327.013422818792,183.55033557047,-20.9866308621353,17,1
325.88961038961,183.097402597403,-23.3547790439451,29,1
325.23717948718,182.814102564103,-23.5606157784908,16,1
323.891025641026,182.307692307692,-24.0021162453433,26,1
322.815286624204,181.929936305732,-25.0933876785604,21,1
322.179487179487,181.608974358974,-23.5595563074842,17,1
321.373417721519,181.291139240506,-22.2256403623745,22,1
320.732484076433,181.012738853503,-21.070312063795,17,1
319.794871794872,180.673076923077,-20.306058357517,21,1
319.125,180.428571428571,-21.1900495140628,28,1
317.876543209877,179.913580246914,-20.3412954077905,30,1
316.88679245283,179.584905660377,-21.5299858433559,27,1
316.471337579618,179.445859872611,-21.4015636428037,18,1
314.942307692308,178.74358974359,-24.3798701108349,31,1
313.857142857143,178.285714285714,-26.6148464444048,21,1
313.229813664596,178.16149068323,-25.3251164424873,20,1
312.256097560976,177.719512195122,-26.9710953647779,23,1
311.574074074074,177.388888888889,-26.7058262504873,14,1
310.869565217391,177.16149068323,-25.5642249448659,21,1
310.259259259259,176.925925925926,-23.9349336238128,15,1
310.123529411765,176.988235294118,-24.294490679443,14,1
308.802395209581,176.479041916168,-22.9412738319315,25,1
308.286549707602,176.210526315789,-21.9998502473981,14,1
307.106918238994,175.62893081761,-20.4629419332338,30,1
306.437125748503,175.461077844311,-20.7079042824204,18,1
305.481927710843,175.096385542169,-19.9774904058825,25,1
304.385542168675,174.746987951807,-18.9152675474445,20,1
303.56875,174.3625,-21.5688764016239,22,1
302.576923076923,173.974358974359,-19.3005286935411,30,1
301.198717948718,173.429487179487,-21.0494853005717,28,1
300.981012658228,173.367088607595,-20.9073522005798,12,1
300.355828220859,173.251533742331,-21.4158501985816,19,1
300.055214723926,173.116564417178,-21.0136256317869,14,1
299.447852760736,172.852760736196,-21.5515751449325,22,1
298.530120481928,172.512048192771,-21.0241697617103,21,1
297.946428571429,172.333333333333,-20.7148950641896,10,1
297.452941176471,172.135294117647,-19.6796638829869,18,1
296.72619047619,171.886904761905,-18.128484284363,16,1
296.128834355828,171.496932515337,-17.155471991832,21,1
295.444444444444,171.246913580247,-17.7582347714478,15,1
NaN,NaN,NaN,162,1
417.5,248.960317460317,82.4187312075932,NaN,2
417.508064516129,249.153225806452,82.5362727182785,4,2
417.576,249.16,83.3764071596856,7,2
417.6,249,83.7734689628212,4,2
417.614173228346,248.976377952756,82.7067660535717,6,2
417.614173228346,248.976377952756,82.7067660535717,0,2
417.604651162791,248.953488372093,82.6707583636395,4,2
417.472440944882,249.244094488189,82.7311384636505,8,2
417.674603174603,249.119047619048,83.02845087219,7,2
417.587301587302,248.968253968254,83.6819714556886,8,2
417.52380952381,249.238095238095,83.0706149788842,4,2
417.484375,249.15625,83.5263122690706,6,2
417.6328125,248.9375,82.5700596511106,8,2
417.606299212598,248.968503937008,82.8650971545516,7,2
417.6,249,83.4276461679132,4,2
417.581967213115,249.147540983607,83.7767405062787,3,2
417.581967213115,249.188524590164,83.8754075941026,2,2
417.617886178862,249.227642276423,84.083561942433,3,2
417.608,249.224,83.6218429317513,2,2
417.650793650794,249.02380952381,82.8514158991956,3,2
417.616,249.128,83.3429657916126,1,2
417.52380952381,249.206349206349,82.686903753176,7,2
417.634920634921,249.039682539683,83.17249168957,6,2
417.690476190476,249.071428571429,82.6480621963051,4,2
417.712,249.024,82.2581996473804,3,2
417.734375,248.9921875,82.4171865111572,3,2
417.736434108527,249.038759689922,82.9531932534443,7,2
417.648,249.152,82.3782564481494,8,2
417.7109375,248.90625,81.558597831311,5,2
417.761904761905,249.357142857143,82.9199325982139,12,2
417.815384615385,249.323076923077,82.3441833182117,8,2
417.853846153846,249.392307692308,82.9902082489661,26,2
417.670886075949,248.620253164557,-87.9548073955581,68,2
417.670807453416,248.186335403727,-83.0346287683633,33,2
417.693251533742,250.41717791411,-77.469755808465,82,2
417.634730538922,251.832335329341,-78.3015150824315,62,2
418.684931506849,257.780821917808,-88.5223991967995,103,2
419.096551724138,262.489655172414,-76.1214106718257,87,2
419.452380952381,265.333333333333,-81.6296888328956,51,2
419.31746031746,269.809523809524,61.9556660518338,90,2
418.741721854305,271.576158940397,60.3165665108589,45,2
417.314685314685,275.937062937063,60.7626837411461,98,2
414.602941176471,281.169117647059,64.8724408907099,103,2
413.641221374046,282.610687022901,50.4566235889674,37,2
411.395683453237,286.115107913669,43.7899487099885,88,2
409.850649350649,288.688311688312,47.3116130982686,59,2
406.133333333333,292.893333333333,48.5544036181527,102,2
402.909090909091,296.012121212121,32.0986824530214,99,2
401.442953020134,297.053691275168,28.260097836529,42,2
397.321678321678,300.328671328671,38.9253507046233,104,2
394.867088607595,302.696202531646,48.7808919132314,65,2
391.384146341463,305.798780487805,37.1338218489915,92,2
387.827160493827,308.820987654321,32.9948206235363,100,2
386.037974683544,309.96835443038,34.3451991213005,44,2
381.515527950311,313.770186335404,37.7962090306169,111,2
379.777108433735,315.10843373494,33.7137304068678,45,2
376.331428571429,317.405714285714,25.4933330247733,95,2
372.036144578313,319.939759036145,27.4934670397834,99,2
369.616883116883,321.207792207792,24.4811416728738,52,2
365.027777777778,323.694444444444,14.6337893047427,104,2
364.413580246914,323.851851851852,12.8727798241891,24,2
361.037037037037,325.265432098765,12.1183055081368,76,2
357.61963190184,326.177914110429,17.775641659346,69,2
355.95652173913,326.72049689441,15.7595532026972,42,2
352.457317073171,327.951219512195,9.1651268031145,73,2
351.136094674556,328.289940828402,4.75801366331245,35,2
348.559748427673,329.182389937107,5.8119648025156,58,2
344.858024691358,330.123456790123,5.82582827746551,77,2
343.58282208589,330.337423312883,6.89695936791737,35,2
340.40490797546,330.736196319018,3.68360454533607,64,2
339.006024096386,331.096385542169,1.4695002073497,37,2
337.472222222222,331.283333333333,4.34870764833276,46,2
335.052941176471,331.688235294118,8.37448565991713,58,2
333.417142857143,332.028571428571,7.41876790461906,35,2
330.425,332.54375,0.883102547496267,69,2
328.794701986755,332.53642384106,-3.11721516988955,37,2
327.588235294118,332.276470588235,-1.4338612697019,45,2
325.530487804878,332.164634146341,1.75571686773495,40,2
324.535714285714,332.363095238095,2.86886777031911,30,2
322.658823529412,332.323529411765,5.15548717953079,54,2
321.482352941176,332.317647058824,3.86579749248127,26,2
318.951515151515,332.266666666667,-0.566316844172164,47,2
317.601156069364,332.080924855491,-0.758935024624838,40,2
316.83734939759,332.21686746988,3.02221984228846,25,2
314.556886227545,332.14371257485,5.75113669206761,45,2
313.410714285714,332.279761904762,6.15904570378251,33,2
311.361963190184,332.036809815951,0.667672640768495,51,2
309.134615384615,332.192307692308,-9.43033606630968,55,2
308.434782608696,332.086956521739,-8.71116859303066,15,2
306.358490566038,331.735849056604,-3.91474842397066,46,2
305.354430379747,331.493670886076,-1.10816222623387,29,2
303.441176470588,331.229411764706,2.53736304115373,56,2
301.329479768786,330.965317919075,-0.158746174442246,45,2
300.08125,331.06875,-4.71055667595257,29,2
297.935483870968,330.722580645161,-14.1306878634878,55,2
297.25,330.68125,-15.9491823391465,23,2
295.575757575758,330.424242424242,-12.5013894544415,47,2
293.627218934911,330.118343195266,-10.1811894901065,46,2
292.267080745342,329.76397515528,-10.2219974665231,28,2
290.710843373494,329.090361445783,-15.5468423159059,49,2
289.019480519481,328.824675324675,-21.1404795682025,36,2
286.684563758389,328.255033557047,-28.501344769012,51,2
285.271523178808,327.543046357616,-28.7873920494779,30,2
284.350649350649,327.142857142857,-26.2516436836485,23,2
282.467105263158,326.460526315789,-22.3702750361112,36,2
281.141025641026,325.679487179487,-22.6831147060117,34,2
279.019230769231,324.74358974359,-23.8133115313422,48,2
277.193333333333,323.926666666667,-29.175967338491,38,2
276,323.317567567568,-31.7355185752046,26,2
274.787096774194,322.658064516129,-32.6620730339895,45,2
273.730263157895,322.006578947368,-32.015293554151,27,2
272.00641025641,320.955128205128,-25.8395796049302,46,2
270.186335403727,319.888198757764,-21.9374888024575,55,2
268.728476821192,318.993377483444,-21.5624981063819,42,2
266.741935483871,318.038709677419,-24.4415144204127,52,2
265.598684210526,317.506578947368,-27.7908463292642,31,2
264.175675675676,317.027027027027,-28.0261470755883,36,2
262.668831168831,316.337662337662,-27.6189301166778,38,2
261.848101265823,315.778481012658,-25.5928179323394,30,2
260.329192546584,315.192546583851,-24.4538484402184,33,2
259.423312883436,314.58282208589,-23.5707216643325,30,2
257.65306122449,313.707482993197,-25.0843982439827,44,2
256.382716049383,313.246913580247,-30.0832993653187,43,2
255.082278481013,312.544303797468,-36.4863990506767,28,2
253.651612903226,311.774193548387,-37.5577664239398,39,2
252.811320754717,311.245283018868,-38.123999569193,22,2
251.54375,310.4,-36.1078927232848,39,2
NaN,NaN,NaN,160,2
441.763779527559,248.464566929134,-69.1975074780942,NaN,3
441.7,248.261538461538,-68.3061429665541,5,3
441.93023255814,248.527131782946,-70.1227004131916,9,3
441.736842105263,247.96992481203,-68.0289346129852,12,3
441.880281690141,247.852112676056,-65.3842862038392,31,3
442.101351351351,247.777027027027,-62.8657167792801,34,3
443.069620253165,248.215189873418,-50.9861239290963,50,3
443.194736842105,248.673684210526,-51.7294235726261,98,3
445.479166666667,250.951388888889,-53.4192685478081,74,3
448.0859375,255.34375,-82.2067572081181,102,3
448.566666666667,257.58,-79.6231202911246,50,3
449.094972067039,260.290502793296,-72.0614890234226,101,3
449.83125,265.46875,86.5343243737839,107,3
449.88,267.06,72.6885066895556,48,3
449.234899328859,270.597315436242,60.4068479231525,89,3
448.822085889571,272.398773006135,61.6209078226057,48,3
446.197452229299,276.356687898089,65.86017604325,90,3
444.60248447205,279.211180124224,59.1268044612165,72,3
444.105590062112,280.242236024845,57.0518789910894,28,3
443.230769230769,282.173076923077,56.5709996531558,53,3
442.4,283.921212121212,59.5651722566825,41,3
439.813793103448,287.455172413793,63.1884939086166,76,3
438.59756097561,289.628048780488,53.7369816114494,53,3
437.883116883117,291.071428571429,46.1410115777602,40,3
436.975,292.3,45.9481371377743,42,3
436.2375,293.2625,46.0730511649573,26,3
434.939024390244,294.878048780488,51.5008504546915,52,3
432.342657342657,297.524475524476,57.6630755393527,83,3
431.26618705036,299.035971223022,50.6789200564696,36,3
430.331034482759,300.027586206897,43.9621179829581,38,3
429.805194805195,300.779220779221,45.400409634203,23,3
428.948717948718,301.75,46.9424373125522,38,3
427.280821917808,303.527397260274,54.0365992504284,52,3
426.708333333333,304.194444444444,56.3201519248848,28,3
425.62015503876,305.728682170543,57.6991138898941,45,3
424.818897637795,306.787401574803,58.0881353224003,28,3
423.545454545455,308.257575757576,53.1933603478541,41,3
422.734265734266,309.097902097902,51.4834953613473,29,3
422.110294117647,309.786764705882,48.6561460644088,15,3
421.246575342466,310.993150684931,49.2525459587666,34,3
420.834437086093,311.516556291391,49.8621593048907,19,3
419.687074829932,313.108843537415,52.9631445007213,40,3
418.007142857143,314.992857142857,54.6791416599374,43,3
417.237410071942,315.776978417266,52.8946165523568,21,3
416.028571428571,316.978571428571,44.707562162743,33,3
415.4,317.441379310345,43.3311064862133,23,3
414.154838709677,318.251612903226,37.9977420763545,40,3
412.461038961039,319.448051948052,32.658108521731,51,3
411.413333333333,320.293333333333,30.8263917831328,30,3
409.417808219178,321.582191780822,33.7360132106377,46,3
408.472222222222,322.152777777778,33.9226986323091,26,3
406.793103448276,323.4,36.3443071322408,41,3
404.471428571429,324.757142857143,35.1311925221811,51,3
403.607142857143,325.328571428571,32.074651797712,20,3
402.040540540541,326.081081081081,28.5740111791322,36,3
401.34693877551,326.489795918367,25.8895010383847,25,3
399.48322147651,327.214765100671,22.5333355020523,40,3
397.532894736842,328.105263157895,23.3254159236939,47,3
396.769230769231,328.435897435897,24.007319405277,22,3
394.960264900662,329.271523178808,28.408161926696,37,3
394.230769230769,329.73717948718,27.9317496153171,19,3
392.454545454545,330.545454545455,30.2423839750921,38,3
390.493150684931,331.280821917808,28.7175951111515,40,3
389.748387096774,331.638709677419,27.0848558558094,17,3
388.245161290323,332.174193548387,23.4279662790495,30,3
387.38,332.466666666667,20.468865780663,23,3
385.878205128205,332.839743589744,17.2828643509182,34,3
384.4,333.125,16.6695863049242,34,3
383.327160493827,333.283950617284,14.9872936863362,30,3
381.602649006623,333.788079470199,15.0160177545339,39,3
381.125,333.925,15.0578957331451,21,3
379.534161490683,334.217391304348,16.2200238739702,37,3
377.780487804878,334.55487804878,15.1463087270256,35,3
376.473684210526,335.105263157895,16.6910817144437,30,3
374.961290322581,335.290322580645,13.5790482424925,31,3
374.242038216561,335.452229299363,12.2637674625827,20,3
372.829113924051,335.613924050633,9.66240889861839,31,3
371.484076433121,335.675159235669,5.52508031454764,27,3
370.573248407643,335.757961783439,3.8965098898379,16,3
369.194805194805,335.844155844156,2.1987348851912,27,3
368.090322580645,335.858064516129,0.782181907846917,21,3
366.82,335.846666666667,1.07780973780184,27,3
365.194630872483,335.771812080537,1.47516290489979,31,3
364.662337662338,335.75974025974,1.28485196985928,17,3
363.217948717949,335.647435897436,0.256753813811545,30,3
362.664556962025,335.639240506329,-0.194483258833113,14,3
361.678787878788,335.460606060606,-1.26298936736465,21,3
360.329113924051,335.316455696203,-1.41070508768116,25,3
359.677631578947,335.335526315789,-3.68921434891003,14,3
358.446666666667,335.213333333333,-5.43462779691117,24,3
357.900662251656,335.039735099338,-7.15331110483708,15,3
356.851612903226,334.890322580645,-9.10511195784521,18,3
356.044303797468,334.816455696203,-10.1672108400673,21,3
355.603658536585,334.65243902439,-11.4632211601177,14,3
354.582781456954,334.523178807947,-12.2763788319539,25,3
354.236842105263,334.348684210526,-13.0948955788655,13,3
353.116883116883,334.220779220779,-12.9361369498932,20,3
352.142857142857,334.116883116883,-13.033889796868,20,3
352.203821656051,334.165605095541,-13.132399653605,7,3
351.333333333333,333.993464052288,-14.1477687631836,16,3
351.046357615894,333.966887417219,-13.5937792345124,12,3
350.46,333.766666666667,-14.1755865519391,15,3
349.707792207792,333.454545454545,-15.3209009172003,18,3
349.406451612903,333.554838709677,-14.9382239260677,11,3
348.32,333.193333333333,-16.5366488920951,21,3
348.18064516129,333.096774193548,-16.871849367204,11,3
347.470967741936,332.864516129032,-16.9898179797671,16,3
346.880503144654,332.729559748428,-18.5355358672787,18,3
346.692810457516,332.56862745098,-17.9175254957152,14,3
346.077419354839,332.361290322581,-18.8336931636001,16,3
345.792207792208,332.266233766234,-19.023714304343,7,3
345.059602649007,331.788079470199,-21.2068422141632,19,3
344.369127516779,331.691275167785,-21.3318118169784,14,3
344.137254901961,331.516339869281,-22.0844127182341,14,3
343.782894736842,331.335526315789,-22.7702148621313,11,3
343.603896103896,331.402597402597,-22.3431278056787,8,3
342.993055555556,331.097222222222,-22.8105642986859,16,3
342.445945945946,330.864864864865,-22.3647151476376,10,3
342.238095238095,330.768707482993,-23.1323923568399,7,3
341.883561643836,330.630136986301,-23.6386863497447,9,3
341.696551724138,330.6,-23.9625444666805,5,3
341.205298013245,330.364238410596,-23.3516397115267,14,3
340.993150684931,330.27397260274,-24.3737721163065,9,3
340.753424657534,330.198630136986,-24.2514550947359,6,3
340.36301369863,329.952054794521,-24.1260567944831,10,3
340.013888888889,329.805555555556,-25.0812565177994,8,3
339.918367346939,329.707482993197,-24.5260864178951,7,3
339.326797385621,329.372549019608,-25.5873782780926,14,3
339.074324324324,329.331081081081,-26.0225203509879,9,3
338.868965517241,329.241379310345,-25.5656192635592,11,3
338.696551724138,329.151724137931,-25.7231350970431,4,3
338.430555555556,328.986111111111,-26.3150170621257,13,3
338.08275862069,328.855172413793,-25.6148768294122,9,3
337.743055555556,328.701388888889,-26.2514916085203,7,3
337.724832214765,328.523489932886,-27.332732329496,11,3
337.299319727891,328.401360544218,-28.0860179881163,12,3
337.081081081081,328.243243243243,-27.6045011603771,5,3
336.827586206897,328.131034482759,-26.9880709190273,13,3
336.638888888889,328.083333333333,-27.625212788309,5,3
336.28,327.713333333333,-28.9545060280835,10,3
336.18,327.706666666667,-28.8718728536133,6,3
336.02,327.673333333333,-28.749510652996,6,3
335.953642384106,327.622516556291,-28.7076055276673,5,3
335.748344370861,327.529801324503,-28.4735828805015,4,3
335.466666666667,327.413333333333,-29.1889399710085,7,3
335.693333333333,327.473333333333,-29.1309083699552,6,3
335.134228187919,327.107382550336,-29.7379916039829,13,3
334.993288590604,326.993288590604,-29.5643236431071,6,3
334.831081081081,326.932432432432,-29.8456303064577,3,3
334.608108108108,326.810810810811,-30.4265207619965,4,3
334.646666666667,326.806666666667,-30.4172765812182,2,3
334.486842105263,326.644736842105,-30.4781414102498,6,3
334.14,326.46,-30.5550598436289,8,3
334.065789473684,326.302631578947,-31.4963689061424,6,3
334.006666666667,326.273333333333,-31.8373170542186,4,3
333.908496732026,326.235294117647,-31.5209969711054,3,3
333.771812080537,326.03355704698,-31.8046444424313,6,3
333.423841059603,325.860927152318,-31.6369885767814,8,3
333.506578947368,325.848684210526,-32.0884440546589,3,3
333.366666666667,325.74,-31.5898660312676,6,3
333.378378378378,325.75,-31.4524801442408,8,3
333.052287581699,325.542483660131,-31.7177160470263,9,3
332.875,325.447368421053,-32.4594581622392,9,3
332.650684931507,325.232876712329,-33.2653346234737,10,3
332.706666666667,325.246666666667,-33.2990387348068,6,3
332.724832214765,325.268456375839,-32.9061228978547,3,3
332.56,325.073333333333,-33.24447479085,5,3
332.414965986395,325,-33.0870076741757,5,3
332.425675675676,324.986486486487,-32.6595150479906,3,3
332.390410958904,324.979452054795,-32.7917777969164,4,3
332.413333333333,324.886666666667,-33.3776753532701,6,3
331.880794701987,324.529801324503,-33.6686234456216,9,3
331.888888888889,324.529411764706,-33.7474975976648,6,3
331.78064516129,324.432258064516,-34.3189025014325,4,3
331.78431372549,324.483660130719,-33.9539109674884,6,3
331.785714285714,324.357142857143,-33.9450244755548,7,3
331.602739726027,324.184931506849,-33.811682431336,8,3
NaN,NaN,NaN,146,3
441.664473684211,234.322368421053,20.7924705584533,NaN,4
442.551948051948,234.149350649351,-5.88518383234202,38,4
443.994413407821,234.737430167598,-11.6517321045023,85,4
445.083333333333,234.661111111111,-13.739856807314,57,4
448.351955307263,234.715083798883,-1.41705793914979,95,4
451.744827586207,235.358620689655,12.5253586097221,100,4
453.047619047619,235.244897959184,15.8967725314578,24,4
454.6125,235.3875,20.4046587203337,61,4
455.719512195122,235.268292682927,23.5308188445643,40,4
458.11038961039,234.032467532468,15.8791320879467,64,4
459.528662420382,233.235668789809,15.7259587946003,41,4
460.646666666667,232.58,17.4665805858921,35,4
461.99358974359,231.75641025641,21.9171144680143,44,4
462.805194805195,231.207792207792,23.4337362017716,28,4
464.87074829932,229.931972789116,37.3539835951675,47,4
466.078947368421,229.203947368421,39.7568732234681,33,4
467.08275862069,228.303448275862,42.6615567306586,29,4
468.19014084507,227.443661971831,39.5330409489446,27,4
469.028368794326,226.695035460993,40.1568332792779,27,4
470.214765100671,225.724832214765,39.5861205430423,28,4
471.422077922078,224.811688311688,35.5528715955657,31,4
472.050955414013,224.254777070064,36.2419224615934,23,4
473.2,223.446666666667,34.7968099007216,35,4
473.490445859873,223.006369426752,33.7285391855285,23,4
475.278911564626,221.687074829932,34.4909343932049,40,4
476.456375838926,220.751677852349,36.5047858442088,30,4
476.958904109589,220.356164383562,38.3386251447606,19,4
477.971830985916,219.683098591549,38.4917838800833,26,4
478.263513513513,219.243243243243,39.9037151572556,22,4
479.683098591549,218.035211267606,42.1935235419644,36,4
480.793103448276,217.068965517241,44.1186014705691,27,4
481.394557823129,216.714285714286,43.3004817269478,18,4
482.276315789474,216.144736842105,42.1398805094357,25,4
482.824324324324,215.52027027027,41.7124772219016,16,4
483.74358974359,215.025641025641,39.9103183679546,28,4
484.785714285714,214.155844155844,38.3374249205095,28,4
485.265306122449,213.863945578231,37.8934303400937,17,4
486.289473684211,212.914473684211,39.5805706992568,23,4
486.437908496732,212.62091503268,38.4783154270855,15,4
487.8,211.627586206897,38.9456658020584,32,4
488.52,210.946666666667,40.9503964913032,19,4
489.130136986301,210.493150684931,41.4913063894822,20,4
489.657718120805,210.214765100671,39.8414202364321,17,4
490.446808510638,209.347517730496,42.8705637434592,22,4
491.236111111111,208.736111111111,43.9470429560109,23,4
492.007042253521,208.014084507042,44.7719481213356,24,4
492.521739130435,207.579710144928,44.14606173042,14,4
493.4,206.757142857143,45.7418439592229,22,4
493.927536231884,206.398550724638,46.0178056973568,14,4
494.698529411765,205.742647058824,46.034120101735,24,4
495.239130434783,205.188405797101,45.6559284085472,16,4
495.577464788732,204.788732394366,46.4888911796816,14,4
496.132867132867,204.244755244755,46.134601162208,19,4
496.433823529412,203.963235294118,46.7823431994388,15,4
496.985815602837,203.446808510638,46.9752520668693,13,4
497.729927007299,202.766423357664,47.3937363315723,20,4
498.21897810219,202.372262773723,48.3760919309202,16,4
498.6,202.085714285714,47.7666926310159,11,4
499.05035971223,201.776978417266,48.9332563842598,13,4
499.360294117647,201.375,48.790032710336,11,4
499.723404255319,200.936170212766,50.4495366946784,15,4
500.227941176471,200.441176470588,51.8410120245365,15,4
500.556390977444,200.187969924812,50.3334688492905,11,4
500.755555555556,199.903703703704,50.9468027971288,8,4
501.223880597015,199.432835820896,51.4005929271607,15,4
501.390977443609,199.187969924812,51.5455300865276,11,4
501.681481481481,198.933333333333,53.0812782786457,10,4
501.978260869565,198.673913043478,52.0032892593572,7,4
502.384057971014,198.369565217391,52.2202931700517,10,4
502.822222222222,197.822222222222,52.7650366216115,15,4
503.184397163121,197.503546099291,53.3203448111495,14,4
503.262773722628,197.350364963504,52.9408209577578,8,4
503.723880597015,196.738805970149,53.3690137519869,15,4
503.507352941176,196.948529411765,53.318865002845,10,4
504.291044776119,196.253731343284,53.6103674893723,22,4
504.503546099291,195.886524822695,53.7150680533271,13,4
504.768656716418,195.671641791045,53.9632048401677,9,4
504.898550724638,195.45652173913,53.5190715539136,12,4
505.14598540146,195.29197080292,52.9995360063995,7,4
505.366197183099,195.12676056338,53.0860639248732,11,4
505.628571428571,194.728571428571,53.4888127722685,12,4
505.724637681159,194.804347826087,52.4990141522221,10,4
506.078571428571,194.242857142857,52.452686280955,14,4
506.269503546099,194.170212765957,52.4455140516219,9,4
506.581560283688,193.843971631206,52.3790431310608,16,4
506.943262411348,193.404255319149,52.5122505151337,10,4
507.128571428571,193.228571428571,51.8335867267964,5,4
507.260869565217,193.065217391304,51.6701805018795,6,4
507.237037037037,193.044444444444,51.8252045172683,5,4
507.730496453901,192.63829787234,52.13514710058,14,4
508.129496402878,192.122302158273,51.1495072095459,14,4
508.121428571429,192.114285714286,51.4992879955721,5,4
508.208633093525,192.028776978417,51.1433719010273,7,4
508.578571428571,191.607142857143,50.8876621461949,7,4
508.687943262411,191.41134751773,51.6340476054525,9,4
508.851063829787,191.191489361702,50.5340532896771,14,4
508.957746478873,191.274647887324,50.7809471258608,7,4
509.224637681159,191.007246376812,50.2476173606854,8,4
509.486111111111,190.6875,50.2172556734699,8,4
509.840579710145,190.152173913043,50.2645725179737,12,4
509.985401459854,189.934306569343,50.3163976946237,9,4
510.144927536232,189.884057971014,49.6108310400247,9,4
510.352112676056,189.507042253521,49.878027160207,10,4
NaN,NaN,NaN,142,4
428.086330935252,224.553956834532,43.1546830056778,NaN,5
428.118518518518,224.385185185185,42.8152983687529,8,5
427.977777777778,224.607407407407,43.3880894966575,6,5
427.894736842105,224.706766917293,43.2972647937911,6,5
427.753846153846,224.923076923077,43.2179548127607,9,5
427.672,225.04,43.6385558761273,5,5
427.717557251908,224.854961832061,44.5865301103865,6,5
427.738805970149,224.791044776119,44.9820313177378,11,5
427.786764705882,224.852941176471,45.4035587051853,10,5
427.84328358209,224.791044776119,44.127329038394,16,5
428.021739130435,224.630434782609,43.4795603443128,14,5
427.978102189781,224.766423357664,43.2951650549226,9,5
428.078014184397,224.687943262411,44.2150342314391,10,5
427.963768115942,224.985507246377,44.5745304321072,7,5
428.007692307692,224.953846153846,43.4018776946064,10,5
427.839694656489,225.129770992366,45.4461829351154,9,5
427.787878787879,225.098484848485,45.4583621177672,7,5
427.862595419847,225.06106870229,45.2826270707112,9,5
427.730769230769,225.023076923077,43.3282543844293,7,5
427.809160305344,224.916030534351,44.3513464340372,9,5
427.94776119403,225.089552238806,44.9445735753198,9,5
428,224.932835820896,44.6943392190195,6,5
428.022222222222,224.844444444444,44.501329288024,5,5
428.065217391304,224.760869565217,45.1893153732742,5,5
428.261194029851,224.65671641791,43.9152483207624,10,5
428.167883211679,224.78102189781,44.2294171224875,11,5
428.366197183099,224.647887323944,45.1770074346499,9,5
428.221428571429,224.8,44.2642275017988,6,5
428.235714285714,224.792857142857,44.4202752629475,2,5
428.345323741007,224.812949640288,44.3920860333135,7,5
428.172661870504,224.906474820144,45.2635158040247,12,5
428.238805970149,224.865671641791,44.1017979900395,11,5
428.18045112782,224.96992481203,44.0829845336056,7,5
428.214814814815,225.02962962963,44.5952258581904,4,5
428.274074074074,224.948148148148,45.7887668539103,10,5
428.424460431655,224.791366906475,45.1003125682186,12,5
428.37323943662,224.845070422535,46.751502351862,11,5
428.54347826087,224.594202898551,44.0765373519488,10,5
428.379310344828,224.703448275862,43.3657625543626,7,5
428.388888888889,224.708333333333,45.8099548345415,11,5
428.689189189189,224.432432432432,44.9483471228927,10,5
428.806666666667,224.266666666667,44.6218309647521,8,5
428.555555555556,224.43137254902,46.5605892373891,13,5
428.460526315789,224.414473684211,45.9045968247617,7,5
428.53164556962,224.164556962025,45.9703678922705,14,5
428.699346405229,224.176470588235,45.9292682206303,7,5
428.638157894737,224.25,45.1679483663795,5,5
428.626666666667,224.226666666667,44.8303630129865,6,5
428.664473684211,224.296052631579,44.6100729780045,4,5
428.61935483871,224.354838709677,45.4579354822452,7,5
428.575163398693,224.601307189542,46.7738722539269,14,5
428.586666666667,224.493333333333,46.0849705464614,5,5
428.673333333333,224.42,45.0891886856822,4,5
428.629139072848,224.470198675497,45.1833766614475,1,5
428.606666666667,224.56,46.1393416906397,7,5
428.557823129252,224.863945578231,46.5593922840645,11,5
428.727272727273,224.853146853147,44.8444487636036,14,5
428.712230215827,224.762589928058,44.8678137071555,10,5
428.621428571429,224.964285714286,44.6453557385143,7,5
428.729166666667,224.770833333333,45.1185137090891,12,5
428.850340136054,224.816326530612,46.8531454158814,11,5
428.741496598639,224.972789115646,46.3667072770611,6,5
428.692307692308,225.055944055944,45.8888060205763,8,5
428.79020979021,224.867132867133,45.314632076894,4,5
428.858108108108,224.743243243243,46.3813823531702,7,5
428.678321678322,225.146853146853,46.4910615307013,9,5
428.744680851064,225.021276595745,46.3427618697902,6,5
428.746478873239,225.154929577465,45.8771889955108,7,5
428.732876712329,225.123287671233,47.0418809725249,6,5
428.826388888889,225.048611111111,46.052030412346,4,5
428.824324324324,225.047297297297,44.9942035734267,8,5
428.798657718121,225.174496644295,47.1897560912908,13,5
428.84,225.12,46.9065137567406,7,5
428.678321678322,225.258741258741,46.140491069894,13,5
428.659863945578,225.197278911565,45.4663375236576,14,5
428.832214765101,225.107382550336,45.985918186832,6,5
428.913333333333,225.033333333333,46.1631919795719,3,5
428.775641025641,224.820512820513,46.3845339562027,10,5
428.820512820513,224.769230769231,46.039497280592,6,5
428.981927710843,224.590361445783,47.6175327791168,10,5
429.222857142857,224.091428571429,48.6283552242237,15,5
429.431818181818,223.840909090909,49.2833071658089,9,5
429.939890710382,223.382513661202,50.3934104147931,27,5
430.25,222.828125,52.9112213164552,21,5
429.901639344262,223.420765027322,53.067280862953,37,5
429.524691358025,224.296296296296,47.4061256603484,49,5
429.744318181818,223.681818181818,50.7046024885938,32,5
429.884615384615,223.236263736264,55.6704031491358,46,5
429.942105263158,223.005263157895,56.0633462031132,22,5
430.333333333333,223.543859649123,53.8640774143249,35,5
430.394904458599,224.15923566879,51.8149160012329,30,5
430.11320754717,224.283018867925,52.1547475311401,16,5
429.938650306748,224.147239263804,50.8962426001181,20,5
429.903614457831,224.090361445783,50.3025140644663,9,5
429.587878787879,224.363636363636,50.5384844742071,17,5
429.204968944099,224.770186335404,48.8829601502513,16,5
428.857142857143,225.12987012987,49.279187251996,17,5
428.746478873239,225.704225352113,51.3034129358735,18,5
428.724637681159,225.963768115942,52.0378562795176,14,5
429.39552238806,225.089552238806,48.0324943451773,26,5
429.456140350877,224.052631578947,51.520945263331,39,5
429.391025641026,224.602564102564,49.2317721981085,23,5
429.441717791411,224.822085889571,43.8450299138608,33,5
429.033333333333,225.406666666667,45.295660742952,23,5
429.139072847682,225.377483443709,46.7884290403326,25,5
429.149659863946,225.455782312925,48.1119148138338,18,5
429.170068027211,225.421768707483,46.9106853100018,10,5
428.973154362416,225.604026845638,47.5119965303845,16,5
428.853146853147,225.678321678322,45.6226227415266,10,5
428.938356164384,225.924657534247,47.4315328364029,11,5
429.007042253521,225.887323943662,48.7139185745597,8,5
429.014184397163,225.858156028369,48.0460807431701,5,5
429.138888888889,225.736111111111,48.4566477184559,7,5
429.125,225.868055555556,47.8387818242276,6,5
429.339869281046,225.627450980392,48.1088268757129,9,5
429.244897959184,225.829931972789,46.9686286450901,14,5
429.26,225.773333333333,47.8720332264524,7,5
429.248322147651,225.892617449664,47.7762584990987,7,5
429.224489795918,225.959183673469,47.1595884649116,6,5
429.124183006536,226.052287581699,47.6661365138839,12,5
429.086092715232,226.225165562914,48.2788952185525,10,5
429.103448275862,226.31724137931,48.1446709352906,10,5
429.041379310345,226.434482758621,48.6189630981427,4,5
429.111111111111,226.333333333333,48.2426559892543,5,5
429.111111111111,226.388888888889,48.4523829725525,6,5
429.286666666667,225.993333333333,49.0470749983486,10,5
429.16339869281,226.045751633987,49.571191338713,5,5
429.16,226.233333333333,49.5260729821873,9,5
429.155844155844,226.175324675325,49.3372880555168,8,5
429.272151898734,225.848101265823,49.8458583359945,8,5
429.191358024691,225.901234567901,50.1519599946839,6,5
429.152866242038,226.095541401274,49.6919105156837,11,5
429.095541401274,226.203821656051,50.5490589434728,8,5
429.038709677419,226.341935483871,50.2351675679719,8,5
429.145569620253,226.208860759494,50.9855175972013,9,5
428.916666666667,226.49358974359,49.7304144352155,12,5
428.933774834437,226.516556291391,49.4137785364299,7,5
429.038961038961,226.571428571429,50.5073990578553,13,5
428.909677419355,226.58064516129,50.3383213576641,5,5
428.75,226.5875,51.417046391429,11,5
428.902597402597,226.512987012987,51.8182331809867,10,5
428.857142857143,226.577639751553,51.6081781898949,9,5
429.0875,226.4,52.9566316944577,11,5
428.974358974359,226.544871794872,53.898755094824,6,5
428.732919254658,226.695652173913,51.8534304766364,9,5
428.774193548387,226.838709677419,51.5366195328409,8,5
428.588235294118,227.065359477124,50.5902600023236,6,5
428.732484076433,226.980891719745,51.2647140528331,8,5
428.78431372549,227.078431372549,52.2963870056322,8,5
428.844594594595,227.081081081081,52.9845615095698,7,5
428.820689655172,227.165517241379,52.8787923864941,5,5
428.91095890411,227.280821917808,52.1834279306806,9,5
428.68275862069,227.468965517241,53.5753537929932,11,5
428.732876712329,227.301369863014,52.9964002987606,5,5
428.621621621622,227.486486486486,52.8458075127227,8,5
428.816326530612,227.380952380952,53.1016676471533,7,5
428.804054054054,227.351351351351,53.2113960631878,3,5
428.868055555556,227.395833333333,52.5305023878813,6,5
428.734265734266,227.475524475524,52.9826418326059,9,5
428.712230215827,227.661870503597,53.0267034595186,10,5
428.716312056738,227.702127659574,53.6760429768165,4,5
428.7,227.607142857143,52.3722068108486,5,5
428.801418439716,227.617021276596,54.2872685674892,7,5
428.57037037037,227.851851851852,52.7974041120242,8,5
428.673758865248,227.709219858156,52.5085603047816,8,5
428.41726618705,227.978417266187,52.3318311092297,8,5
428.5,227.736111111111,53.6509570543796,9,5
428.522580645161,227.567741935484,55.7277210605466,13,5
428.783950617284,227.216049382716,56.493820483487,15,5
428.78064516129,226.961290322581,55.9657005961659,11,5
429.714285714286,225.874285714286,61.2583088599546,56,5
429.650273224044,226.349726775956,65.1271498595958,36,5
429.571428571429,226.771428571429,75.8994815680748,62,5
429.597765363128,227.899441340782,84.7963875713108,38,5
428.723618090452,230.472361809045,-83.4948663920886,116,5
430.225165562914,237.284768211921,72.2220383835787,152,5
430.426573426573,239.195804195804,58.977342148162,68,5
429.511278195489,241.518796992481,43.1809431433979,90,5
428.536231884058,242.471014492754,44.4479943280906,39,5
428.011904761905,242.369047619048,51.153792847733,58,5
425.959459459459,244.108108108108,60.6668647302986,66,5
424.883211678832,245.262773722628,61.9849697479179,39,5
424.175324675325,246.344155844156,61.1733482450881,51,5
423.832258064516,246.651612903226,60.577327883212,19,5
422.926829268293,247.658536585366,56.3980922486682,37,5
421.900621118012,248.95652173913,49.3683882235432,43,5
421.621118012422,249.198757763975,47.2274250715516,16,5
420.824242424242,250.412121212121,41.8188766167923,42,5
420.624242424242,250.527272727273,42.2969096334792,20,5
419.273333333333,251.933333333333,40.3997548329726,37,5
418.523178807947,252.695364238411,43.0576123482559,25,5
417.6875,253.375,43.5298551344629,21,5
416.58273381295,254.309352517986,44.4736476574087,27,5
415.950354609929,254.936170212766,44.4963151442028,20,5
414.848275862069,255.875862068966,43.9940683023268,32,5
414.107382550336,256.543624161074,42.0007497037656,30,5
413.425675675676,257.027027027027,40.0514919296192,21,5
412.398692810458,257.915032679739,37.1764014415366,27,5
412.12582781457,258.211920529801,36.1551925446955,12,5
411.092715231788,259.059602649007,34.6449424367442,28,5
410.039473684211,259.723684210526,33.8894083006898,25,5
409.566878980892,259.904458598726,34.1966732735532,13,5
408.613333333333,260.533333333333,31.755714495628,23,5
408.137254901961,260.830065359477,34.0962329924572,19,5
406.967105263158,261.697368421053,34.4741711579642,25,5
405.846666666667,262.486666666667,35.5934934885931,26,5
405.13986013986,263.006993006993,36.1397042552091,17,5
404.172413793103,263.765517241379,38.1165627612225,26,5
403.858108108108,263.858108108108,38.5861565652846,15,5
402.993103448276,264.558620689655,40.2682071976416,23,5
402.277777777778,264.972222222222,40.0347695041118,13,5
401.946308724832,265.342281879195,40.1489478899684,21,5
401.08843537415,265.755102040816,39.8421204531361,22,5
400.701388888889,266.111111111111,39.1507568324933,15,5
399.938356164384,266.438356164384,39.0766818754946,20,5
399.08904109589,267.219178082192,37.6733435280136,22,5
398.726666666667,267.62,38.9312614498366,12,5
398.110344827586,267.986206896552,38.1647425757029,17,5
397.8125,268.013888888889,38.2951294809978,11,5
396.914893617021,268.900709219858,37.3887134032949,23,5
396.565217391304,269.275362318841,37.0971931432105,9,5
396.161971830986,269.647887323944,38.4814018346175,8,5
395.638888888889,270.034722222222,37.9575576801035,16,5
395.218309859155,270.345070422535,38.2939652553892,10,5
394.617021276596,270.836879432624,38.9564406175728,13,5
394.094890510949,271.313868613139,38.1268365338808,12,5
393.711267605634,271.640845070423,39.0983771608989,11,5
393.253521126761,271.929577464789,38.7885838408391,12,5
393.079136690647,272.107913669065,39.4556963682394,9,5
392.432624113475,272.553191489362,39.2345901588836,16,5
391.858156028369,272.950354609929,38.0702600562385,16,5
391.952054794521,272.869863013699,38.3321681365508,9,5
391.069444444444,273.451388888889,39.2194394913342,20,5
391.013986013986,273.657342657343,38.5925172682115,9,5
390.645833333333,273.951388888889,39.265848259799,9,5
390.26618705036,274.158273381295,39.3281270921722,9,5
389.882352941176,274.433823529412,38.845454905393,9,5
389.489208633094,274.73381294964,37.885573314932,9,5
389.314685314685,274.895104895105,38.8189414149196,8,5
388.793103448276,275.213793103448,37.2274719454681,14,5
388.314685314685,275.559440559441,37.5538052126368,12,5
388.054421768707,275.768707482993,38.0742040358131,10,5
387.75,276.067567567568,36.9897207092317,9,5
387.662162162162,276,37.1432207356739,8,5
387.4375,276.25,37.50784885716,8,5
386.840277777778,276.541666666667,38.0259508535456,12,5
386.659722222222,276.611111111111,37.4417721936352,8,5
386.563758389262,276.771812080537,38.1511703058764,7,5
386.344370860927,276.913907284768,37.868813584159,8,5
386.02,276.953333333333,36.7093183927147,11,5
385.818791946309,277.187919463087,37.5818592498287,7,5
385.66,277.426666666667,38.2214986820666,5,5
385.333333333333,277.562091503268,37.647261232098,11,5
385.104575163399,277.764705882353,37.2686741546172,8,5
384.929487179487,277.814102564103,37.7274136769619,7,5
384.692307692308,277.980769230769,36.7076561536514,10,5
384.383116883117,278.188311688312,36.3926801056132,8,5
384.350993377483,278.158940397351,35.6528390394633,13,5
384.145569620253,278.310126582278,36.5521169854747,11,5
383.635761589404,278.635761589404,35.7101848680526,13,5
383.437086092715,278.761589403974,37.168471183981,12,5
383.238410596026,278.867549668874,35.8393582059329,12,5
382.862745098039,279.098039215686,37.2389675628993,14,5
382.801324503311,279.264900662252,35.5701584177042,8,5
382.78231292517,279.210884353742,36.197755715203,8,5
382.351351351351,279.527027027027,36.362617226196,9,5
382.206666666667,279.646666666667,36.8407064954626,8,5
381.771241830065,279.803921568627,35.6488887392294,11,5
381.647058823529,279.862745098039,35.3136268172454,6,5
381.390410958904,280.13698630137,34.5526235385568,13,5
381.367346938775,280.108843537415,34.669882038019,5,5
381.06,280.26,34.3316341130069,7,5
380.939189189189,280.344594594595,34.5330834380092,6,5
380.585034013605,280.544217687075,33.2743849266186,9,5
380.876623376623,280.331168831169,34.7534713096207,9,5
380.596026490066,280.582781456954,34.4949247130599,9,5
380.503355704698,280.664429530201,34.8180451765071,4,5
380.303797468354,280.721518987342,35.4671677124846,11,5
379.844155844156,281.071428571429,33.8243284466482,12,5
379.686274509804,281.156862745098,33.2811726112838,9,5
379.716216216216,281.195945945946,34.0034788353177,9,5
379.754966887417,281.211920529801,34.2988837548427,7,5
379.372549019608,281.477124183007,35.1323495600007,10,5
379.326797385621,281.562091503268,34.242574925366,12,5
379.183544303797,281.620253164557,34.4943974706143,11,5
379,281.62893081761,33.5674547445056,9,5
378.916129032258,281.767741935484,33.8494681637004,6,5
378.745222929936,281.770700636943,34.6331179105849,8,5
378.603896103896,281.948051948052,34.4351359193579,7,5
378.483870967742,281.967741935484,35.3011103299287,9,5
378.396226415094,281.949685534591,35.4776299995374,6,5
378.254777070064,282.070063694268,34.2995803916741,8,5
378.12101910828,282.03821656051,34.9367707106079,10,5
378.187096774194,282.135483870968,34.9204014061843,8,5
377.81045751634,282.326797385621,33.4395539050989,8,5
377.732026143791,282.40522875817,33.8130047320199,4,5
377.496644295302,282.577181208054,32.8435649067252,8,5
377.424836601307,282.627450980392,33.52552026417,6,5
377.535031847134,282.617834394904,34.1822291966384,4,5
377.151315789474,282.901315789474,33.7063421067773,13,5
377.006289308176,283.025157232704,33.36222198346,11,5
377.126582278481,282.873417721519,34.1232160550061,11,5
376.822368421053,283.197368421053,33.0434630284176,8,5
376.818181818182,283.162337662338,32.8618629757737,2,5
376.738562091503,283.176470588235,33.193502224926,5,5
376.61935483871,283.270967741935,33.0094105600382,10,5
376.564935064935,283.344155844156,32.8845517722955,9,5
376.570469798658,283.44966442953,32.1938208985252,13,5
376.587096774194,283.535483870968,33.7836411228694,10,5
376.409090909091,283.733766233766,34.241450060336,11,5
376.019736842105,283.934210526316,33.2720267760577,12,5
376.039215686275,283.941176470588,34.8027867501645,7,5
375.941176470588,284.137254901961,33.7617307980989,12,5
375.820512820513,284.26282051282,32.9361357995175,11,5
375.777777777778,284.21568627451,33.420748675369,7,5
375.774193548387,284.245161290323,33.5733723150466,6,5
375.806451612903,284.148387096774,33.8542881475933,10,5
375.658064516129,284.238709677419,33.9630240814495,10,5
375.642857142857,284.292207792208,33.9313006190087,9,5
375.54,284.4,32.4902499140039,14,5
375.443708609272,284.390728476821,32.0253464271068,7,5
375.474025974026,284.376623376623,33.3100053365243,9,5
375.3375,284.475,32.9145345304365,12,5
375.196319018405,284.490797546012,33.6326815297794,11,5
375,284.635220125786,33.0373800121558,8,5
374.980891719745,284.821656050955,33.5192045740476,6,5
374.980769230769,284.846153846154,32.2474454480838,7,5
374.896103896104,285.077922077922,32.281178295698,8,5
374.895424836601,285.104575163399,32.4827183624314,3,5
374.649006622517,285.238410596026,32.4607392480206,8,5
374.790849673203,285.333333333333,33.5679629397074,6,5
374.782051282051,285.205128205128,33.035492227207,11,5
374.76282051282,285.474358974359,34.2511019488044,14,5
374.825806451613,285.290322580645,33.3827128630997,11,5
374.527027027027,285.702702702703,33.4283467878902,13,5
374.583333333333,285.641025641026,35.0656380614879,10,5
374.587096774194,285.548387096774,33.6392929896869,9,5
374.551282051282,285.49358974359,33.2565032681382,7,5
374.522012578616,285.591194968553,34.003379615778,7,5
374.329192546584,285.751552795031,33.935392463333,10,5
374.333333333333,285.842767295597,34.1190904938366,8,5
374.12101910828,285.942675159236,33.3494760495689,10,5
374.058064516129,285.948387096774,32.7013192382623,4,5
NaN,NaN,NaN,155,5
373.111842105263,290.585526315789,30.2418500989074,NaN,6
373.316770186335,290.478260869565,30.2635251509934,11,6
373.102564102564,290.679487179487,31.2115159624587,11,6
373.238410596026,290.543046357616,31.6922596482281,9,6
373.064935064935,290.74025974026,31.0939101207714,11,6
373.288461538462,290.73717948718,31.1239032446504,8,6
373.397435897436,290.698717948718,31.478176398215,6,6
373.270440251572,290.704402515723,31.0462165201992,13,6
373.512195121951,290.59756097561,33.1994893952541,11,6
373.544444444444,290.194444444444,32.9806157974721,24,6
373.033333333333,290.316666666667,33.0235571263121,16,6
373,290.421348314607,34.37757522892,30,6
373.171779141104,290.779141104294,44.4166894149922,61,6
373.33125,291.46875,68.8624725450492,43,6
371.771428571429,294.4,84.1654493406074,74,6
371.07486631016,296.336898395722,64.4425490320984,71,6
370.852071005917,297.07100591716,57.343095427624,28,6
368.9375,301.3875,56.103703691101,105,6
367.666666666667,303.367231638418,61.2405747583017,49,6
364.26875,308.1875,53.1218674949872,109,6
360.94,311.22,26.428345920347,102,6
359.257142857143,311.857142857143,22.8161221994082,40,6
355.801204819277,314.096385542169,29.9824350255916,92,6
354,315.023952095808,32.0169682358221,47,6
349.670658682635,317.047904191617,24.7451121368143,86,6
347.164705882353,318.488235294118,16.5547307989294,71,6
345.208860759494,319.449367088608,14.8295458768746,46,6
342.169696969697,320.454545454545,18.0619098574395,59,6
340.539877300614,321.079754601227,18.2961606769954,44,6
337.919254658385,321.925465838509,12.6699608917121,64,6
335.420454545455,322.647727272727,3.36225337805195,67,6
334.826815642458,322.759776536313,4.15375066263359,25,6
332.247252747253,323.313186813187,6.27871086343634,55,6
330.85119047619,323.755952380952,7.45121379513815,36,6
328.150602409639,324.632530120482,3.69913817426161,70,6
325.831168831169,324.331168831169,6.11970846238313,68,6
324.817073170732,324.286585365854,1.03198959953719,28,6
323.384615384615,324.254437869822,-5.12538276296715,49,6
323.142045454545,324.130681818182,-3.37746205151067,21,6
320.29375,324.14375,1.18459005955933,54,6
317.567901234568,324.228395061728,2.77984050935181,54,6
316.509316770186,324.204968944099,2.51277244751177,23,6
314.55,323.825,0.248032692241027,61,6
313.675,323.75625,-2.80027592209323,24,6
311.784810126582,323.79746835443,-11.6718751078529,50,6
310.83850931677,323.633540372671,-13.2572206445111,35,6
309.764331210191,323.267515923567,-11.2756786026197,28,6
308.25,322.951219512195,-7.80456994034898,41,6
307.339622641509,322.74213836478,-7.07271401077312,23,6
305.474683544304,322.303797468354,-6.69353518791172,41,6
304.2,322.006060606061,-7.57432075841422,35,6
303.312101910828,321.949044585987,-8.68338495606431,20,6
301.83125,321.60625,-13.7604085150711,33,6
301.067901234568,321.462962962963,-16.0267384788963,20,6
299.415094339623,320.974842767296,-22.1081488856172,37,6
298.201257861635,320.477987421384,-23.2359812678907,30,6
297.729559748428,320.40251572327,-22.0936031006755,16,6
295.640522875817,319.457516339869,-23.8233424654006,42,6
295.134615384615,319.365384615385,-22.7913109098168,23,6
294.032467532468,318.915584415584,-21.5203660883128,28,6
293.337579617834,318.515923566879,-22.6358509817269,27,6
292.393333333333,317.966666666667,-23.8412443430641,23,6
290.893617021277,317.418439716312,-26.4424459829919,31,6
290.013698630137,316.938356164384,-31.0295934864979,25,6
288.979310344828,316.524137931034,-32.6470153484865,29,6
288.083333333333,316.027777777778,-33.0561286049375,23,6
287.793103448276,315.813793103448,-32.4810030676128,15,6
286.621621621622,315.013513513513,-33.610811414151,27,6
285.959183673469,314.612244897959,-33.5142333406318,13,6
285.125,314.210526315789,-32.5135319942202,19,6
284.299319727891,313.421768707483,-33.5560769554815,23,6
283.98,313.273333333333,-32.7262933400963,11,6
283.359477124183,312.738562091503,-33.8237238217476,21,6
282.841059602649,312.390728476821,-33.0318058492367,12,6
281.805369127517,311.697986577181,-34.4344353600524,22,6
281.388157894737,311.381578947368,-35.4709778657112,17,6
280.823129251701,310.938775510204,-36.451233401437,15,6
280.013157894737,310.355263157895,-39.0255634534616,21,6
279.664429530201,310.093959731544,-39.7547192199859,19,6
278.649006622517,309.145695364238,-41.7321133852706,22,6
277.785234899329,308.510067114094,-43.0645319332077,22,6
277.826666666667,308.48,-42.1429904856811,9,6
276.833333333333,307.446666666667,-44.5527072233091,24,6
276.666666666667,307.204081632653,-43.7485303271149,9,6
276.215277777778,306.784722222222,-44.714658584742,15,6
275.695364238411,306.139072847682,-43.4205230296364,25,6
275.538461538462,305.891025641026,-44.0905806901148,9,6
275.320512820513,305.50641025641,-44.3500630505813,12,6
274.868421052632,305.190789473684,-44.1841108961197,14,6
274.366666666667,304.633333333333,-44.5599539002337,14,6
273.936708860759,304.082278481013,-44.9169073581309,18,6
273.651612903226,303.838709677419,-45.0670425874144,9,6
273.326797385621,303.372549019608,-45.7814388627633,12,6
273.275641025641,303.320512820513,-45.6640975075782,7,6
272.822784810127,302.658227848101,-48.0077219303714,20,6
272.171052631579,301.986842105263,-48.2197958033186,18,6
272.156862745098,301.97385620915,-48.5394657797316,7,6
271.894736842105,301.440789473684,-49.5275747157143,15,6
271.74358974359,301.275641025641,-49.099143073784,8,6
271.253333333333,300.786666666667,-48.8436490071549,16,6
271.135483870968,300.451612903226,-48.7887732232745,15,6
270.855263157895,300.190789473684,-49.249251569979,15,6
270.764331210191,300.165605095541,-48.5115601001774,11,6
270.677215189873,299.943037974684,-48.809800258586,9,6
270.441558441558,299.616883116883,-48.680525580266,8,6
270.322580645161,299.296774193548,-48.083210858333,11,6
270.06875,298.9125,-49.2555486181992,11,6
269.835443037975,298.76582278481,-48.699400414539,12,6
269.873417721519,298.898734177215,-47.6913642415809,8,6
269.680981595092,298.521472392638,-48.5089025454539,9,6
269.45,298.075,-49.0632969820023,15,6
269.294871794872,297.910256410256,-49.0841160767612,6,6
269.184210526316,297.789473684211,-49.2141944318379,12,6
269.025157232704,297.503144654088,-50.1607083451285,11,6
268.792207792208,297.188311688312,-48.9028575124848,11,6
268.477987421384,296.710691823899,-49.7214506781678,11,6
268.5,296.632911392405,-49.5583037873362,9,6
268.343949044586,296.235668789809,-50.4311706152178,9,6
268.175324675325,296.123376623377,-50.2057706591713,5,6
267.865771812081,295.58389261745,-50.853617242745,11,6
267.697986577181,295.241610738255,-51.4978249290917,10,6
267.454545454545,294.867132867133,-51.4399640038846,8,6
267.283870967742,294.741935483871,-51.0886691056292,14,6
267.192307692308,294.532051282051,-51.4717891143125,5,6
267.077922077922,294.318181818182,-50.9786790272431,6,6
266.686666666667,293.746666666667,-51.6378909251929,12,6
266.693333333333,293.846666666667,-50.7832259044483,4,6
266.592105263158,293.506578947368,-51.5874609792746,8,6
266.75974025974,293.603896103896,-52.1191200217296,8,6
266.296052631579,293.125,-51.0035839240758,12,6
265.902597402597,292.857142857143,-51.8891431485659,12,6
265.949044585987,292.707006369427,-52.3567323047508,9,6
265.955414012739,292.68152866242,-51.8431308000501,14,6
265.761290322581,292.451612903226,-51.9091165547073,6,6
265.443037974684,292.151898734177,-51.4359819186315,11,6
265.382165605096,292.006369426752,-52.3017280918276,7,6
265.201298701299,291.785714285714,-52.8721088076507,5,6
265.083870967742,291.490322580645,-52.7958434346394,9,6
265.090909090909,291.512987012987,-52.7528250537842,5,6
264.859872611465,291.114649681529,-53.1931849968803,9,6
264.8,290.886666666667,-53.7452103760879,9,6
264.559210526316,290.631578947368,-54.1778752286566,8,6
264.473333333333,290.32,-54.4665619177301,10,6
264.543046357616,290.46357615894,-54.1601159501041,7,6
264.62987012987,290.441558441558,-53.6987209800482,9,6
264.254658385093,290.080745341615,-53.3910166764643,11,6
264.221518987342,289.803797468354,-53.8936544260563,7,6
263.974842767296,289.421383647799,-54.1961651795909,11,6
263.929032258065,289.464516129032,-54.0902198756295,8,6
263.633986928105,289.209150326797,-54.6484859279233,8,6
263.516339869281,289.111111111111,-54.831915614778,6,6
263.577922077922,289.097402597403,-54.7898891815411,7,6
263.585526315789,289.059210526316,-54.9047859768987,10,6
263.444444444444,288.869281045752,-55.4471468015395,7,6
263.294871794872,288.730769230769,-56.1343648038848,11,6
262.981012658228,288.512658227848,-54.7906659977639,12,6
262.993630573248,288.458598726115,-55.0125027259811,7,6
262.865384615385,288.346153846154,-54.9661427717025,7,6
262.7875,288.2625,-55.487454016804,8,6
262.634615384615,288.25641025641,-55.4336401746406,8,6
262.506666666667,288.073333333333,-55.6128756163329,8,6
262.529801324503,288.099337748344,-56.1846978283024,3,6
262.409090909091,287.720779220779,-56.1676208257033,9,6
262.464052287582,287.725490196078,-55.8883882884359,7,6
262.522875816993,287.803921568627,-56.2577466137271,8,6
262.271523178808,287.523178807947,-56.225336878106,12,6
262.292207792208,287.461038961039,-56.4638563791811,3,6
262.309677419355,287.193548387097,-56.7518504514538,9,6
262.167785234899,287.020134228188,-56.6576504697613,8,6
262.039473684211,286.802631578947,-56.7386737211533,9,6
262.096774193548,286.690322580645,-56.2191227143776,13,6
262.03821656051,286.592356687898,-55.7704822455449,14,6
262.102564102564,286.474358974359,-55.9652539534857,9,6
262.03144654088,286.408805031447,-55.3802546821589,9,6
261.936305732484,286.184713375796,-55.3733097170587,6,6
261.949685534591,286.056603773585,-55.7127768778232,10,6
261.993670886076,286.101265822785,-55.8705073786566,5,6
261.698717948718,285.544871794872,-56.4176354340446,12,6
261.774193548387,285.703225806452,-56.5507243804201,7,6
261.778481012658,285.537974683544,-56.3264906137114,9,6
261.74025974026,285.493506493507,-55.6739711243868,6,6
261.777070063694,285.496815286624,-56.3326289412745,5,6
261.720779220779,285.24025974026,-56.6145938009738,7,6
261.732026143791,285.18954248366,-56.0995314953285,3,6
261.537974683544,284.860759493671,-57.0839477129044,7,6
261.538461538462,284.769230769231,-56.7623142896249,6,6
261.601265822785,284.867088607595,-56.6218213431552,4,6
261.716049382716,285.012345679012,-56.9653779349021,10,6
261.603773584906,284.943396226415,-56.455089116327,9,6
261.525,284.55,-57.9391797253868,11,6
261.415584415584,284.435064935065,-57.2863488656205,8,6
261.441558441558,284.37012987013,-57.7482005707232,2,6
261.423076923077,284.211538461538,-57.9807391845856,8,6
261.357142857143,284.12987012987,-57.8342792803815,6,6
261.554838709677,284.174193548387,-57.6015518804945,7,6
261.303225806452,283.851612903226,-58.0854412466814,6,6
261.461538461538,283.916666666667,-58.0970474673274,5,6
261.46835443038,283.73417721519,-57.8895621555567,6,6
261.430379746835,283.73417721519,-58.0754970459374,6,6
261.4125,283.75,-58.0496791114564,6,6
261.2125,283.35,-58.9034618699967,12,6
261.305194805195,283.396103896104,-59.1481378474342,8,6
261.221518987342,283.221518987342,-58.4911506590749,8,6
261.141935483871,282.987096774194,-58.7540363309334,7,6
261.108280254777,282.853503184713,-59.5626925875663,6,6
261.111111111111,282.732026143791,-59.6333889934539,6,6
261.264516129032,282.896774193548,-58.6321871618423,4,6
261.196078431373,282.856209150327,-58.6459566301598,2,6
261.284810126582,283.018987341772,-58.9386706011973,9,6
261.270967741935,282.903225806452,-59.1681760632984,3,6
261.283870967742,282.825806451613,-58.3197606458374,6,6
261.272151898734,282.898734177215,-58.5764938054729,5,6
261.236842105263,282.697368421053,-58.6050275190783,6,6
261.156862745098,282.56862745098,-58.7981267814395,3,6
261.090909090909,282.590909090909,-58.8904363799625,7,6
261.18064516129,282.322580645161,-59.6964177427191,13,6
261.206451612903,282.341935483871,-59.2325779355651,12,6
261.083870967742,282.238709677419,-59.345403822357,6,6
261.104575163399,282.352941176471,-58.6061736556504,6,6
260.962025316456,281.911392405063,-59.7447845749892,15,6
261.1,282.0625,-59.1109289577579,8,6
260.974358974359,281.775641025641,-59.9291283827652,10,6
261.006451612903,281.851612903226,-59.279506442129,7,6
260.883116883117,281.642857142857,-58.9331459063814,5,6
260.748344370861,281.476821192053,-58.4637009814166,7,6
260.827814569536,281.437086092715,-59.0765226297315,4,6
260.843137254902,281.307189542484,-59.6790188159479,10,6
