402.185840707965,250.477876106195,67.3547281242173,NaN,1
402.16814159292,250.495575221239,67.2032038226465,2,1
402.132743362832,250.530973451327,67.1378531752286,6,1
402.036036036036,250.54954954955,67.6568527006036,6,1
402.080357142857,250.517857142857,67.7350803781196,5,1
402.153153153153,250.612612612613,67.2927342556032,5,1
402.122807017544,250.605263157895,66.5675744692694,5,1
402.219298245614,250.385964912281,67.5988891308145,6,1
402.214285714286,250.526785714286,67.6052220529829,6,1
402.145454545455,250.554545454545,67.9633996413392,2,1
402.02752293578,250.724770642202,68.3311238093489,5,1
401.990990990991,250.54954954955,68.4594736458805,8,1
402.12389380531,250.548672566372,68.418853963781,10,1
402.126126126126,250.558558558559,68.7009989783364,6,1
402.017857142857,250.526785714286,68.5161192846589,5,1
402.0625,250.571428571429,68.1140944780591,6,1
402.09009009009,250.612612612613,68.0791416267207,3,1
402.045045045045,250.531531531532,67.9012118293177,6,1
401.891891891892,250.738738738739,68.6587001318505,8,1
402.017857142857,250.517857142857,68.511714633479,5,1
402.017857142857,250.508928571429,68.5577936106429,6,1
402.070175438596,250.385964912281,68.6255270728472,8,1
402.061946902655,250.424778761062,68.6501463204917,7,1
401.991071428571,250.508928571429,67.881878109094,7,1
402.063636363636,250.518181818182,67.8558588644624,4,1
401.902654867257,250.53982300885,68.4033343470219,7,1
401.875,250.598214285714,68.2499407019141,5,1
401.990909090909,250.709090909091,68.2459364829137,6,1
402.044642857143,250.285714285714,69.1267475341583,10,1
402.243697478992,249.857142857143,68.6749752629986,13,1
402.454545454545,249.917355371901,73.5481522340793,24,1
402.776,249.928,76.7096275856846,26,1
403.108843537415,249.442176870748,-84.1005046005267,58,1
403.194968553459,249.716981132075,-73.5711339923704,86,1
403.496402877698,252.057553956835,-59.4498334006377,58,1
405.083333333333,254.075757575758,-63.8840389471384,61,1
405.571428571429,254.81954887218,-65.2461199181328,27,1
407.330769230769,257.446153846154,-66.7677543816476,51,1
408.15671641791,258.805970149254,-67.5049905015833,38,1
408.589147286822,259.868217054264,-68.8541299406928,23,1
409.98275862069,263.146551724138,-80.5744025137751,55,1
410.386554621849,264.621848739496,-84.1439268132664,27,1
410.959016393443,266.426229508197,-80.5179123148614,35,1
411.309734513274,269.159292035398,-79.1096650319269,49,1
411.570093457944,270.981308411215,-79.9958782065809,24,1
411.805309734513,272.982300884956,-81.3100855485517,36,1
412.032520325203,273.886178861789,-80.1789872213251,24,1
412.468253968254,275.896825396825,-76.4767193962694,43,1
413.08,278.192,-74.977000049107,47,1
413.228070175439,279.719298245614,-74.7184257805758,35,1
414.184210526316,282.666666666667,-73.7608521386226,50,1
414.547826086957,283.582608695652,-72.3860930583156,21,1
415.140495867769,285.264462809917,-70.2092045354452,36,1
415.771653543307,287.149606299213,-68.3498507321986,42,1
416.410714285714,288.973214285714,-68.1914381345458,37,1
417.537037037037,291.638888888889,-68.4430375669547,50,1
418.056074766355,292.644859813084,-66.5498566855171,21,1
418.844262295082,294.491803278689,-63.8982492187837,49,1
419.8203125,296.7265625,-64.3342404359065,56,1
420.383177570093,298.009345794393,-65.0853271665585,35,1
422.157407407407,301.675925925926,-65.3464688355532,71,1
422.681034482759,302.594827586207,-62.845989868463,30,1
423.33606557377,304.450819672131,-58.0145279136615,54,1
424.5234375,306.84375,-61.3700926794894,66,1
425.153153153153,308.036036036036,-60.0610022508678,29,1
426.92,311.18,-59.7086228754573,63,1
427.456140350877,312.19298245614,-60.259958012492,26,1
428.34188034188,314.290598290598,-55.538608787382,57,1
429.574803149606,316.448818897638,-59.9381395926797,64,1
430.126050420168,317.53781512605,-58.6783335402499,36,1
432.192660550459,320.853211009174,-57.7532254812071,64,1
432.898305084746,321.932203389831,-59.2554388668557,33,1
433.91452991453,323.948717948718,-54.7197317029499,53,1
434.818181818182,326.115702479339,-59.5158623166487,62,1
435.721739130435,327.504347826087,-59.1578318208547,40,1
437.75,330.916666666667,-59.8305731009947,63,1
438.375,331.758928571429,-57.357388782143,26,1
439.188524590164,333.450819672131,-56.1598208140674,56,1
440.628099173554,335.97520661157,-58.0047666794051,55,1
441.51724137931,337.293103448276,-59.2071785206245,29,1
443.592592592593,340.75,-58.4059127494958,62,1
444.115044247788,341.336283185841,-54.5573391089347,21,1
444.967213114754,342.77868852459,-53.4012406446869,47,1
446.512605042017,345.46218487395,-55.6687574431424,57,1
447.825242718447,347.116504854369,-60.0411938405022,32,1
449.570093457944,349.532710280374,-49.6796940023305,52,1
450.3,350.372727272727,-46.7135275649159,23,1
451.491666666667,351.833333333333,-45.8825643315199,54,1
453.333333333333,354.245614035088,-48.375039592558,56,1
454.192660550459,355.183486238532,-49.2848368110646,23,1
456.774509803922,357.970588235294,-43.9943103637768,61,1
457.449541284404,358.935779816514,-41.8482983856697,25,1
458.363636363636,360.123966942149,-42.957900733747,52,1
460.736842105263,362.368421052632,-42.8263761951342,55,1
461.575221238938,362.955752212389,-43.9961594818474,25,1
463.63963963964,365.288288288288,-49.3816741783757,54,1
464.733944954128,366.440366972477,-44.6987342997015,30,1
466.254385964912,367.973684210526,-40.0287152195748,49,1
468.526785714286,370.080357142857,-42.2329105496213,54,1
469.447368421053,370.657894736842,-47.4237949569047,26,1
471.603773584906,372.943396226415,-52.4230426516247,56,1
472.477064220183,373.788990825688,-48.0104514425902,23,1
474,375.274336283186,-35.6402397414058,50,1
476.543103448276,377.396551724138,-34.5323295544963,61,1
477.566666666667,378.116666666667,-41.8722863395369,22,1
479.717741935484,380.129032258065,-52.1311690537381,62,1
480.887096774194,381.443548387097,-58.2259723291491,38,1
482.094339622641,384.037735849057,-46.0920362789072,75,1
484.069182389937,385.654088050314,-39.1667461560658,74,1
484.823899371069,386.088050314465,-32.6848094803799,36,1
486.397660818713,386.345029239766,-36.0698203542959,58,1
487.321212121212,386.824242424242,-34.7473434631458,38,1
489.151898734177,387.525316455696,-23.1732680166475,53,1
490.787096774194,388.251612903226,-11.9323529842315,55,1
491.638036809816,388.153374233129,-9.98378055944021,26,1
493.144444444444,388.05,-6.94947937134217,59,1
493.701086956522,387.847826086957,-9.15035464678462,32,1
496.3875,387.94375,-8.05542403676327,64,1
497.709677419355,388.058064516129,-3.43534459531085,45,1
499.346405228758,388.18954248366,-1.54804761497074,36,1
502.58904109589,388.246575342466,7.37741294418858,63,1
NaN,NaN,NaN,146,1
386.465753424658,233.404109589041,-17.4036229652777,NaN,2
386.712418300654,233.509803921569,-18.4063815551247,7,2
386.546666666667,233.433333333333,-17.839423611769,7,2
386.718954248366,233.509803921569,-18.4076984580662,7,2
386.837662337662,233.603896103896,-17.9605660408841,9,2
386.450331125828,233.490066225166,-17.7126904744499,9,2
386.75974025974,233.584415584416,-18.0236058293249,7,2
386.453947368421,233.414473684211,-18.354076509264,6,2
386.64238410596,233.490066225166,-17.2374279260109,7,2
386.861842105263,233.677631578947,-17.721515726545,9,2
386.64,233.526666666667,-17.7826252481805,8,2
386.469387755102,233.380952380952,-17.0619805568323,7,2
386.721854304636,233.523178807947,-17.1372182325209,8,2
386.695945945946,233.554054054054,-17.0338823382518,7,2
386.816993464052,233.614379084967,-17.5091684855708,5,2
386.530201342282,233.48322147651,-17.488485791693,6,2
386.689189189189,233.486486486486,-16.9964226618038,5,2
386.763157894737,233.598684210526,-17.6126800014139,8,2
386.493150684931,233.527397260274,-16.9960198180033,8,2
386.590604026846,233.557046979866,-17.4346308503277,5,2
386.604026845638,233.630872483221,-16.971457803224,4,2
386.675324675325,233.603896103896,-18.1432199202123,7,2
386.688311688312,233.538961038961,-17.9138580822538,6,2
386.844155844156,233.655844155844,-17.9387880480617,4,2
386.735483870968,233.587096774194,-18.6426069418267,3,2
386.844155844156,233.655844155844,-17.9387880480617,3,2
386.924528301887,233.874213836478,-19.3474711899355,9,2
387.177914110429,234.01226993865,-20.914812033693,10,2
387.217391304348,234.006211180124,-19.9347986096613,8,2
387.294117647059,234.229411764706,-21.4177465259653,9,2
387.231707317073,234.012195121951,-20.7982543427109,18,2
387.234567901235,233.858024691358,-18.8994077202673,10,2
387.346820809249,233.780346820809,-11.0494899829508,45,2
387.208333333333,233.72619047619,-7.27320987793254,27,2
385.280821917808,233.917808219178,0.245061064373834,60,2
381.728682170543,234.883720930233,23.5594449084984,85,2
380.294573643411,235.558139534884,24.1901724005683,46,2
377.307692307692,236.407692307692,1.80975136617231,65,2
376.302158273381,236.503597122302,-1.03949342008052,31,2
372.737704918033,237.114754098361,-3.17663988619386,81,2
369.544776119403,237.298507462687,8.10675310580533,74,2
367.540740740741,237.17037037037,7.25857794053012,39,2
364.720588235294,237.316176470588,0.882502296980105,65,2
362.772727272727,237.265151515152,-4.44694047563725,42,2
359.870503597122,236.992805755396,-2.1733168314312,59,2
356.81884057971,236.855072463768,3.29467565992685,61,2
354.561538461538,236.892307692308,2.60075820462871,46,2
352.015037593985,237.09022556391,-2.28925055943234,53,2
350.496296296296,237.103703703704,-10.8181100500132,34,2
347.711111111111,236.933333333333,-10.8307124813752,60,2
345.059259259259,236.577777777778,-2.6820330267499,54,2
343.328358208955,236.597014925373,-0.613066081728354,39,2
340.651162790698,236.782945736434,-5.69192442920657,55,2
339.445255474453,236.664233576642,-10.6198454617295,28,2
336.763358778626,236.442748091603,-14.9244180905394,60,2
334.719696969697,236.30303030303,-8.25271390794872,43,2
332.938461538462,236.215384615385,-1.73612240063714,32,2
330.439024390244,235.983739837398,-6.05147408807291,53,2
329.590551181102,235.692913385827,-10.8270215480417,30,2
326.491803278689,235.327868852459,-18.8425276149084,63,2
324.425196850394,234.913385826772,-11.3276315665858,43,2
322.968503937008,234.566929133858,-4.07930727701257,32,2
320.515873015873,234.269841269841,-0.419420375853038,49,2
319.41935483871,234.233870967742,-4.77739505855211,32,2
316.532786885246,233.94262295082,-17.4095957365747,54,2
314.207692307692,233.376923076923,-19.1563124368491,50,2
313.161538461538,232.946153846154,-15.8513921172937,34,2
310.976923076923,232.576923076923,-10.1644944724266,48,2
309.84496124031,232.356589147287,-8.87694552534903,33,2
307.112,231.808,-13.0946530594487,54,2
304.188034188034,231.307692307692,-21.789312979402,60,2
303.4,230.983333333333,-20.3185950671716,29,2
300.809523809524,230.198412698413,-8.64485564243651,54,2
299.624,229.96,-5.86708141654645,33,2
297.893939393939,229.757575757576,-8.90468835681135,57,2
295.346153846154,229.376923076923,-11.0163135305531,62,2
293.8,229.208333333333,-16.0377499389038,32,2
290.984,228.496,-18.4393612236755,57,2
289.850393700787,228.228346456693,-17.0467326498741,22,2
287.523076923077,227.784615384615,-10.4945579492304,69,2
284.782945736434,227.201550387597,-12.719074598515,57,2
283.336,226.88,-20.0871627177188,34,2
280.586776859504,226.066115702479,-27.0849093686467,60,2
279.046875,225.5703125,-26.0635516112218,33,2
276.535433070866,224.740157480315,-17.6229073373313,61,2
274.257352941176,223.845588235294,-14.5783077044971,57,2
272.983870967742,223.661290322581,-16.0745477778351,30,2
269.698412698413,222.484126984127,-30.0307520410944,66,2
268.40157480315,221.724409448819,-31.7542077163034,29,2
266.165413533835,220.857142857143,-27.2082697195424,48,2
263.921875,219.9609375,-19.8754113354699,59,2
262.475409836066,219.327868852459,-15.5078267471913,30,2
260.162790697674,218.434108527132,-23.0261677124354,55,2
258.896,217.984,-29.6178090659283,34,2
256.645669291339,216.905511811024,-33.4788622859938,48,2
254.814814814815,216.007407407407,-28.9935814787452,48,2
253.661654135338,215.413533834586,-23.6445769995459,34,2
251.363636363636,214.340909090909,-22.819919676375,59,2
250.270676691729,213.691729323308,-23.9792077167493,27,2
248.008,212.568,-31.6547458879117,52,2
246,211.784,-36.6746310098381,56,2
245.281481481481,211.422222222222,-35.2406235827653,26,2
243.181818181818,210.121212121212,-28.0285865962997,51,2
242.198529411765,209.676470588235,-25.0669308026425,34,2
239.9609375,208.4453125,-22.7591065060729,48,2
237.865079365079,207.436507936508,-29.8297530555663,50,2
236.867647058824,207.235294117647,-32.2787206285307,28,2
234.625954198473,206.229007633588,-32.9347188430723,51,2
233.948529411765,205.838235294118,-32.0509114391639,27,2
231.522388059701,204.470149253731,-23.5151602388941,72,2
228.564885496183,202.946564885496,-25.9336484254056,59,2
227.248,202.52,-29.8502035930426,28,2
225.56204379562,201.656934306569,-31.5113452892833,52,2
224.585185185185,201.303703703704,-33.6831265297604,32,2
222.554744525547,200.423357664234,-28.016527536077,54,2
220.043165467626,198.892086330935,-22.7272754449251,66,2
218.433070866142,198.125984251969,-20.3990169366328,34,2
216.701492537313,197.44776119403,-25.8251651162042,47,2
215.4296875,196.8203125,-29.7999078048951,30,2
214.099290780142,196.45390070922,-33.9072587412993,59,2
212.296551724138,195.724137931034,-28.3199332083445,52,2
210.971014492754,194.840579710145,-25.0241508644816,43,2
208.646153846154,193.753846153846,-17.5896928728251,54,2
207.736111111111,193.458333333333,-21.2649586719528,28,2
205.914893617021,192.687943262411,-24.5015350393458,49,2
203.715384615385,191.784615384615,-27.2620162059075,59,2
202.520325203252,191.365853658537,-27.7053984366709,25,2
201.420689655172,190.875862068966,-26.6210112484833,50,2
200.246478873239,190.43661971831,-23.1031074518325,31,2
198.41134751773,189.531914893617,-20.0409609238613,55,2
196.413793103448,188.965517241379,-20.6819951959566,54,2
195.606896551724,188.689655172414,-25.4734411113333,26,2
193.214285714286,187.528571428571,-35.5842843834856,59,2
192.185714285714,186.964285714286,-35.0001411319651,26,2
190.576923076923,186.410256410256,-32.1176583927653,50,2
188.879746835443,185.240506329114,-29.4628141361245,56,2
187.81875,184.54375,-28.7167716910297,36,2
185.506493506494,183.409090909091,-26.8735917312447,54,2
184.587096774194,183.038709677419,-32.7667220258231,37,2
182.923566878981,182.012738853503,-35.8877393686113,52,2
181.416666666667,181.50641025641,-36.3335025105342,53,2
180.4,180.86,-32.6074860103316,28,2
178.639751552795,179.770186335404,-30.5353494744389,51,2
178,179.322580645161,-28.463894042442,32,2
175.314685314685,177.895104895105,-23.4698552890651,62,2
173.657534246575,177.260273972603,-26.7024022777833,47,2
172.957746478873,177.204225352113,-27.6914064021407,24,2
171.225563909774,176.556390977444,-28.2180053277094,47,2
170.230215827338,176.079136690647,-28.3346588145964,26,2
169.014285714286,175.564285714286,-24.5188802185073,45,2
166.081967213115,173.991803278689,-20.6697909171216,62,2
164.162393162393,173.282051282051,-19.3649484508337,27,2
163.11811023622,172.692913385827,-23.1621528157678,32,2
161.747967479675,172.292682926829,-26.8005107787279,24,2
161.151515151515,171.825757575758,-31.2253477187965,41,2
159.92,170.792,-37.2331448718306,27,2
159.768,170.736,-36.9295527183071,12,2
158.66935483871,169.209677419355,-40.2490262562405,35,2
158.646153846154,168.838461538462,-39.9492891058863,18,2
158.204918032787,168.114754098361,-48.0111654968625,30,2
157.793388429752,167.206611570248,-62.9077508203246,51,2
157.35,166.091666666667,-75.834012176425,27,2
157.236641221374,165.213740458015,-80.7652496641622,31,2
157.374045801527,165.053435114504,-83.8697622802517,18,2
157.606299212598,163.590551181102,-82.7809581457967,40,2
157.652542372881,161.050847457627,-80.2084715197146,45,2
157.760330578512,160.239669421488,-84.4166250647248,25,2
NaN,NaN,NaN,121,2
395.471074380165,230.454545454545,34.3296062833821,NaN,3
395.553719008264,230.413223140496,35.609096875801,6,3
395.413223140496,230.570247933884,34.5588839474957,6,3
395.638655462185,230.361344537815,34.2414233136562,10,3
395.603305785124,230.338842975207,34.610411749045,2,3
395.520325203252,230.390243902439,34.8718042526147,10,3
395.596638655462,230.319327731092,33.9699190512835,8,3
395.618644067797,230.466101694915,34.9703863185117,7,3
395.563025210084,230.411764705882,35.1695807323743,9,3
395.424,230.472,34.8994588405236,8,3
395.487603305785,230.446280991736,33.9177182769211,6,3
395.140495867769,230.636363636364,35.2440828937744,14,3
395.393162393162,230.461538461538,35.5194109734424,8,3
395.424778761062,230.053097345133,41.3088037303971,30,3
395.324561403509,230.070175438596,44.1250702098796,17,3
395.321100917431,229.834862385321,51.3661609492459,29,3
395.896226415094,228.905660377358,63.4953763716883,39,3
396.660377358491,227.641509433962,70.2346595180941,24,3
397.109090909091,226.809090909091,58.9650022025908,26,3
397.434426229508,226.147540983607,56.9874955241969,22,3
397.829457364341,225.015503875969,46.8323359338168,41,3
398.651162790698,223.635658914729,43.8776340794997,44,3
399.471074380165,222.595041322314,47.1146065007151,30,3
401.345132743363,220.787610619469,48.640712626164,48,3
401.821138211382,220.447154471545,47.193547973591,26,3
403.390625,218.796875,37.4915583879117,49,3
405.125,217.234375,29.8494446302808,60,3
406.701754385965,216.561403508772,30.1782695822064,40,3
409.15,215.083333333333,39.5291207915672,48,3
410.032520325203,214.560975609756,43.6729857482072,27,3
412.177419354839,213.290322580645,39.3724841145059,47,3
414.248062015504,211.77519379845,30.1318095083405,49,3
415.820512820513,210.641025641026,29.2136650552656,38,3
417.728813559322,209.423728813559,34.3148228574989,43,3
418.760683760684,208.846153846154,38.0931379920661,27,3
421.098214285714,207.142857142857,47.4501650539899,53,3
423.068965517241,205.353448275862,38.5250321061807,50,3
424.052173913043,204.513043478261,34.5560387824771,29,3
425.566929133858,203.133858267717,35.6212712677242,42,3
426.145038167939,202.473282442748,37.8865484178159,30,3
428.790909090909,200.081818181818,44.9417732098792,69,3
430.834782608696,198.460869565217,42.7977192114323,49,3
431.720338983051,197.762711864407,34.4482751464112,25,3
433.734375,196.0703125,26.5817140342488,64,3
434.541984732824,195.335877862595,27.3245163287701,31,3
437.577235772358,193.487804878049,36.6818340285623,66,3
440.363636363636,191.628099173554,42.091744127752,62,3
441.404761904762,190.753968253968,38.7149721616759,29,3
443.438461538462,189.430769230769,34.6650701589048,46,3
444.5078125,188.546875,31.0990365584084,30,3
446.84496124031,187.031007751938,32.2214557055699,51,3
448.779527559055,185.685039370079,40.2360741985542,52,3
449.798319327731,184.840336134454,39.9083137237924,30,3
452.495726495727,182.692307692308,39.8118600357394,64,3
453.155172413793,182.129310344828,36.0978374561012,17,3
454.811965811966,180.897435897436,31.8628340319365,47,3
457.198412698413,179.134920634921,31.6727784001469,57,3
457.98275862069,178.724137931034,34.6962930455717,24,3
460.405405405405,176.738738738739,41.6952075467835,55,3
461.530973451327,175.964601769911,43.3525121531651,26,3
463.321739130435,174.765217391304,31.3431128797384,48,3
465.282258064516,173.258064516129,26.3356935852961,55,3
466.814159292035,172.300884955752,21.55957960322,43,3
468.352459016393,171.377049180328,27.8136736691587,39,3
469.39837398374,170.715447154472,31.5531513487448,29,3
471.975409836066,169.090163934426,37.3900170052104,61,3
474.103448275862,167.594827586207,33.7975077360737,52,3
475.299145299145,166.649572649573,30.8351064579064,31,3
477.375,165.553571428571,20.3392718757742,47,3
478.367521367521,164.615384615385,24.0798384195609,31,3
480.1,163.45,36.3393144973787,47,3
482.117647058824,162.033613445378,42.3166497208354,63,3
483.201612903226,161.040322580645,40.7555852744747,35,3
485.555555555556,159.231481481481,27.1441851312191,52,3
486.609756097561,158.349593495935,29.0413742666411,27,3
489.114754098361,156.573770491803,24.4480323910429,59,3
491.346456692913,155.456692913386,34.4004390117521,49,3
492.147540983607,154.926229508197,33.7505496720598,25,3
494.847457627119,152.915254237288,37.4445362791366,70,3
495.940677966102,152.28813559322,37.0421906660592,28,3
497.931623931624,150.931623931624,28.1949736676295,51,3
499.793650793651,149.52380952381,25.1378260491695,55,3
501.363636363636,148.611570247934,24.9937328730964,35,3
503.105263157895,147.804511278195,35.2907746632818,52,3
504.186991869919,146.951219512195,32.9068277286273,36,3
506.792,145.744,34.7600697121559,54,3
508.90243902439,144.430894308943,25.2396291213083,56,3
509.991596638655,143.756302521008,20.5255529063857,28,3
512.30081300813,142.455284552846,20.4235923723558,54,3
513.349593495935,142.081300813008,23.9900149492273,20,3
515.544715447154,141.073170731707,30.1460564100677,54,3
517.725,139.975,29.8157210079169,49,3
518.581196581197,139.42735042735,26.6960360537751,29,3
521.258064516129,137.975806451613,20.1188400203168,51,3
522.138211382114,137.357723577236,18.3932573388437,25,3
524.24,136.488,20.9788609466786,38,3
525.8828125,135.5703125,28.6126843063943,43,3
527.456692913386,134.818897637795,31.2193739544249,35,3
529.479338842975,133.809917355372,28.8353044550668,48,3
530.717741935484,133.024193548387,28.2961705118485,35,3
532.758064516129,131.774193548387,21.1854734151886,42,3
534.875,130.625,17.4511833869626,44,3
535.941666666667,130.241666666667,19.6213937234179,24,3
538.056,129.144,29.641648608899,53,3
538.834710743802,128.776859504132,30.627844630515,22,3
541.394736842105,127.30701754386,33.724076494466,51,3
543.303571428571,126.366071428571,25.1637100872813,40,3
544.324786324786,125.65811965812,23.5364406286376,29,3
546.657407407407,124.75,12.5334741647644,43,3
547.698275862069,123.931034482759,16.8315217544365,30,3
549.5,122.938596491228,26.6653224704049,48,3
551.457627118644,121.872881355932,31.2169652586675,56,3
553.119266055046,121.082568807339,33.4597906359646,31,3
555.036363636364,120.027272727273,30.66857114737,43,3
555.491228070175,119.666666666667,26.740892155449,24,3
557.35593220339,118.567796610169,21.6182333920135,40,3
559.344537815126,117.478991596639,19.4049316849309,43,3
560.421052631579,116.973684210526,22.9118029984207,25,3
561.952830188679,116.11320754717,27.5153365642155,52,3
562.881818181818,115.4,29.8291077803006,24,3
564.818965517241,114.301724137931,32.3992544351344,48,3
566.820512820513,113.059829059829,26.6069718877117,45,3
567.892561983471,112.413223140496,24.0506666632171,28,3
569.495575221239,111.522123893805,17.7059618168969,50,3
570.458333333333,111,22.4455252209099,27,3
572.560975609756,110.284552845528,29.973733623353,43,3
574.911504424779,108.805309734513,35.50432999384,60,3
575.626086956522,108.347826086957,34.0251000062328,18,3
578.190082644628,106.669421487603,31.9683224407935,54,3
578.9296875,106.171875,27.3846893353704,21,3
580.520325203252,105.130081300813,22.4836112635489,45,3
582.918699186992,103.910569105691,25.4929660694319,50,3
584.09756097561,103.390243902439,31.2757365542254,30,3
586.137931034483,102.48275862069,34.9108698638042,43,3
587.348214285714,101.553571428571,36.8183104447041,30,3
588.710526315789,100.859649122807,30.0145704626594,38,3
590.465517241379,99.6637931034483,22.734587811541,42,3
591.792452830189,98.9150943396226,14.7728021166941,28,3
593.490909090909,98.2272727272727,21.0088309192039,40,3
594.342342342342,97.7027027027027,24.9136786478125,21,3
596.419642857143,96.5178571428571,32.6414711644392,47,3
598.29203539823,95.3805309734513,35.9894274463741,49,3
599.140495867769,94.9504132231405,31.5180762379385,30,3
600.663793103448,93.7758620689655,25.6810785397274,39,3
601.338983050847,93.6440677966102,21.6956288772678,20,3
603.280701754386,92.780701754386,11.0067590093343,40,3
604.824561403509,92.9736842105263,13.0166802809239,32,3
605.63963963964,92.7837837837838,13.0210090540597,25,3
607.517857142857,92.4821428571429,13.761200413622,41,3
608.110091743119,92.3394495412844,11.9468539593245,15,3
610.09009009009,92.2702702702703,-0.707858675653054,50,3
611.785046728972,92.196261682243,-5.73207319342169,34,3
613.110091743119,92.2844036697248,-4.32649936918862,22,3
614.130434782609,92.4086956521739,-1.57562798299126,26,3
615.150442477876,92.5044247787611,2.0782645328178,26,3
616.9375,92.4017857142857,8.36371637776199,39,3
NaN,NaN,NaN,112,3
369.649122807018,229.447368421053,-41.2142762077712,NaN,4
369.686956521739,229.408695652174,-41.2703423396223,7,4
369.728070175439,229.412280701754,-41.3664134268205,3,4
369.827586206897,229.422413793103,-42.0634854025333,6,4
369.752136752137,229.42735042735,-41.6934089387165,7,4
369.491379310345,229.181034482759,-41.1228693784237,7,4
369.590909090909,229.072727272727,-41.0524740827753,8,4
369.622807017544,229.201754385965,-40.373313278216,4,4
369.778761061947,229.238938053097,-41.5024697027053,5,4
369.634782608696,229.252173913043,-39.9396257431282,8,4
369.78813559322,229.372881355932,-40.1714280866616,3,4
369.793103448276,229.405172413793,-39.4756554263684,4,4
369.563636363636,229.045454545455,-39.9293236075751,10,4
369.733944954128,229.256880733945,-40.7624676523968,7,4
369.741379310345,229.465517241379,-41.5906937504607,11,4
369.728070175439,229.385964912281,-40.8697338163033,12,4
369.681034482759,229.465517241379,-39.9170640019091,8,4
369.637931034483,229.318965517241,-39.0464889645528,6,4
369.598290598291,229.188034188034,-39.9642307821637,7,4
369.517857142857,229.160714285714,-39.9406447847278,7,4
369.513274336283,229.265486725664,-38.1118227650879,9,4
369.610619469027,229.380530973451,-39.9462883323145,10,4
369.684210526316,229.377192982456,-39.3178064975071,3,4
369.773913043478,229.321739130435,-39.3172999316944,3,4
369.782608695652,229.44347826087,-38.4439729222518,4,4
369.771186440678,229.389830508475,-39.037897899646,3,4
369.983050847458,229.389830508475,-39.7674084497088,6,4
370.216,229.888,-44.3312045210021,13,4
370.707142857143,230.764285714286,-47.2139787141289,31,4
370.68275862069,230.710344827586,-45.1278428162697,33,4
370.798611111111,230.590277777778,-43.5264726576481,25,4
371.036585365854,231.060975609756,-54.7435518453259,56,4
371.024096385542,231.030120481928,-61.0947375718974,36,4
370.754491017964,230.832335329341,-86.5273507730759,49,4
370.407185628743,229.479041916168,82.8029203419142,68,4
370.182389937107,228.710691823899,76.3383921960473,54,4
371.614754098361,224.950819672131,83.8904804499531,79,4
371.9375,223.609375,88.9593982882251,34,4
372.36974789916,220.27731092437,-72.6286978353154,59,4
372.136,217.936,-66.6734684869747,48,4
372.119047619048,216.849206349206,-63.0288548679801,33,4
371.338461538462,214.092307692308,-58.787128299139,62,4
370.688888888889,212.02962962963,-55.2303909234996,43,4
369.281690140845,210.056338028169,-41.7129417594081,77,4
368.375,209.270833333333,-35.9690443668805,48,4
367.561151079137,208.424460431655,-37.2110481526052,29,4
364.848,206.584,-41.6775756527429,66,4
364.147540983607,206.024590163934,-45.4933261532557,33,4
362.850393700787,204.637795275591,-43.6920662121713,51,4
361.08,202.752,-37.4826407512098,52,4
360.177777777778,202.22962962963,-40.1440970298281,28,4
358.408,200.8,-49.3047864469241,54,4
357.459016393443,200.180327868852,-52.6273463266772,35,4
355.75,198.558333333333,-52.6871303340728,60,4
354.03937007874,196.629921259843,-44.6885746889919,45,4
352.923076923077,195.504273504273,-26.3701548917283,33,4
351.292307692308,193.838461538462,-29.1923618032247,64,4
350.522058823529,193.205882352941,-30.8700853538309,28,4
347.944,191.448,-35.7862609617514,61,4
345.452173913043,189.878260869565,-38.1646914063234,50,4
344.550847457627,189.338983050847,-33.1724479684762,21,4
342.698275862069,187.844827586207,-25.3442521682554,56,4
342.110236220472,187.566929133858,-26.141632418341,17,4
339.642857142857,185.936507936508,-23.2446524845196,53,4
337.132231404959,184.809917355372,-31.4065233845352,49,4
335.940677966102,184.449152542373,-32.2288498535752,27,4
333.366666666667,182.808333333333,-34.6675389955929,52,4
332.131578947368,182.087719298246,-30.0087264134257,26,4
330.360655737705,181.450819672131,-23.6471167924727,32,4
328,180.083333333333,-18.6669614409867,54,4
326.638655462185,179.571428571429,-18.5832046840452,25,4
324.850746268657,178.910447761194,-24.9132244854237,47,4
323.141732283465,178.220472440945,-31.1965539432826,35,4
320.3,176.633333333333,-31.2805051041817,55,4
318.377049180328,175.786885245902,-24.8743614756546,42,4
317.279661016949,175.347457627119,-19.7995044931028,30,4
314.327868852459,174.024590163934,-19.7639192744068,58,4
313.556451612903,173.83064516129,-23.4504849998744,26,4
311.4765625,173,-29.1015183037372,48,4
308.245762711864,171.5,-34.9921047030517,60,4
307.241666666667,170.866666666667,-31.4683779603342,26,4
305.338709677419,170.024193548387,-23.7443696812494,42,4
304.4,169.458333333333,-20.4053445402435,24,4
302.3515625,168.390625,-19.7573774515828,46,4
299.983333333333,167.508333333333,-25.9798097050027,52,4
298.813008130081,166.780487804878,-27.1311079437416,33,4
296.737288135593,165.85593220339,-25.8172635260016,41,4
295.357723577236,165.081300813008,-28.6932896450109,31,4
292.951612903226,163.951612903226,-21.2619406806007,55,4
290.991935483871,162.927419354839,-17.8261477293994,52,4
290,162.409448818898,-19.3844642926368,25,4
287.504,161.352,-29.6980732455223,52,4
286.444444444444,160.928571428571,-30.7457359619458,25,4
284.00826446281,159.520661157025,-35.0504200755171,55,4
282.352,158.712,-25.0784724626326,40,4
281.286821705426,158.15503875969,-24.4755789284765,28,4
278.878260869565,157.060869565217,-12.3521894221288,50,4
277.698275862069,156.5,-16.4720799934613,27,4
275.944881889764,155.866141732283,-23.5900084812838,39,4
273.568965517241,154.689655172414,-30.710621081901,53,4
272.623931623932,154.205128205128,-28.192089337763,23,4
270.511811023622,153.370078740157,-31.2288514788877,48,4
269.604651162791,152.914728682171,-27.7669994885306,24,4
267.803278688525,151.934426229508,-23.5316667484069,53,4
265.193277310924,150.739495798319,-20.4161290696786,55,4
264.373983739837,150.520325203252,-22.202358708448,20,4
262.786259541985,149.961832061069,-30.060175229458,42,4
261.52380952381,149.261904761905,-31.7610555102314,29,4
259.378151260504,148.27731092437,-31.3640107395978,47,4
257.723577235772,147.69918699187,-24.0744220975157,38,4
256.779661016949,147.237288135593,-20.0006298920959,25,4
254.622047244094,146.307086614173,-19.7299302849946,55,4
253.59375,145.96875,-18.8190156168523,23,4
251.472,145.472,-25.1026226659553,45,4
249.524590163934,144.409836065574,-25.4381941579334,47,4
248.56,144.08,-27.1067106410036,17,4
246.739130434783,143.4,-23.0393406569669,36,4
245.80487804878,142.983739837398,-20.8397368767894,24,4
243.685483870968,142.040322580645,-17.2742522814481,47,4
241.357142857143,141.309523809524,-14.5287378820464,50,4
239.959016393443,140.868852459016,-22.9645848244489,28,4
238.676923076923,140.261538461538,-23.8386490611027,30,4
237.441860465116,139.767441860465,-26.8994646525548,23,4
235.4609375,138.890625,-28.6548978689456,45,4
234.164179104478,138.402985074627,-26.8297274838601,36,4
233.007751937984,137.922480620155,-22.7336453719348,29,4
230.082644628099,136.214876033058,-19.823105185194,60,4
229.366666666667,136.225,-19.1590968783978,19,4
227.683333333333,135.641666666667,-22.3717244964421,40,4
226.188524590164,135.114754098361,-27.085048684911,42,4
225.682170542636,134.813953488372,-26.5722767154159,19,4
223.666666666667,134.457364341085,-29.0510319295895,42,4
222.9765625,134.1796875,-25.8368968369127,19,4
221.474452554745,133.496350364963,-24.6661699376296,31,4
219.393700787402,132.574803149606,-21.3698855686565,50,4
217.9,132.008333333333,-19.2458637086933,27,4
216.216,131.44,-21.4189338661186,37,4
215.814814814815,131.2,-22.8359985020644,22,4
213.962406015038,130.616541353383,-29.0160941276975,36,4
212.093023255814,130.023255813953,-32.9429595695109,38,4
211.702290076336,129.656488549618,-31.2835604885561,22,4
210.014285714286,129.085714285714,-30.5092241493381,33,4
209.404411764706,128.830882352941,-27.3229835185205,20,4
207.644444444444,127.918518518519,-24.8885527279168,43,4
205.444444444444,126.849206349206,-22.7821216193298,45,4
204.715447154472,126.463414634146,-23.6685646643106,19,4
203.045801526718,125.641221374046,-30.9289434894702,38,4
202.363636363636,125.325757575758,-33.667938713335,25,4
201.085106382979,124.730496453901,-34.4847594534655,39,4
199.853333333333,123.986666666667,-36.3979964226738,37,4
199.278911564626,123.571428571429,-33.6157987929866,23,4
197.594405594406,122.93006993007,-29.2566028656147,40,4
196.917808219178,122.527397260274,-29.0850782226358,25,4
194.945205479452,121.575342465753,-26.1837683409204,46,4
193.272108843537,120.612244897959,-28.92836409783,37,4
192.228187919463,120.261744966443,-31.5795767049124,28,4
191.032679738562,119.816993464052,-32.2588114122569,38,4
190.207547169811,119.553459119497,-34.0888386448019,24,4
189.184210526316,118.993421052632,-30.9134185320961,41,4
187.981595092025,118.723926380368,-29.1286050355596,43,4
187.366459627329,118.223602484472,-27.5891402618958,22,4
185.603773584906,117.333333333333,-23.9800640917852,48,4
185.167741935484,117.058064516129,-21.4272534049251,24,4
183.034013605442,116.21768707483,-23.1547046212427,46,4
181.852348993289,115.993288590604,-25.72265403476,30,4
181.182432432432,115.601351351351,-28.4782365885563,21,4
180.144736842105,115.414473684211,-29.2726813981738,40,4
179.102739726027,115.054794520548,-29.1161637800115,22,4
178.432258064516,114.890322580645,-26.8399006460605,23,4
177.058823529412,114.248366013072,-25.3427292697239,36,4
176.281045751634,113.718954248366,-25.2547438303096,24,4
174.654411764706,112.889705882353,-22.6466116940947,39,4
173.759398496241,112.458646616541,-24.6055369738027,25,4
172.288,111.8,-25.8772857193192,26,4
171.175572519084,111.351145038168,-29.8726939158594,26,4
170.727272727273,111.227272727273,-30.0716198573068,9,4
169.5546875,110.71875,-33.789950243381,26,4
169.007633587786,110.427480916031,-34.5578801400859,13,4
168.526315789474,110.075187969925,-30.519724044333,24,4
167.514925373134,109.537313432836,-29.4165354414373,29,4
166.794117647059,109.110294117647,-27.7927386287263,20,4
165.433823529412,108.183823529412,-26.3346219877418,40,4
164.48031496063,107.535433070866,-26.3581307312172,29,4
163.008064516129,106.814516129032,-27.2918532897057,29,4
162.825757575758,106.886363636364,-34.5922037897065,28,4
163.007462686567,106.888059701493,-33.0537316033277,8,4
162.717391304348,106.826086956522,-35.7876004234934,20,4
162.979166666667,106.972222222222,-34.0767168796765,12,4
163.644295302013,107.114093959732,-30.8147643525054,21,4
164.079470198675,107.211920529801,-30.0015900906168,18,4
164.014285714286,106.971428571429,-29.2339309533011,17,4
163.740740740741,106.785185185185,-30.1944483326403,19,4
163.701492537313,106.791044776119,-31.6207922617238,11,4
163.822222222222,106.866666666667,-32.8177306336542,11,4
163.687022900763,106.81679389313,-36.826435824886,20,4
163.723076923077,106.692307692308,-36.3777837110609,17,4
NaN,NaN,NaN,130,4
380.224299065421,242.467289719626,-59.8558023126973,NaN,5
380.275229357798,242.522935779817,-60.1666824973994,2,5
380.137614678899,242.256880733945,-60.2975274675413,4,5
380.099099099099,242.333333333333,-60.924598928554,4,5
380.036363636364,242.090909090909,-60.4174495565694,7,5
380.1875,242.383928571429,-60.2145100457883,4,5
380.175925925926,242.166666666667,-59.400505581085,4,5
380.081818181818,242.109090909091,-59.0710917123834,8,5
380.061946902655,242.159292035398,-60.2045774361628,5,5
380.203703703704,242.296296296296,-59.7258810511658,5,5
380.111111111111,242.166666666667,-60.0897236585359,4,5
380.158878504673,242.317757009346,-59.5740296421538,9,5
380,242.074074074074,-59.9453903488256,5,5
380.036363636364,242.072727272727,-59.5725848729739,4,5
380.154545454545,242.354545454545,-59.3449819761997,12,5
380.081818181818,242.136363636364,-59.4121423419828,8,5
380.155963302752,242.366972477064,-59.1999729445914,7,5
380.045045045045,242.135135135135,-59.4677959817383,8,5
380.18691588785,242.439252336449,-59.5155567755201,4,5
380.177570093458,242.514018691589,-59.023154350674,6,5
380.196261682243,242.551401869159,-58.460425015945,4,5
380.008928571429,242.330357142857,-59.7051504947945,7,5
380.064220183486,242.311926605505,-58.864450817847,5,5
380.158878504673,242.504672897196,-58.3807055481119,2,5
380.091743119266,242.412844036697,-58.3916565528612,2,5
380.212962962963,242.490740740741,-58.464194238578,7,5
380.121495327103,242.392523364486,-57.7111312875225,7,5
380.063063063063,242.558558558559,-58.0993760386447,6,5
379.972727272727,242.336363636364,-58.3439513856981,7,5
379.935779816514,242.403669724771,-58.8433339334338,9,5
379.936363636364,242.345454545455,-58.4231549270933,5,5
379.920353982301,242.274336283186,-57.4047501721967,7,5
379.910714285714,242.1875,-57.6611996103942,5,5
379.990909090909,242.354545454545,-57.1855083833819,2,5
379.846846846847,242.198198198198,-57.9820046265125,5,5
379.981651376147,242.43119266055,-57.5771942432194,6,5
380.009009009009,242.540540540541,-57.4898271540949,6,5
379.972727272727,242.645454545455,-57.166338683233,5,5
379.990990990991,242.540540540541,-57.511838829708,5,5
379.981981981982,242.504504504504,-56.5255390278724,8,5
379.954545454545,242.5,-57.5496488180578,5,5
379.954954954955,242.468468468468,-56.6439020619057,3,5
379.803571428571,242.258928571429,-57.0120480230234,5,5
379.962962962963,242.37037037037,-56.6027746167223,4,5
379.963302752294,242.477064220183,-57.0640392735054,5,5
379.935185185185,242.537037037037,-56.5543131689725,3,5
379.891891891892,242.468468468468,-56.398047828533,5,5
379.963302752294,242.467889908257,-57.0680592230688,4,5
379.908256880734,242.550458715596,-55.9840170669545,6,5
380.045454545455,242.645454545455,-56.5652441659215,5,5
379.94495412844,242.54128440367,-56.9582153249734,3,5
379.827272727273,242.481818181818,-55.7832432503981,7,5
379.90990990991,242.459459459459,-55.3505748105076,3,5
379.908256880734,242.623853211009,-55.5320238644131,4,5
379.927272727273,242.663636363636,-55.8419071944874,3,5
379.734513274336,242.407079646018,-55.5005119929949,3,5
379.672566371681,242.212389380531,-54.7693595079839,4,5
379.547826086957,242.217391304348,-55.2808723253556,8,5
379.608695652174,242.226086956522,-55.5198653104284,4,5
379.504273504273,242.08547008547,-55.2386569917917,4,5
379.439655172414,241.939655172414,-55.2666050189482,3,5
379.417391304348,242.078260869565,-55.1305940992917,5,5
379.568965517241,242.146551724138,-54.3080969345249,9,5
379.521367521367,242.213675213675,-54.4903114118576,3,5
379.6,242.321739130435,-54.3370907157044,6,5
379.559322033898,242.203389830508,-54.3664572796611,7,5
379.384615384615,242.076923076923,-54.7963650001555,5,5
379.384615384615,242.196581196581,-53.8394613520418,8,5
379.313559322034,242.101694915254,-54.0545650016422,5,5
379.406779661017,242.177966101695,-54.6516596819993,6,5
379.322033898305,242.110169491525,-54.0434025173896,4,5
379.415254237288,242.169491525424,-53.8342033492536,4,5
379.452173913043,242.234782608696,-54.1417894629536,5,5
379.435897435897,242.213675213675,-53.6234779434963,6,5
379.361344537815,242.09243697479,-53.5313560628733,4,5
379.291666666667,242.058333333333,-53.1438465111117,5,5
379.372881355932,242.177966101695,-53.1359017250131,2,5
379.275862068966,242.051724137931,-53.5324896888924,8,5
379.438596491228,242.140350877193,-53.0871351607006,6,5
379.275862068966,242.043103448276,-53.5358685649495,6,5
379.23275862069,242.025862068966,-53.7676137174709,8,5
379.35593220339,242.101694915254,-53.3975073176183,10,5
379.076271186441,241.593220338983,-54.6779751876725,10,5
379.270491803279,241.893442622951,-54.5934374697355,18,5
379.608695652174,242.130434782609,-50.0046540486883,39,5
379.816,242.208,-48.3719120048461,20,5
379.843971631206,242.439716312057,-31.6303307746918,38,5
380.105263157895,242.151315789474,-18.6334191768795,63,5
382.33064516129,243.177419354839,-3.45516294937389,66,5
384.439024390244,243.178861788618,-11.2897299351092,49,5
385.689075630252,243.36974789916,-19.4287595313658,28,5
387.818965517241,243.672413793103,-37.2550092430806,45,5
389.991596638655,244.924369747899,-51.4661501960965,47,5
390.90243902439,245.617886178862,-49.4751560721028,28,5
392.305084745763,246.762711864407,-45.9677751976919,37,5
393.511627906977,248.031007751938,-47.7921793771715,41,5
395.335820895522,249.201492537313,-56.4812306414464,57,5
396.406779661017,252.14406779661,-62.9118445789673,58,5
397.130434782609,253.478260869565,-68.4388504055154,23,5
397.730158730159,255.214285714286,-63.0759427756019,41,5
397.861313868613,255.627737226277,-59.7396856214686,27,5
398.710144927536,257.289855072464,-53.9075019003984,65,5
400.392307692308,259.746153846154,-67.2897386987835,58,5
400.819672131148,260.639344262295,-69.0222238924706,20,5
401.515873015873,263.174603174603,-65.6673167923256,52,5
401.968503937008,264.307086614173,-63.6232596833541,29,5
403.435897435897,266.803418803419,-61.4216094056197,52,5
404.5,268.918032786885,-63.3257045057733,45,5
405.033898305085,270.474576271186,-67.4949857682439,28,5
405.693693693694,272.801801801802,-74.9438254696489,41,5
405.957264957265,273.880341880342,-78.0155850935815,24,5
406.532786885246,275.762295081967,-76.4364472358222,41,5
407.283333333333,278.375,-74.4804100335955,48,5
407.305555555556,279.62962962963,-73.9357089442731,22,5
407.954128440367,282.614678899083,-80.2573459818955,53,5
407.945945945946,283.882882882883,-81.7822539200432,24,5
408.394957983193,286.294117647059,-88.5296164707093,50,5
408.365853658537,288.20325203252,-85.8655363440441,38,5
408.466101694915,289.21186440678,-83.5773801656301,21,5
408.581196581197,292.068376068376,-81.5616576758901,51,5
408.752136752137,293.307692307692,-80.3915995633832,32,5
408.441666666667,295.741666666667,-86.3233794503341,49,5
408.758620689655,298.724137931034,86.0740029607979,58,5
408.669642857143,299.598214285714,87.2784589388174,20,5
408.808695652174,302.182608695652,-88.8370831262777,55,5
408.72972972973,303.414414414414,-86.7191632223285,28,5
408.587719298246,305.912280701754,-86.5484873359001,53,5
408.258928571429,308.214285714286,88.5184897294406,48,5
408.234234234234,309.738738738739,84.0695787454355,31,5
408.311926605505,311.908256880734,77.6650049228537,52,5
408.218487394958,313.067226890756,81.1249395308189,30,5
408.058823529412,315.252100840336,85.5757965684716,58,5
407.579439252336,318.364485981308,-87.8469572214204,60,5
407.275229357798,319.412844036697,-89.7991963661616,24,5
407.196261682243,321.822429906542,81.7324712720993,48,5
407.008849557522,322.725663716814,80.5517017189243,22,5
406.83185840708,325.212389380531,80.2223217578999,48,5
406.627272727273,327.763636363636,85.467276258276,47,5
406.5,329.074074074074,88.6280762479352,26,5
406.117647058824,331.735294117647,-86.8415211898865,50,5
406.019047619048,333.047619047619,-87.4452514899631,29,5
405.705882352941,335.43137254902,86.4531097145523,45,5
405.771929824561,337.69298245614,84.1570342936364,40,5
405.875,338.855769230769,84.7245108069365,26,5
405.643564356436,341.227722772277,87.7808064416526,43,5
405.699029126214,342.669902912621,-89.5093054423888,24,5
405.352941176471,345.21568627451,-88.4325803337612,49,5
405.121212121212,347.59595959596,85.9374873033599,43,5
405.252873563218,349.218390804598,77.0551967094484,28,5
405.09375,351.520833333333,82.8208492691453,43,5
405.153846153846,352.326923076923,84.2794976593831,22,5
404.95,354.34,88.6902283132989,40,5
404.518072289157,358.253012048193,87.040169840166,59,5
404.477272727273,358.75,82.5360978493314,19,5
404.153846153846,360.538461538462,80.8887492119475,39,5
404.087912087912,362.263736263736,78.2303351468309,26,5
403.969696969697,364.040404040404,80.9256736731581,36,5
403.93137254902,365.764705882353,84.7482431493747,43,5
403.547619047619,368.738095238095,-87.6671907655056,40,5
403.303370786517,370.775280898876,82.006835445836,43,5
403.134020618557,371.298969072165,80.9122700219979,22,5
402.6,373.463157894737,73.88120018344,44,5
402.125,376.840909090909,69.9090558152856,51,5
402.191489361702,376.840425531915,72.0144595768953,14,5
NaN,NaN,NaN,94,5
NaN,NaN,NaN,0,5
NaN,NaN,NaN,0,5
NaN,NaN,NaN,0,5
NaN,NaN,NaN,0,5
NaN,NaN,NaN,0,5
NaN,NaN,NaN,0,5
NaN,NaN,NaN,0,5
NaN,NaN,NaN,0,5
NaN,NaN,NaN,0,5
NaN,NaN,NaN,0,5
NaN,NaN,NaN,0,5
NaN,NaN,NaN,0,5
