386.087301587302,243.611111111111,15.2300202990136,NaN,1
386.03937007874,243.692913385827,15.5642540071291,3,1
385.769230769231,243.684615384615,14.9698886052948,5,1
385.900763358779,243.641221374046,15.0102742111417,3,1
385.830769230769,243.653846153846,15.1311289310099,1,1
385.796875,243.6796875,14.9568377149598,4,1
385.92,243.672,14.4913607875722,5,1
386.09375,243.5390625,15.4957605128646,11,1
385.8515625,243.6171875,14.4221220310447,8,1
386.079365079365,243.722222222222,15.2191541435659,12,1
386.08,243.624,15.6239584144098,5,1
386.032520325203,243.617886178862,15.4273616185663,2,1
386.216,243.52,15.5733814088456,8,1
386.238095238095,243.47619047619,15.9761288951435,3,1
386.087301587302,243.587301587302,15.5558467044667,8,1
385.992063492063,243.698412698413,15.6950466220553,6,1
386.145161290323,243.604838709677,15.9793608119642,4,1
386.055118110236,243.629921259843,15.0967225545003,3,1
385.945736434109,243.635658914729,14.975310021472,4,1
386.137096774194,243.588709677419,14.2311207201205,7,1
386.140625,243.609375,15.9865743580286,8,1
386.253968253968,243.531746031746,15.7014383252807,6,1
386.216,243.528,15.4856575407921,7,1
386.165289256198,243.619834710744,15.2698761387513,4,1
386.211382113821,243.60162601626,14.9135727570281,4,1
385.785714285714,243.706349206349,14.6138030552946,9,1
385.928,243.664,14.5407361602939,7,1
386.072,243.664,14.7233163787626,6,1
386,243.704,14.8311229101159,4,1
386.147540983607,243.655737704918,15.2557495684511,5,1
386.120967741935,243.604838709677,14.6809590288693,4,1
386.180327868852,243.581967213115,14.7938790818055,2,1
386.27868852459,243.483606557377,14.1708319367544,6,1
386.380165289256,243.471074380165,14.7191252754883,3,1
386.056,243.6,15.1506760397849,10,1
386.061538461538,243.592307692308,15.6043926218532,5,1
386.15503875969,243.519379844961,15.2761137755427,3,1
385.992125984252,243.614173228346,14.7861416796688,6,1
385.832061068702,243.580152671756,14.8456053929696,6,1
385.874015748031,243.59842519685,14.2536718847768,8,1
385.951612903226,243.588709677419,14.758019415019,5,1
385.951219512195,243.552845528455,14.3673721747216,3,1
386.276422764228,243.512195121951,15.3745422183662,10,1
386.032258064516,243.556451612903,14.8550067691667,3,1
386.209677419355,243.620967741935,15.117760701921,10,1
386.139344262295,243.524590163934,14.6125553385936,8,1
385.90243902439,243.585365853659,14.5399502349772,5,1
385.872,243.656,14.4987986818213,6,1
385.713178294574,243.697674418605,14.4667582636772,6,1
386.0234375,243.6171875,14.9413765123602,7,1
385.961832061069,243.541984732824,16.0319203617215,5,1
386.301587301587,243.452380952381,16.4354700029162,9,1
386.149606299213,243.582677165354,15.8819861382034,9,1
386.055118110236,243.629921259843,15.0967225545003,6,1
385.984,243.656,15.2549854413019,4,1
386.079365079365,243.642857142857,14.6756384592196,3,1
386.288,243.632,14.9551467659435,3,1
386.245901639344,243.590163934426,14.80655438998,5,1
386.136,243.552,14.4929484835265,3,1
386.076923076923,243.653846153846,15.5760052392301,11,1
386.138461538462,243.553846153846,16.2141210921393,6,1
386.234375,243.5546875,15.8537928983075,4,1
386.309523809524,243.579365079365,16.3234273809385,6,1
386.301587301587,243.650793650794,15.5166725523914,2,1
385.84375,243.703125,15.3628037273305,6,1
386.046875,243.6328125,15.1817825422647,6,1
386.007936507937,243.650793650794,15.5050074731783,10,1
386.209677419355,243.596774193548,15.4895955354098,6,1
386.198347107438,243.578512396694,14.8142018713682,5,1
386.071428571429,243.619047619048,15.1750718766721,5,1
386.07874015748,243.543307086614,15.2931631403591,5,1
386.238461538462,243.576923076923,16.1775560427276,7,1
386.150793650794,243.571428571429,15.8590415281449,6,1
386.220472440945,243.59842519685,16.2531133121021,7,1
386.177419354839,243.653225806452,16.2226447542397,3,1
386.241935483871,243.677419354839,15.9220659481468,2,1
386.142857142857,243.619047619048,15.6768461183665,4,1
386.887931034483,243.362068965517,15.5263475450425,14,1
386.834782608696,243.391304347826,15.8833905811402,9,1
386.896,243.528,15.4590011499844,24,1
386.8359375,243.1015625,8.2475349167918,57,1
387.139344262295,242.877049180328,-8.11571396494582,22,1
388.715517241379,242.853448275862,-28.1518239783359,48,1
389.401639344262,243.024590163934,-27.8185040854584,24,1
391.032258064516,243.540322580645,-10.3209922733425,42,1
392.659090909091,243.55303030303,5.7639918789183,66,1
394.463414634146,243.79674796748,11.9531903053051,37,1
396.956140350877,243.30701754386,2.38277427160935,53,1
397.808333333333,243.4,-8.68077544705912,24,1
399.473282442748,243.206106870229,-18.5571559504192,59,1
402.605042016807,243.714285714286,-17.1941440514646,62,1
403.908333333333,244,-11.5283410318976,33,1
407.230088495575,244.424778761062,2.13068222265041,63,1
408.210526315789,244.377192982456,1.00392330769595,27,1
410.7,244.7,-15.2484462178728,56,1
413.106796116505,244.815533980583,-32.3695988924123,55,1
414.203883495146,245.456310679612,-34.0832745817042,26,1
416.364583333333,246.114583333333,-32.5693747176797,53,1
417.079207920792,246.524752475248,-31.5723692015777,29,1
418.917431192661,247.889908256881,-29.1283465834302,52,1
420.825242718447,248.815533980583,-30.3865490042371,38,1
422.241379310345,249.459770114943,-41.0527552711178,28,1
423.867469879518,250.831325301205,-65.7797269717129,36,1
424.4375,251.395833333333,-71.1306706204547,31,1
425.407766990291,253.038834951456,-68.3202185587076,31,1
426.457142857143,255.304761904762,-61.5220840984191,46,1
426.805825242718,255.912621359223,-59.7020795496067,16,1
427.979591836735,258.081632653061,-57.7392574694984,43,1
428.670103092784,259.505154639175,-63.6995821461163,23,1
429.893203883495,261.805825242718,-79.4872841464258,38,1
430.432432432432,263.36036036036,-85.0181766466323,32,1
430.716981132075,263.867924528302,-82.7419067170093,15,1
430.820754716981,265.716981132075,-76.3198975141128,44,1
431.018181818182,267.263636363636,-74.7661798312858,30,1
431.425742574257,270.108910891089,-75.8705103568561,41,1
432.009615384615,272.326923076923,-88.7369744339867,33,1
431.972222222222,273.305555555556,-88.6092471609737,20,1
432,275.274336283186,-83.693776876557,41,1
432.112068965517,276.344827586207,-81.4401972982743,23,1
432.326732673267,279.465346534653,-77.2719959292186,53,1
432.7,282.45,87.7512255336399,43,1
432.693069306931,283.722772277228,78.1159055121435,29,1
432.648148148148,285.740740740741,75.5550270209793,41,1
432.556603773585,286.72641509434,74.0799604162124,26,1
432.396226415094,289.264150943396,86.6461003955121,48,1
431.877551020408,292.387755102041,-86.9065891045592,50,1
431.820224719101,293.662921348315,83.1407006984958,19,1
431.510869565217,295.402173913043,66.9312850941885,39,1
431.324074074074,296.768518518519,66.285604047299,32,1
430.49504950495,299.693069306931,61.7924918315125,51,1
429.692307692308,301.490384615385,69.9671075027695,35,1
429.34,302.25,71.555283665534,16,1
428.041237113402,304.865979381443,72.8476917306172,43,1
427.533980582524,306.009708737864,71.0849878885165,20,1
426.767857142857,307.848214285714,60.2481683920787,43,1
425.841121495327,310.280373831776,55.7196885263035,43,1
425.222222222222,311.030303030303,56.6010607026687,20,1
424.009615384615,313.596153846154,71.3763631994506,49,1
423.444444444444,315.181818181818,79.5823066299528,29,1
422.633663366337,317.534653465347,73.1553591008038,40,1
421.727272727273,319.345454545455,64.2887774897838,39,1
421.355769230769,320.721153846154,57.6080446657529,24,1
420.398058252427,322.883495145631,55.9835077133242,41,1
419.682242990654,324.495327102804,66.2403569654743,32,1
418.49,327.28,80.458226011384,53,1
417.6,329.74,74.4046193181745,46,1
417.20202020202,331.060606060606,65.2885552327539,25,1
416.460784313725,333.088235294118,57.4051923704264,43,1
416.028301886792,334.471698113208,56.5826764347333,30,1
414.907407407407,336.703703703704,61.2589881664483,50,1
413.778846153846,339,70.2604861898146,52,1
413.080808080808,340.838383838384,71.6544488059659,27,1
412.26,342.93,59.078215758063,43,1
411.855769230769,343.788461538462,56.3751368761694,24,1
410.917431192661,346.201834862385,55.9415262965063,43,1
409.533980582524,348.650485436893,66.2892577997626,50,1
408.949494949495,349.878787878788,71.5743443457332,24,1
407.834951456311,352.281553398058,70.9040997202355,44,1
407.307692307692,353.25,68.515767543936,23,1
406.6,355.272727272727,56.9729288838835,48,1
405.266055045872,357.697247706422,54.0069847082037,51,1
404.415841584158,358.920792079208,56.4912736160585,26,1
403.210526315789,361.021052631579,66.6407699611403,50,1
402.322222222222,363.077777777778,72.8701330231996,35,1
401.275510204082,364.836734693878,68.318062115556,40,1
400.538461538462,366.528846153846,57.3019324935087,46,1
399.575757575758,368.414141414141,53.6122007560338,33,1
398.351063829787,370.840425531915,63.053782296826,49,1
397.979381443299,372.154639175258,72.9912738550765,23,1
396.786516853933,374.932584269663,81.4680110383218,54,1
395.935483870968,377.010752688172,72.9693360977778,46,1
395.734042553192,377.627659574468,65.9912985968976,21,1
394.544444444444,381.144444444444,58.9459373875375,60,1
394.204301075269,382.032258064516,63.2158849769293,19,1
393.65306122449,384.091836734694,76.8450179480866,45,1
392.55421686747,387.987951807229,84.5802092745389,63,1
392.211111111111,388.977777777778,74.1359184903842,21,1
391.858695652174,389.673913043478,65.5952672630836,34,1
391.386138613861,391.257425742574,62.5515587669411,33,1
390.216494845361,394.670103092784,68.6825814622822,54,1
389.88679245283,396.141509433962,77.2312487638912,37,1
389.358695652174,397.510869565217,85.277504656136,22,1
389.17,397.76,81.1056553512382,20,1
388.923809523809,397.695238095238,77.8673401161899,9,1
388.688073394495,398.064220183486,72.1100495861746,26,1
388.363636363636,398.165289256198,65.0465570242011,28,1
388.155737704918,398.491803278689,57.4047100170278,21,1
387.729323308271,398.616541353383,47.9579515912647,29,1
387.48905109489,398.576642335766,43.5978743041147,24,1
387.045801526718,398.717557251908,40.7296147856668,32,1
385.295081967213,398.983606557377,42.2554129681411,43,1
NaN,NaN,NaN,122,1
377.105769230769,230.730769230769,71.9261077270976,NaN,2
377.075471698113,230.61320754717,72.7924096070992,2,2
377.028846153846,230.519230769231,72.2687544067575,4,2
376.877358490566,230.745283018868,71.6054329214642,4,2
376.831775700935,230.869158878505,71.7669384959683,3,2
376.585585585586,230.81981981982,72.1882114855124,10,2
376.669724770642,230.963302752294,72.5212542722216,6,2
376.636363636364,230.881818181818,72.3509718795092,5,2
376.823529411765,230.519607843137,72.5691713838769,8,2
376.834951456311,230.466019417476,72.9390510794904,3,2
376.825242718447,230.47572815534,72.0518970301362,4,2
376.654205607477,230.710280373832,72.2851618585456,8,2
376.654205607477,230.616822429907,72.0755842647773,6,2
376.647619047619,230.790476190476,71.725633640007,6,2
376.669902912621,230.572815533981,71.025262844071,4,2
376.622641509434,230.61320754717,71.6150865985763,5,2
376.443396226415,230.622641509434,70.9842682579739,6,2
376.586538461538,230.442307692308,70.5597982595457,6,2
376.504854368932,230.621359223301,71.1390436213782,11,2
376.471153846154,230.711538461538,70.6614263985016,3,2
376.372549019608,230.794117647059,71.4639751397613,8,2
376.308411214953,230.682242990654,71.6343637881793,5,2
376.247706422018,230.816513761468,71.8107045344266,2,2
376.373831775701,230.663551401869,70.7788005593211,6,2
376.259259259259,230.87962962963,71.381815606228,5,2
376.289719626168,230.757009345794,71.0439232245855,1,2
376.27027027027,230.873873873874,71.8056524435435,4,2
376.218181818182,230.790909090909,71.9476279519572,5,2
376.277777777778,230.694444444444,71.4958886331499,2,2
376.216216216216,230.720720720721,72.3408061159131,3,2
376.236363636364,230.9,72.1187165584571,3,2
376.207207207207,231.027027027027,72.4562328291754,1,2
376.207207207207,230.873873873874,72.2603082840399,2,2
376.348623853211,230.449541284404,71.2801755587942,6,2
376.275229357798,230.623853211009,71.9207882569675,2,2
376.290909090909,230.754545454545,71.4257789462532,3,2
376.25,230.964285714286,72.0891687266091,2,2
376.266055045872,230.779816513761,71.8412057805163,3,2
376.296296296296,230.768518518519,71.9708031662069,1,2
376.296296296296,230.87037037037,72.3848864231508,2,2
376.462264150943,230.424528301887,71.6799563520773,6,2
376.536363636364,230.663636363636,74.6001970592884,16,2
376.58407079646,230.716814159292,77.9242026853393,15,2
376.724770642202,230.036697247706,88.3985943772414,40,2
376.48717948718,230.051282051282,-88.6301139892415,20,2
376.142857142857,230.34126984127,78.1220822165212,29,2
375.59842519685,230.40157480315,58.9196023929692,31,2
375.763779527559,229.535433070866,53.619897410755,36,2
377.225490196078,226.21568627451,39.3303809819486,79,2
377.934579439252,224.448598130841,50.017270024684,39,2
379.190476190476,221.942857142857,78.322566262257,52,2
379.278260869565,220.391304347826,-70.3208585039247,40,2
379.224299065421,219.233644859813,-58.6514281196589,30,2
378.38,217.17,-54.5105704605414,47,2
377.932692307692,215.884615384615,-60.7918736748864,28,2
377.139784946237,213.161290322581,65.4093392716515,55,2
377.760416666667,210.802083333333,52.4563638034552,45,2
377.935483870968,210.086021505376,50.3403964239284,19,2
378.457142857143,208.533333333333,63.0040003486015,56,2
378.741071428571,207.964285714286,69.2828253907054,31,2
379.956140350877,205.535087719298,76.6186737970365,60,2
380.938596491228,203.517543859649,73.7313967019949,48,2
381.461538461538,202.213675213675,62.4285953921461,33,2
382.177419354839,201.161290322581,49.9802674694402,53,2
382.713178294574,200.263565891473,41.9599211225759,41,2
384.719008264463,198.735537190083,42.4515552598344,52,2
387,196.642857142857,52.8188636235057,59,2
387.947368421053,195.842105263158,52.2150778400106,32,2
389.710526315789,194.482456140351,47.65068487623,40,2
390.353448275862,193.810344827586,42.1508076921185,18,2
392.040322580645,192.508064516129,31.7500399522545,40,2
394.475409836066,190.696721311475,24.0474623720471,56,2
395.826086956522,190.165217391304,27.4913184725134,31,2
398.289719626168,188.831775700935,42.707738387853,54,2
399.452830188679,188.094339622642,49.0996166391548,25,2
401.40350877193,186.833333333333,44.7065539186386,44,2
403.104347826087,185.84347826087,33.4281800339335,39,2
403.9375,185.285714285714,25.3468220555331,27,2
406.305084745763,183.906779661017,20.7456864551921,54,2
407.928571428571,183.410714285714,24.126942125794,30,2
410.119266055046,182.651376146789,29.8576950211922,43,2
412.513513513513,181.675675675676,37.6798772837275,52,2
413.316239316239,181.162393162393,33.3738642671876,26,2
415.73275862069,179.956896551724,24.4059242001056,49,2
416.504273504273,179.735042735043,21.1592221480338,17,2
419.09243697479,178.81512605042,15.3710405262783,56,2
422,178.153846153846,21.6900264171182,52,2
422.771929824561,177.789473684211,19.5596341174675,21,2
425.911504424779,176.575221238938,31.0955554407967,57,2
427.036363636364,176.127272727273,31.9045780213598,25,2
429.053097345133,175.256637168142,20.4923870533867,37,2
431.347457627119,174.330508474576,17.2285709462829,53,2
433.129310344828,173.689655172414,15.0232987255656,30,2
435.663793103448,172.818965517241,28.2307478514711,50,2
436.90990990991,172.477477477477,33.4934840279671,29,2
439.648148148148,171.231481481481,35.7527252236901,53,2
441.939655172414,170.068965517241,25.9591260830001,46,2
443.424778761062,169.327433628319,16.0117572264595,33,2
446.138613861386,168.653465346535,9.75543368158934,48,2
447.911764705882,168.098039215686,14.8949115046525,33,2
449.921052631579,167.587719298246,24.5792251611231,46,2
452.730434782609,166.591304347826,32.1701952249062,53,2
453.826086956522,166.017391304348,28.9314495743465,24,2
456.441441441441,164.927927927928,20.2589806504508,52,2
457.410256410256,164.538461538462,18.740826724513,28,2
460.429906542056,163.345794392523,12.1328026113739,56,2
462.398305084746,162.838983050847,19.8475368003975,47,2
464.090909090909,162.272727272727,25.6592627835041,34,2
466.542857142857,161.438095238095,30.3606470397581,47,2
467.803738317757,160.81308411215,31.4105340571013,26,2
470.207207207207,159.621621621622,16.1346707490963,52,2
472.972222222222,158.472222222222,12.1058603490339,51,2
474.093457943925,158.046728971963,15.9961670019014,23,2
476.525423728814,157.313559322034,28.7435994319079,49,2
477.696428571429,156.857142857143,34.4847348723345,28,2
480.656565656566,155.090909090909,33.8660691105274,61,2
482.56880733945,154.275229357798,21.2798394456082,38,2
483.83185840708,153.752212389381,19.9230931912729,30,2
486.207920792079,152.722772277228,11.0454127161179,50,2
487.775700934579,151.943925233645,17.0993656190379,30,2
489.809090909091,151.5,32.7305644825575,43,2
492.911764705882,149.921568627451,36.7610427053787,60,2
493.922330097087,149.456310679612,29.7201649722911,23,2
495.678260869565,148.495652173913,18.6875536226325,36,2
496.521367521367,148.08547008547,16.1189412308438,28,2
500.063063063063,146.774774774775,16.2532566142804,62,2
502.230088495575,145.955752212389,23.888768508823,46,2
503.635514018692,145.457943925234,29.6510390735325,30,2
505.947368421053,144.236842105263,33.1767167013215,45,2
506.938596491228,143.877192982456,29.8648217232966,24,2
509.025,142.816666666667,20.9437060880246,44,2
511.763636363636,141.654545454545,13.1369195526371,58,2
513.245283018868,141.141509433962,10.5515649625161,26,2
515.495575221239,140.451327433628,24.3720013440599,45,2
516.58407079646,140.424778761062,28.0926766713686,28,2
519.71568627451,138.774509803922,32.4456379177508,61,2
521.706422018349,137.97247706422,24.5346798924546,43,2
522.68932038835,137.184466019417,19.4982744713845,28,2
525.504587155963,135.981651376147,18.6017243287242,52,2
526.648148148148,135.611111111111,20.5738948640488,23,2
528.241379310345,134.956896551724,28.4304037992286,38,2
530.709090909091,133.763636363636,39.1368967885159,58,2
532.224299065421,132.831775700935,39.3346177347165,31,2
534.069565217391,131.878260869565,31.1412564256319,40,2
534.966101694915,131.584745762712,28.5473339777065,25,2
537.4375,130.008928571429,22.7752478181832,56,2
539.869158878505,128.88785046729,30.1573129973371,49,2
541.019230769231,128.365384615385,34.0982394734601,23,2
543.288288288288,127.189189189189,43.5965614104122,55,2
544.354545454545,126.636363636364,42.1887549716014,23,2
546.194690265487,125.530973451327,32.7884540220126,39,2
548.363636363636,124.045454545455,19.9632523531624,47,2
550.466019417476,123.427184466019,16.2891980549981,39,2
552.980582524272,122.223300970874,26.0139595976858,50,2
553.61320754717,121.943396226415,27.3084219317605,17,2
556.028301886792,120.88679245283,39.7298479818606,48,2
558.128440366972,119.651376146789,40.3463134182481,45,2
559.077586206897,118.862068965517,36.8008095770527,27,2
561,117.681818181818,26.8101091521677,44,2
562.304761904762,116.752380952381,24.0268567967476,31,2
564.416666666667,115.685185185185,32.4599158764477,41,2
566.102803738318,114.579439252336,46.1801444721442,43,2
567.484848484848,113.515151515152,50.8305323950171,30,2
569.247422680412,111.989690721649,46.4712602281844,38,2
570.029411764706,111.225490196078,39.8442476341536,21,2
571.026086956522,110.234782608696,34.5538090713146,41,2
573.327102803738,108.299065420561,26.4481962321183,50,2
573.761904761905,108.066666666667,28.6669095939168,16,2
575.688679245283,106.641509433962,36.6852206235337,45,2
576.733333333333,105.961904761905,41.9429758779394,27,2
578.747474747475,104.151515151515,45.4146127809174,50,2
580.211538461538,102.846153846154,36.9783609543394,35,2
580.810810810811,102.225225225225,32.7680788293892,23,2
582.666666666667,101.058823529412,18.8210911967862,43,2
583.847619047619,100.180952380952,21.7169057473933,29,2
585.777777777778,99.1111111111111,28.1232936244239,40,2
587.711538461538,98.2211538461538,35.9114844513698,41,2
588.418367346939,97.734693877551,35.557365834588,18,2
590.680412371134,95.979381443299,35.9658990923143,51,2
591.295918367347,95.6326530612245,30.6188957216242,13,2
592.855769230769,94.6538461538462,25.7572692519364,34,2
595.787234042553,93.2659574468085,30.7293707819421,52,2
596.820224719101,92.3370786516854,32.9235085333335,27,2
598.020408163265,91.4183673469388,40.1163126904996,39,2
599.239583333333,90.78125,46.0935679628356,22,2
601.113636363636,89.4772727272727,39.178672645611,38,2
602.391304347826,88.75,27.1285607932691,32,2
603.247191011236,88.5280898876404,19.2107149061911,19,2
606.3125,87.6875,2.99844723315799,45,2
606.878048780488,87.780487804878,3.73773540033989,16,2
608.646341463415,87.9024390243902,8.81709312470315,30,2
610.464285714286,88.1904761904762,11.4128313235867,30,2
611.325301204819,88.3373493975904,9.04173635591632,13,2
612.634146341463,88.1463414634146,2.78929375790034,23,2
613.529411764706,88.3294117647059,-2.53997939463083,17,2
615.691358024691,88.3827160493827,-10.1967726034099,32,2
NaN,NaN,NaN,81,2
392.285714285714,231.690476190476,25.7170799681022,NaN,3
392.487804878049,231.691056910569,25.5281916229054,9,3
392.408,231.736,25.2060904989396,4,3
392.34126984127,231.698412698413,23.8095865928621,7,3
392.2265625,231.828125,23.9605630828076,6,3
392.356589147287,231.635658914729,24.3151690168042,7,3
392.484126984127,231.626984126984,24.8450145781708,7,3
392.540322580645,231.588709677419,25.9492139778367,2,3
392.349206349206,231.706349206349,24.700820727962,4,3
392.448,231.752,24.2343045218461,3,3
392.230158730159,231.777777777778,23.7737896018122,3,3
392.451612903226,231.717741935484,24.0841756375391,4,3
392.3046875,231.75,23.6610592139617,8,3
392.304,231.744,23.7471806562153,5,3
392.3515625,231.796875,23.8806292800182,5,3
392.330708661417,231.700787401575,24.7358925961282,3,3
392.184615384615,231.623076923077,23.9810582461726,5,3
392.2890625,231.6640625,23.9988133779593,4,3
392.330708661417,231.606299212598,24.70243705996,3,3
392.22480620155,231.643410852713,23.4617066716064,6,3
392.427419354839,231.467741935484,24.4100778010758,7,3
392.561983471074,231.537190082645,24.6158217819042,7,3
392.588709677419,231.564516129032,24.5298867268217,5,3
392.464,231.456,25.1663015619141,5,3
392.467741935484,231.435483870968,24.8635321264255,3,3
392.31746031746,231.309523809524,24.6054839173785,10,3
392.463414634146,231.390243902439,23.9114530386696,9,3
392.466101694915,231.457627118644,23.4893235075737,7,3
392.267716535433,231.433070866142,23.2213253909676,9,3
392.446280991736,231.413223140496,24.3840051812758,6,3
392.144,231.536,23.4889567367637,6,3
392.524590163934,231.262295081967,24.6440149408416,9,3
392.577235772358,231.211382113821,25.0271304735954,7,3
392.556451612903,231.282258064516,23.6429395213793,7,3
392.460317460317,231.222222222222,22.9593073004322,4,3
392.376,231.232,23.1462627597979,7,3
392.450819672131,231.237704918033,22.1568746351586,5,3
392.528,231.16,23.0173878540805,5,3
392.809917355372,231.082644628099,23.7688836065145,6,3
392.661157024793,231.157024793388,22.5307756897441,2,3
392.573770491803,231.172131147541,22.0129658311608,1,3
392.456,231.16,21.281185038687,7,3
392.565573770492,231.172131147541,21.6874883752063,3,3
392.467213114754,231.229508196721,20.9843536446907,2,3
392.548387096774,231.274193548387,21.805435654925,8,3
392.706349206349,231.095238095238,21.8046784875632,10,3
392.693548387097,231.145161290323,21.3015291561628,6,3
392.69918699187,231.178861788618,21.1030800716817,3,3
392.743801652893,231.190082644628,21.5186412425145,4,3
392.737704918033,231.180327868852,21.2553371840477,3,3
392.786885245902,231.147540983607,21.806120472766,2,3
392.764227642276,231.146341463415,21.7084280631544,3,3
392.524193548387,231.274193548387,21.3595595131765,9,3
392.935483870968,231.241935483871,24.55783092615,22,3
393.533898305085,231.279661016949,35.3564643422459,24,3
393.53781512605,231.420168067227,47.5430712188509,37,3
393.90350877193,230.377192982456,55.1460390127676,45,3
393.868852459016,229.606557377049,66.3196599475266,32,3
394.090909090909,228.165289256198,-58.9629923586734,55,3
394.223140495868,228,-56.3843346600146,24,3
392.434426229508,225.639344262295,-51.5460664882669,65,3
391.421768707483,224.020408163265,-61.0125110513593,49,3
390.593495934959,222.934959349593,-73.0009803636405,42,3
389.035714285714,220.919642857143,88.8539216739092,63,3
388.711711711712,220.441441441441,-89.1665394900713,21,3
387.441666666667,218.1,-69.7518650015905,59,3
387.35,217.483333333333,-52.6993088474168,42,3
386.807339449541,216.522935779817,-44.129232085865,33,3
384.81981981982,213.693693693694,-44.9557500569541,62,3
384.380530973451,212.787610619469,-45.341438407287,26,3
382.5,211.794642857143,-55.8108507882585,43,3
381.295238095238,211.133333333333,-53.775915387368,41,3
380.470588235294,210.323529411765,-50.9396922663588,21,3
379.017857142857,208.732142857143,-39.8712544287897,44,3
378.348214285714,208.276785714286,-33.3957694485993,24,3
376.615384615385,206.557692307692,-26.5122047271297,54,3
374.75,205.25,-32.7511659839852,48,3
373.915094339623,204.820754716981,-37.1419109705169,22,3
372.157407407407,202.981481481481,-42.382810408991,50,3
370.980392156863,201.941176470588,-50.4918955520506,28,3
370.070175438596,201.131578947368,-46.8161021049739,34,3
368.421487603306,199.785123966942,-39.9273810316416,41,3
367.5,198.830508474576,-36.2888327169774,31,3
365.508928571429,197.026785714286,-29.1432899454142,56,3
364.697247706422,196.449541284404,-28.9282401358598,31,3
362.884615384615,195.057692307692,-34.546624458529,53,3
360.613861386139,192.990099009901,-48.0077814982428,49,3
359.598039215686,192.343137254902,-44.7255385502765,19,3
358.017857142857,190.75,-41.3011071221025,42,3
357.396551724138,190.293103448276,-36.3634201787891,18,3
355.614754098361,188.754098360656,-26.3708597157392,62,3
353.285714285714,187.071428571429,-25.170012198121,58,3
352.460869565217,186.660869565217,-27.6361318073126,19,3
350.045871559633,184.899082568807,-41.6958535992496,52,3
348.831775700935,183.906542056075,-45.3383312479558,30,3
346.953271028037,182.411214953271,-38.8431232110079,46,3
345.645454545455,181.254545454545,-29.2777361717691,41,3
344.467289719626,180.308411214953,-25.204846085147,31,3
342.570093457944,179.457943925234,-18.8350273540979,40,3
341.300884955752,178.318584070796,-26.0944787859616,34,3
339.5,177.111111111111,-39.955875998718,43,3
337.304761904762,175.342857142857,-50.6133551441292,51,3
336.43137254902,174.323529411765,-45.7601604052286,23,3
334.841121495327,172.803738317757,-37.6951957721927,41,3
334.145454545455,172.281818181818,-35.22380480758,21,3
332.796610169492,170.983050847458,-30.7498679720298,48,3
330.923076923077,169.538461538462,-37.330728031474,39,3
329.830188679245,168.877358490566,-40.4446131516593,23,3
327.728155339806,166.873786407767,-50.7772572376984,51,3
326.509803921569,165.186274509804,-55.4294268893948,33,3
325.296296296296,163.722222222222,-48.8538410616726,36,3
324.064814814815,162.388888888889,-39.3393071031215,42,3
323.339805825243,161.834951456311,-33.665028440601,15,3
321.494845360825,159.865979381443,-33.3752015780071,48,3
320.85046728972,159.214953271028,-39.2423897885808,20,3
319.11214953271,157.794392523364,-47.8450353518192,38,3
317.111111111111,155.717171717172,-50.7397958555225,48,3
316.436893203883,154.961165048544,-47.7496967178806,18,3
315.380952380952,154.114285714286,-38.9439237050775,32,3
314.816513761468,153.348623853211,-39.3194114843376,24,3
312.914285714286,151.533333333333,-33.8215255753802,46,3
311.467289719626,150.121495327103,-43.2742607027277,36,3
310.466666666667,149.219047619048,-47.0286888960492,24,3
308.848214285714,147.464285714286,-50.4495459687599,41,3
307.778846153846,146.721153846154,-52.6877045263912,24,3
306.54128440367,145.449541284404,-42.9981554597415,37,3
305.029126213592,143.73786407767,-36.155559704933,44,3
303.9,142.75,-37.1874597805487,27,3
302.214285714286,141.469387755102,-41.8517707422058,40,3
301.40404040404,140.888888888889,-44.1628230687618,19,3
299.021052631579,138.831578947368,-46.2890893375592,48,3
297.897196261682,137.953271028037,-36.495466150619,32,3
297.077669902913,137.417475728155,-29.553159395765,24,3
295.028846153846,135.884615384615,-25.2264230834722,45,3
294.153846153846,135.115384615385,-27.4079938266316,26,3
291.963302752294,133.94495412844,-37.956891324853,41,3
289.759615384615,132.25,-43.3009455570735,51,3
288.735294117647,131.656862745098,-41.2896186121748,20,3
286.654545454545,130.145454545455,-32.349113954127,42,3
286.117117117117,129.927927927928,-29.7286828670906,17,3
284.43119266055,128.880733944954,-23.1692134859499,50,3
282.108108108108,127.801801801802,-30.6456866375554,44,3
280.869158878505,127.205607476636,-35.2247873217314,28,3
278.223404255319,125.563829787234,-33.4972773236503,53,3
277.073684210526,124.6,-40.9753459390237,25,3
275.537037037037,123.87962962963,-30.4477575686763,35,3
273.982300884956,122.87610619469,-25.5927269755824,43,3
272.609090909091,122.163636363636,-23.7157613273818,27,3
270.504424778761,121.345132743363,-31.3611786814541,43,3
269.304761904762,120.942857142857,-39.9888577530789,24,3
267.145454545455,119.627272727273,-46.5926883638807,47,3
264.90625,117.864583333333,-37.2300166846274,48,3
264.292452830189,117.783018867925,-33.1606722290849,14,3
262.648648648649,116.783783783784,-26.0509550537882,45,3
261.83185840708,116.407079646018,-23.7797112344982,24,3
259.224299065421,115.373831775701,-21.4045762238077,48,3
257.256880733945,114.660550458716,-30.14056903375,40,3
256.047619047619,114.2,-34.8962013462874,22,3
253.6,112.84,-38.9778747618651,49,3
252.734693877551,112.285714285714,-37.6817909528382,20,3
251.283018867925,111.745283018868,-29.944423683017,32,3
249.6,110.909090909091,-23.734706915374,38,3
248.268518518519,110.157407407407,-24.2652584199429,28,3
246.366071428571,109.348214285714,-28.1693892375216,38,3
245.083333333333,108.925925925926,-34.9133741297994,24,3
243.14953271028,108,-47.9383629020535,41,3
241.047619047619,106.628571428571,-46.4573032737808,46,3
240.32380952381,106.238095238095,-42.7485805192253,18,3
238.527272727273,104.781818181818,-36.5874488964276,43,3
237.707547169811,104.264150943396,-32.6175784427934,24,3
235.514851485149,103.029702970297,-27.1014976989962,45,3
233.971428571429,102.07619047619,-33.0668957678973,32,3
233.151785714286,101.589285714286,-38.1876409272904,23,3
230.938775510204,100.397959183673,-46.764195367766,42,3
230.163265306122,99.7755102040816,-45.6572408457468,22,3
228.679611650485,98.9805825242718,-39.1058453677259,33,3
227.212962962963,97.9814814814815,-32.475149956142,37,3
226.223404255319,97.0531914893617,-21.4375932725126,24,3
224.701923076923,96.0480769230769,-26.5320502621048,34,3
223.970873786408,95.4271844660194,-29.5950728183166,23,3
222.299065420561,94.4299065420561,-41.8824808930307,40,3
220.254901960784,92.9411764705882,-47.4630561505713,39,3
219.65,92.22,-43.452953958387,18,3
218.669811320755,91.5849056603774,-35.4144323726756,32,3
217.972222222222,90.9537037037037,-34.0759439745256,22,3
215.94,89.31,-26.6547329518669,44,3
213.979166666667,88.2083333333333,-33.0777983087762,38,3
213.802083333333,88.0104166666667,-27.5504707464405,14,3
211.73,86.79,-43.075023629549,48,3
211,86.252427184466,-43.7736069347032,19,3
209.669724770642,85.394495412844,-36.0688552736721,34,3
207.704761904762,84.4380952380952,-23.3523207304314,42,3
206.64,83.94,-12.5680122935894,23,3
204.418367346939,83.5816326530612,-11.0801916085384,42,3
203.61,83.57,-10.4028453607643,16,3
202.287128712871,83.6435643564356,-12.4788021146225,25,3
201.073394495413,83.5871559633027,-14.8947082641206,28,3
200.192307692308,83.4326923076923,-8.68184940520846,17,3
199.311926605505,83.5412844036697,-2.46773584959307,25,3
198.189189189189,83.4414414414414,6.47636995180364,24,3
195.947916666667,83.6770833333333,19.8115593969316,41,3
193.768421052632,84.2947368421053,15.0325591878823,37,3
NaN,NaN,NaN,95,3
379.702702702703,281.837837837838,-81.3351734467711,NaN,4
379.756756756757,282.144144144144,-80.0490604666472,6,4
379.761061946903,282.035398230089,-80.1462217802728,2,4
379.756756756757,282.144144144144,-80.0490604666472,2,4
379.899082568807,282.137614678899,-79.912163536318,4,4
379.765765765766,282.153153153153,-80.0343662631002,6,4
379.767857142857,282.035714285714,-80.7288726536403,1,4
379.792792792793,282.036036036036,-80.8662843063639,3,4
379.90990990991,282.198198198198,-79.6576907179287,4,4
379.963963963964,282.153153153153,-79.5487934940516,2,4
379.927927927928,282.027027027027,-80.3458497089479,2,4
379.991071428571,282.098214285714,-79.6291022500221,3,4
380.008849557522,282.079646017699,-79.7134628293908,1,4
380.017543859649,282.245614035088,-78.8649611578333,3,4
380.008849557522,282.274336283186,-78.7551750879931,1,4
380.035714285714,282.223214285714,-78.3906039265102,5,4
380.137614678899,282.284403669725,-78.7713319345879,3,4
380.162162162162,282.252252252252,-79.5547687856293,2,4
380.207207207207,282.324324324324,-78.2859091455652,4,4
380.245454545455,282.463636363636,-78.1247238006326,3,4
380.192660550459,282.440366972477,-77.9224381082583,3,4
380.290909090909,282.336363636364,-78.6933519702743,5,4
380.3,282.418181818182,-78.2395686612019,2,4
380.324324324324,282.405405405405,-78.2951866384942,1,4
380.333333333333,282.350877192982,-80.3091810889954,7,4
380.366071428571,282.241071428571,-80.1598935279761,6,4
380.391304347826,282.304347826087,-79.3266177352308,5,4
380.362068965517,282.206896551724,-79.8235490055307,3,4
380.455357142857,282.357142857143,-80.194338925488,8,4
380.530973451327,282.469026548673,-79.9743159230141,5,4
380.486725663717,282.407079646018,-79.7211504667673,2,4
380.482456140351,282.59649122807,-79.9770476333193,9,4
380.631578947368,282.710526315789,-80.9242614330006,8,4
380.529914529915,282.675213675214,-81.9561173531711,19,4
380.539130434783,283.121739130435,-82.7577848545591,38,4
380.16393442623,283.245901639344,-72.8655935465532,21,4
379.774193548387,283.064516129032,-38.9025449260875,36,4
379.630769230769,283,-18.2504744403972,18,4
379.232954545455,281.670454545455,-47.7411164074752,66,4
380.042553191489,283.609929078014,-26.7213624440914,89,4
381.014705882353,284.397058823529,-27.1344244281163,31,4
382.925373134328,284.932835820896,-30.8225589841033,44,4
384.107692307692,285.438461538462,-39.1039765821514,34,4
385.544,286.68,-16.0504309396882,63,4
387.604651162791,287.860465116279,-2.80838895387356,62,4
388.85,288.458333333333,-3.63390366913688,29,4
391.471074380165,289.297520661157,-4.0474947309752,63,4
392.429752066116,289.586776859504,-5.80109233275109,32,4
395.128440366972,289.94495412844,-20.0902860918803,54,4
397.628318584071,290.840707964602,-15.9630984361311,50,4
398.991150442478,291.29203539823,-10.7116511318028,32,4
401.238938053097,291.902654867257,-2.63782098132279,46,4
402.393162393162,292.188034188034,-0.915695575611712,28,4
404.563025210084,292.218487394958,-1.08979955957327,50,4
406.73275862069,292.439655172414,-13.5236599170426,59,4
407.647058823529,292.554621848739,-17.2245288983452,33,4
410.523076923077,293.315384615385,-22.2323751524562,63,4
411.587301587302,293.849206349206,-23.5728880987448,34,4
413.983870967742,294.709677419355,-16.3456680484956,56,4
416,295.413793103448,-12.2701855306942,50,4
417.212389380531,295.893805309734,-16.9471296906063,29,4
419.580357142857,296.410714285714,-26.3666754529888,51,4
420.936936936937,296.621621621622,-34.8169232201739,37,4
423.581818181818,297.9,-37.1950718842785,61,4
426.168224299065,299.514018691589,-20.4843945870096,59,4
427.345794392523,300.121495327103,-13.9858774406678,28,4
428.902654867257,300.637168141593,-12.9175762447891,34,4
430.018018018018,301.018018018018,-16.2198313136494,30,4
432.309090909091,301.709090909091,-23.647861766183,49,4
434.660714285714,302.669642857143,-30.7086651210183,50,4
436.166666666667,303.647058823529,-31.2450597082094,34,4
438.833333333333,304.950980392157,-17.7409098686448,50,4
439.609523809524,305.057142857143,-15.4278371936018,19,4
441.8,305.909090909091,-9.3157527788141,49,4
443.955357142857,306.517857142857,-13.2270044466766,44,4
445.128712871287,306.841584158416,-16.9828349202823,29,4
448.356435643564,307.930693069307,-29.9734465533038,56,4
449.7,308.62,-31.6237199883616,29,4
452.077669902913,309.796116504854,-19.6856695418023,47,4
453.990990990991,310.783783783784,-13.4382848886018,54,4
455.950980392157,311.294117647059,-6.38867694154236,33,4
457.765217391304,311.895652173913,-15.4612898598673,45,4
459.216216216216,312.297297297297,-19.637437424563,34,4
461.263636363636,313.227272727273,-26.3772475438033,47,4
464.203703703704,314.638888888889,-27.9433344009644,54,4
465.133333333333,315.209523809524,-21.5209870738423,21,4
467.550847457627,316.440677966102,-9.91479642559674,55,4
468.279661016949,316.762711864407,-8.86514455064536,24,4
470.83185840708,317.371681415929,-11.9673132010255,47,4
473.166666666667,318.157894736842,-22.6291911705453,49,4
474.828571428571,318.638095238095,-26.635461484344,29,4
477.260504201681,319.571428571429,-28.2311655348003,52,4
478.461538461538,320.076923076923,-25.3064370512336,26,4
480.740740740741,321.194444444444,-12.1826174687679,47,4
483.052631578947,322.324561403509,-11.0779170476694,50,4
484.554545454545,322.490909090909,-13.7668597018415,26,4
486.948275862069,323.543103448276,-24.1477917173768,48,4
488.303571428571,324.026785714286,-25.8855598525741,32,4
491.205607476636,325.299065420561,-24.9869619301288,53,4
493.146551724138,326.172413793103,-16.5091542900321,45,4
494.28813559322,326.652542372881,-13.7878068593006,28,4
496.853448275862,327.474137931034,-13.8156370342559,46,4
497.965217391304,327.826086956522,-18.9219991665133,25,4
500.182608695652,328.426086956522,-28.9425937309127,44,4
502.991071428571,329.660714285714,-30.7430200882393,51,4
503.8,329.991666666667,-28.7007312164952,22,4
506.008849557522,331.026548672566,-16.2474443599365,51,4
507.44347826087,331.530434782609,-13.640010390319,30,4
509.612612612613,332.243243243243,-15.5292114790538,42,4
511.694444444444,332.972222222222,-23.1230312996539,45,4
513.309090909091,333.6,-31.8778579463791,34,4
516,334.725490196078,-26.5366557191173,50,4
516.663636363636,334.963636363636,-25.9177700894278,18,4
518.487179487179,335.888888888889,-18.8915012586426,43,4
521.218181818182,337.090909090909,-13.1223683469707,51,4
522.694444444444,337.592592592593,-19.8835632728818,26,4
524.819047619048,338.219047619048,-25.7808179692872,43,4
526,338.722222222222,-28.4499664708305,27,4
528.157407407407,339.277777777778,-28.321550081365,40,4
530.078260869565,340.286956521739,-18.8974223256668,45,4
531.169642857143,340.821428571429,-14.7739510252953,31,4
534.091743119266,341.669724770642,-13.4314731792037,51,4
535.151785714286,341.928571428571,-15.272312786995,23,4
537.046296296296,342.666666666667,-21.7645489599087,42,4
539.834862385321,343.302752293578,-24.4473198092053,55,4
541.427184466019,343.902912621359,-16.5540108907228,26,4
543.592592592593,344.703703703704,-10.6589823812424,49,4
544.592592592593,345.046296296296,-8.09116410509119,24,4
547.21359223301,345.572815533981,-8.27575579896581,49,4
549.233644859813,346.056074766355,-21.3154681168531,46,4
551.039603960396,346.475247524752,-25.9554325293612,30,4
552.810810810811,347.135135135135,-25.2274127951757,46,4
553.855855855856,347.522522522523,-25.3538697202873,22,4
556.108108108108,348.585585585586,-15.3534818713841,52,4
558.980582524272,349.543689320388,-10.1663698029741,50,4
560.084112149533,349.971962616822,-16.8992330267531,22,4
562,350.368421052632,-20.7355085059942,39,4
563.107142857143,350.955357142857,-28.2374259367397,34,4
565.839285714286,351.9375,-29.735584939533,48,4
567.613445378151,352.655462184874,-18.2947259732041,39,4
568.723214285714,352.973214285714,-12.6323420590099,29,4
571.915887850467,354.11214953271,-8.34820357389711,59,4
573.073394495413,354.376146788991,-9.4652896162912,24,4
574.931034482759,354.741379310345,-18.8024679294811,37,4
577.109090909091,355.209090909091,-24.6901462042424,44,4
578.359649122807,355.763157894737,-22.3115605851055,22,4
580.842105263158,356.517543859649,-10.4820650003747,48,4
581.504273504274,356.683760683761,-7.4758446136233,21,4
584.027027027027,357.261261261261,-3.22046709626553,56,4
587.178571428571,357.714285714286,-9.49348457623271,49,4
588.230088495575,357.787610619469,-14.7349698687541,27,4
590.601851851852,358.166666666667,-20.1681671802101,43,4
591.495412844037,358.302752293578,-18.0362777976013,25,4
593.35593220339,358.330508474576,-16.5705337050668,45,4
595.247933884297,358.942148760331,-6.3367484458517,41,4
596.542372881356,359.135593220339,-4.0307154620596,29,4
599.201834862385,359.605504587156,-0.640702002890375,43,4
600.598214285714,359.642857142857,-5.98018971628167,25,4
602.297520661157,359.793388429752,-15.8166816967065,39,4
604.833333333333,360.296296296296,-19.0180092262613,53,4
605.964601769911,360.548672566372,-17.4382941455637,27,4
607.955357142857,361.008928571429,-14.5356099795059,41,4
608.964601769911,361.309734513274,-10.7497852334536,23,4
611.45045045045,361.81981981982,-4.93546411777931,46,4
614.101851851852,362.37037037037,-8.51615838123703,45,4
614.910714285714,362.419642857143,-15.0523323761693,18,4
616.633928571429,362.633928571429,-20.6694786327729,36,4
617.675675675676,363.045045045045,-21.1494645343144,25,4
620.242990654206,363.654205607477,-23.5876275338093,40,4
622.09243697479,364.453781512605,-16.8770384879546,36,4
623.016393442623,364.795081967213,-12.8640106789654,21,4
625.367521367521,365.48717948718,-5.74945021678549,43,4
626.384,365.632,-5.01035960990725,32,4
631.821428571429,366.163265306122,-2.66669718388744,109,4
633.154929577465,366.887323943662,-12.0132185149987,59,4
632.535353535354,366.818181818182,-15.98626609256,37,4
633.261363636364,367.056818181818,-20.1134327812123,36,4
633.711956521739,367.75,-19.2434388859575,36,4
633.549450549451,368.494505494506,-23.8191670747775,34,4
634.040609137056,369.41116751269,-28.7625919073767,37,4
634.514851485148,369.480198019802,-25.9487187003366,29,4
634.745283018868,369.849056603774,-29.0873228445311,36,4
634.898617511521,370.10599078341,-29.8021487435589,23,4
635.287037037037,370.810185185185,-36.8945832306174,43,4
635.904977375566,371.674208144796,-40.9336406663923,41,4
636.107981220657,372.150234741784,-60.6490146705218,46,4
636.789473684211,373.086124401914,-79.9621864099982,50,4
636.641148325359,374.071770334928,-83.9239875286334,40,4
636.688372093023,374.776744186047,-83.8928573659658,32,4
636.126696832579,376.022624434389,-68.2033547048918,56,4
636.13963963964,376.509009009009,-68.1431318700414,31,4
