392.45652173913,228.384057971014,50.1257436037741,NaN,1
392.448529411765,228.323529411765,50.2721214859457,2,1
392.455223880597,228.485074626866,50.0074359194971,4,1
392.613138686131,228.350364963504,50.5029000961006,9,1
392.518248175182,228.474452554745,50.5372424426734,4,1
392.422222222222,228.622222222222,49.899013832773,6,1
392.485074626866,228.567164179104,50.5134851228952,3,1
392.540145985401,228.481751824818,50.2805119044789,5,1
392.625,228.382352941176,49.780142618107,5,1
392.605839416058,228.357664233577,50.0791794181403,3,1
392.637037037037,228.422222222222,49.5296508113675,4,1
392.644444444444,228.392592592593,49.5693540609913,2,1
392.669117647059,228.411764705882,50.1533988707341,5,1
392.583941605839,228.386861313869,49.5685528943906,3,1
392.641791044776,228.44776119403,50.1536478033437,5,1
392.679104477612,228.39552238806,49.7498186943044,4,1
392.601449275362,228.521739130435,50.2896665131031,6,1
392.847328244275,228.320610687023,50.8947486967245,9,1
392.759124087591,228.430656934307,50.7553691296082,6,1
392.818181818182,228.378787878788,50.7615669067144,5,1
392.924812030075,228.300751879699,49.9776392061976,5,1
392.740740740741,228.474074074074,49.7230291523884,4,1
392.657142857143,228.607142857143,50.9513236534889,13,1
392.868613138686,228.401459854015,49.3716167311657,13,1
392.993150684931,228.767123287671,44.7025139327267,69,1
392.788461538462,229.076923076923,10.1805310254668,56,1
392.866666666667,228.8,-4.01417569541102,46,1
394.006024096386,229.295180722892,-6.34878199071142,80,1
395.944444444444,229.438271604938,-8.31873385237006,66,1
398.712574850299,230.556886227545,9.97993991510905,87,1
403.177631578947,230.164473684211,17.3032230938671,99,1
405.697368421053,229.664473684211,10.8668881501532,60,1
410.187969924812,229.112781954887,6.60053427260491,81,1
412.231343283582,228.791044776119,15.8550084904505,41,1
415.605839416058,227.85401459854,38.7049709331163,83,1
419.588652482269,225.765957446808,32.5088213147466,84,1
421.992907801418,224.468085106383,22.7964643210798,58,1
424.748251748252,223.251748251748,23.0905962825497,70,1
426.731034482759,222.303448275862,25.1318039248507,46,1
431.085526315789,220.092105263158,37.2409321900707,83,1
434.955128205128,217.833333333333,29.200359027473,82,1
437.463087248322,216.409395973154,20.8005218453498,57,1
441.610738255034,214.879194630872,20.946448639525,92,1
443.473333333333,213.933333333333,28.2344805116939,49,1
447.802816901408,211.633802816901,41.1437089660029,94,1
450.993548387097,209.929032258065,29.1253947527747,73,1
453.039215686275,208.718954248366,21.6786504105713,46,1
456.064285714286,207.685714285714,16.6312524424646,67,1
457.894039735099,206.761589403974,25.5110898806616,47,1
461.780821917808,204.77397260274,32.4924653886537,83,1
464.831081081081,203.331081081081,19.8161180195723,68,1
466.620689655172,202.434482758621,14.9822731531266,43,1
470.234042553192,201.808510638298,13.7405277281976,72,1
471.867132867133,201.286713286713,18.0003140578142,34,1
475.116438356164,200.212328767123,25.7688894583421,77,1
478.364864864865,199.162162162162,15.0820835186549,66,1
480.358620689655,198.786206896552,4.71608620843739,43,1
483.482993197279,198.21768707483,1.70044256070584,66,1
484.884353741497,198.149659863946,6.22134386840516,32,1
487.874125874126,197.972027972028,13.6380785682076,72,1
491.201342281879,197.214765100671,10.9793361553848,70,1
493.137931034483,196.862068965517,2.32159527735334,42,1
495.748251748252,196.755244755245,-0.887034504986695,58,1
497.221476510067,196.422818791946,-1.23012529282016,28,1
499.897435897436,196.153846153846,8.88301730142492,59,1
503.588652482269,195.517730496454,13.6907017011624,77,1
505.467625899281,195.064748201439,5.00219320350966,36,1
508.394366197183,194.697183098592,-2.57342713463351,59,1
509.551724137931,194.703448275862,-4.44789153460594,29,1
512.576388888889,194.520833333333,2.78000305969964,59,1
515.08904109589,194.246575342466,9.07924099497202,54,1
517.105633802817,194.119718309859,8.73279000551848,36,1
519.86231884058,193.847826086957,0.103850876362033,56,1
520.942446043165,193.726618705036,-6.11674417021133,27,1
523.786206896552,193.765517241379,-9.38683631122464,60,1
526.625,193.798611111111,-1.11213957434583,59,1
527.972027972028,193.706293706294,1.77128631193067,37,1
530.657718120805,193.651006711409,2.01996730306266,58,1
532.767605633803,193.598591549296,-5.37360735971063,43,1
535.380952380952,193.727891156463,-11.0393595318636,67,1
538.381578947368,193.986842105263,-13.200681882635,69,1
539.581699346405,194.065359477124,-9.38594290106788,35,1
542.926666666667,194.046666666667,-1.00417879824532,81,1
544.134228187919,194.060402684564,1.83462912669407,35,1
547.602739726027,194.109589041096,-1.58722531693693,71,1
550.802631578947,194.039473684211,-9.91851177610001,76,1
552.212903225806,194.361290322581,-8.19784439661603,39,1
555.529801324503,194.304635761589,-5.09687029868816,74,1
557.189873417722,194.329113924051,-1.00936004943577,45,1
559.948717948718,194.416666666667,3.08704816355623,76,1
563.68,194.22,-2.10263025364097,78,1
565.22972972973,194.114864864865,-5.79298612561284,42,1
568.356164383562,194.13698630137,-9.75815255486607,64,1
569.820512820513,194.128205128205,-11.4885809964983,42,1
573.08,194.42,-2.94379887306753,72,1
575.900662251656,194.549668874172,0.577494645616398,69,1
578.312925170068,194.578231292517,-2.04089184382635,42,1
581.697183098591,194.464788732394,-13.2979371528606,71,1
583.105263157895,194.723684210526,-14.8418145036143,38,1
585.7,194.906666666667,-12.5909943910117,62,1
588.973684210526,195.243421052632,-2.4995105023093,76,1
590.18064516129,195.477419354839,-2.59467737182952,31,1
593.8,195.321428571429,-2.69898466301203,77,1
595.594405594406,195.48951048951,-10.5129275968835,41,1
598.2,195.544827586207,-13.3504376244019,62,1
600.741721854305,195.549668874172,-10.4868335411507,58,1
602.071428571429,195.623376623377,-7.25196829061387,35,1
605.118421052632,195.901315789474,-0.892389399699874,66,1
606.605442176871,195.802721088435,-2.08317646795676,43,1
610.063829787234,196.021276595745,-11.2235634726129,66,1
612.6,196.1,-13.1935572728338,69,1
613.743421052632,196.138157894737,-12.0200303679519,28,1
616.472972972973,196.371621621622,-6.40807656886978,60,1
617.5,196.421052631579,-4.82325470386534,32,1
620.261437908497,196.797385620915,-3.36369295980869,59,1
623.558620689655,196.986206896552,-11.0427291184622,70,1
625.103448275862,196.855172413793,-15.4835766044557,42,1
627.734265734266,197.377622377622,-15.2250539744767,62,1
629.055944055944,197.531468531469,-13.9461644475254,36,1
631.712418300654,197.967320261438,-7.86902204118408,64,1
634.228758169935,198.294117647059,-5.38644007125327,60,1
635.993006993007,198.594405594406,-4.46524167933068,38,1
639.127659574468,198.978723404255,-13.6633336942752,76,1
640.785714285714,199.207142857143,-16.342171378753,43,1
642.409395973154,199.255033557047,-13.7281730268265,47,1
644.687074829932,199.761904761905,-9.0383812115479,62,1
645.829931972789,200.047619047619,-7.76526107568733,32,1
648.579310344828,200.462068965517,-6.44543707808107,56,1
650.06338028169,200.549295774648,-6.94082816957329,33,1
652.842105263158,200.96992481203,-10.6401485950071,59,1
655.7,201.330769230769,-16.0831910622736,57,1
657.173228346457,201.590551181102,-12.0593279325316,29,1
659.477272727273,202.098484848485,-10.0323109694156,47,1
660.893939393939,202.204545454545,-7.71554253530219,30,1
661.5,202.6,-8.45242056300323,28,1
661.330935251799,202.827338129496,-10.5145717346935,39,1
661.715328467153,203,-11.4359413255485,16,1
662.805970149254,203.283582089552,-12.9172014755677,37,1
662.725925925926,203.325925925926,-13.0554151609844,13,1
663.204379562044,203.518248175182,-13.7492106337717,28,1
664.251908396947,204.007633587786,-13.5618563043752,34,1
664.522058823529,204.073529411765,-14.8710687668263,17,1
665.178861788618,204.463414634146,-16.2172006629538,23,1
665.72,204.84,-19.4006164050655,22,1
665.527131782946,205.062015503876,-24.2942457050156,38,1
665.18320610687,205.412213740458,-25.5612379861972,32,1
665.587301587302,205.793650793651,-25.3628339200478,13,1
665.631147540984,206.098360655738,-24.2615767123794,22,1
NaN,NaN,NaN,122,1
409.013888888889,250.270833333333,-22.234603082734,NaN,2
409.042253521127,250.338028169014,-22.1887238895826,6,2
408.625850340136,250.12925170068,-26.827535647074,15,2
409.315068493151,251.123287671233,-26.8788068201099,35,2
409.870229007634,251.519083969466,-27.5934509502237,27,2
409.896296296296,252.518518518519,-62.8030880284649,46,2
409.955882352941,252.955882352941,86.0456129606115,31,2
409.666666666667,253.660493827161,76.8664600867247,94,2
408.782608695652,257.942028985507,74.1419817549471,84,2
408.281481481481,259.385185185185,87.9243588441182,33,2
408.029850746269,262.828358208955,-78.2515222320293,75,2
407.93661971831,265.514084507042,-78.6850189773251,54,2
408.013157894737,269.131578947368,88.6438978593728,88,2
407.555555555556,273.918518518519,-85.4410705647742,93,2
407.576,275.592,-73.7862147705434,40,2
407.89552238806,279.029850746269,-70.3000327543231,75,2
408.125,280.923611111111,-74.9064003751334,44,2
408.74358974359,283.935897435897,87.5877247149958,88,2
408.507692307692,288.507692307692,85.4707634660997,82,2
408.245901639344,290.049180327869,-87.9131396247592,30,2
408.290322580645,293.411290322581,-78.9270388223966,64,2
408.282442748092,294.839694656489,-79.3356770789382,37,2
407.94776119403,297.462686567164,89.912472389561,53,2
407.576,301.168,79.6094685318097,67,2
407.595041322314,301.710743801653,79.7046404137401,20,2
407.16,304.744,87.8889514918846,58,2
406.953125,305.9375,-88.8950449561935,29,2
406.811475409836,309.122950819672,87.6799923210505,52,2
406.030769230769,310.869230769231,81.1494602133738,50,2
405.872,311.8,71.5936356423226,29,2
404.837209302326,314.821705426357,62.9931345935269,62,2
404.4453125,315.8984375,65.3169476117291,29,2
403.856060606061,317.484848484848,69.7098523659569,56,2
402.706349206349,320.230158730159,76.0993135331032,64,2
401.959677419355,321.685483870968,75.5862204580345,34,2
401,323.809523809524,67.1411219922147,56,2
400.484375,324.7890625,63.0745372277321,34,2
399.291044776119,327.074626865672,56.9135561369138,60,2
397.840277777778,329.076388888889,58.5402998030615,50,2
396.985294117647,330.301470588235,62.6917883014034,32,2
395.375,332.8984375,65.7495265547143,60,2
394.48031496063,333.968503937008,65.0176920282156,31,2
393.124031007752,336.271317829457,58.3716534089033,56,2
391.259259259259,338.866666666667,51.2507279268005,54,2
390.511278195489,339.571428571429,52.3214922337867,26,2
389.090909090909,341.378787878788,58.2639407092055,53,2
388.280303030303,342.734848484848,62.6666611667554,36,2
386.298387096774,345.41935483871,65.1780221797114,64,2
384.744186046512,347.961240310078,53.2530385086177,55,2
384.153225806452,348.540322580645,50.2179766439873,19,2
382.4453125,350.1796875,48.6437110092605,56,2
381.54609929078,351.141843971631,55.0883692043429,39,2
379.78102189781,353.467153284672,60.7149566949865,60,2
378.622950819672,355.434426229508,60.4040608037422,61,2
377.521008403361,356.798319327731,55.4403258388182,27,2
375.878048780488,358.934959349593,45.3609547053204,50,2
375.157142857143,359.528571428571,48.2866718622237,31,2
373.432432432432,360.959459459459,49.7817681705646,56,2
371.977099236641,363.396946564885,52.1846879580044,67,2
371.222222222222,364.047619047619,54.1505032959182,27,2
369.272727272727,366.702479338843,53.197321020036,65,2
368.308943089431,367.837398373984,50.2617476658555,26,2
367.065217391304,369.094202898551,42.8252586811706,43,2
365.528571428571,370.642857142857,43.5296614132326,44,2
364.510791366906,371.690647482014,45.176040149965,32,2
362.682926829268,373.756097560976,49.5653781705713,61,2
361.824,374.64,54.277379126552,26,2
360.319327731092,376.655462184874,52.9561780916928,52,2
358.533333333333,378.733333333333,45.8117764440351,47,2
358.162601626016,378.991869918699,42.6351625849167,9,2
357.086614173228,380.330708661417,43.7912684758872,46,2
356.383458646617,381.052631578947,47.2841174425851,28,2
354.745901639344,383.139344262295,51.3772620202758,47,2
353.243902439024,385.09756097561,54.1043265170757,55,2
352.48,386.112,53.7370672463344,22,2
350.850393700787,388.196850393701,46.950013656107,50,2
350.223880597015,389.089552238806,44.3503958827431,29,2
349.007352941176,390.073529411765,42.4479114860088,38,2
347.589552238806,391.738805970149,47.1112034196646,48,2
347.072,392.32,46.9324728093398,21,2
345.144,395.224,50.8317802741154,62,2
344.393700787402,396.212598425197,50.4057340254224,24,2
343.205479452055,397.568493150685,44.1854950673804,39,2
342.163522012579,398.333333333333,37.2195063866478,53,2
341.350318471338,398.624203821656,32.5224580393626,26,2
340.380116959064,398.783625730994,27.3934315730648,30,2
340.005813953488,398.912790697674,26.0370876910404,21,2
338.21568627451,399.941176470588,21.752975905831,61,2
336.194444444444,400.791666666667,12.1760174821261,43,2
335.878378378378,400.804054054054,11.9190211611823,18,2
334.767741935484,401.232258064516,7.60055159929669,37,2
334.165644171779,401.055214723926,4.15957506039647,24,2
333.050847457627,400.553672316384,5.54738923700766,44,2
NaN,NaN,NaN,177,2
434.320512820513,213.057692307692,-56.9004374748215,NaN,3
434.26282051282,213.076923076923,-56.4649975638802,4,3
434.216560509554,213.050955414013,-56.0581097507524,5,3
434.20625,212.99375,-56.79083089253,7,3
434.215189873418,213.075949367089,-57.7556991634577,6,3
434.260869565217,213.080745341615,-57.3887131553973,11,3
434.424242424242,213.206060606061,-60.7280291923005,28,3
434.404761904762,212.994047619048,-63.3600949834273,31,3
434.150326797386,211.40522875817,-84.1097293586899,71,3
433.788461538462,209.269230769231,-85.6032026697485,87,3
433.901515151515,206.181818181818,-75.4158411593491,52,3
433.931506849315,203.006849315069,-80.4467016233453,74,3
433.93288590604,201.114093959732,87.9023269104226,43,3
434.561643835616,197.568493150685,65.3914242782391,93,3
436.533333333333,193.177777777778,78.8457807263667,91,3
437.169117647059,191.558823529412,81.874612269125,37,3
438.262068965517,186.972413793103,79.3249993491666,89,3
438.940789473684,185.203947368421,73.6035206861174,39,3
440.972789115646,181.340136054422,51.8676662748529,97,3
443.256578947368,178.164473684211,55.3084552432665,79,3
444.387323943662,176.823943661972,58.4792123775342,40,3
446.874074074074,172.807407407407,62.5269164505082,87,3
447.810218978102,171.401459854015,60.1284917309805,38,3
449.687074829932,168.809523809524,46.4366138147101,62,3
451.282894736842,166.822368421053,36.6613432492493,65,3
452.710344827586,165.441379310345,34.0184261224004,41,3
454.510344827586,163.71724137931,40.1666224237577,54,3
455.482993197279,162.578231292517,41.2403043891209,38,3
458.21897810219,160.014598540146,44.7106719720809,70,3
460.147887323944,157.992957746479,31.0492740883564,61,3
460.98064516129,157.225806451613,27.4740494146725,27,3
462.673076923077,155.942307692308,27.4940090803827,59,3
463.285714285714,155.360248447205,28.9971029647916,23,3
465.945945945946,153.459459459459,38.5557482074025,67,3
468.624113475177,151.468085106383,37.1258190833801,67,3
469.811188811189,150.531468531469,30.2528591114454,34,3
471.979452054795,149.342465753425,13.461841928006,61,3
473.292207792208,148.532467532468,13.4490814706975,36,3
475.679487179487,147.717948717949,16.5682232465738,54,3
478.148648648649,146.594594594595,23.9075820763143,64,3
479.746575342466,145.945205479452,28.2347569033048,40,3
482.039735099338,144.781456953642,25.1920025644807,55,3
483.406896551724,144.027586206897,22.3402861068446,30,3
485.939189189189,142.783783783784,12.6821880677383,63,3
488.185897435897,141.628205128205,13.021625983181,54,3
489.477987421384,141.176100628931,17.6705412959286,31,3
492.275167785235,139.704697986577,22.3352248112257,70,3
493.615894039735,139.205298013245,25.5770565458079,40,3
496.673611111111,137.805555555556,16.5359293561734,69,3
498.986928104575,136.673202614379,7.7913675776051,69,3
500.720779220779,135.974025974026,6.99760757587727,43,3
503.041095890411,135.472602739726,8.58475278370149,52,3
504.48,134.993333333333,11.7162117424899,38,3
507.098684210526,134.098684210526,17.9680227292322,70,3
510.365517241379,132.993103448276,17.7281586182204,67,3
511.841059602649,132.523178807947,15.9617435310284,40,3
514.792207792208,131.532467532468,8.1556346768735,63,3
516.37908496732,131.111111111111,5.66060508970108,37,3
518.812903225807,130.425806451613,11.274909462861,54,3
521.572327044025,129.96855345912,18.7692392910694,60,3
523.076433121019,129.286624203822,22.4608322659348,40,3
526.084507042254,128.119718309859,20.2171034671704,73,3
527.601398601399,127.391608391608,18.2332817986792,41,3
530.503448275862,126.468965517241,7.16425435218682,60,3
532.876712328767,125.664383561644,8.1944262582866,57,3
533.641891891892,125.506756756757,10.0651040755427,26,3
536.612903225806,124.612903225806,17.9668168975688,73,3
537.557692307692,124.237179487179,20.4017627066114,29,3
540.543624161074,123.194630872483,20.3874619370316,67,3
543.111888111888,122.13986013986,13.5869783416082,60,3
544.248275862069,121.586206896552,10.0013553998996,32,3
546.179310344828,121.172413793103,6.84969292805587,46,3
547.328859060403,120.711409395973,9.15404717510481,34,3
549.624161073825,120.026845637584,12.394341071767,54,3
551.539473684211,119.197368421053,15.0800829022027,53,3
552.78,118.56,17.3348673421111,36,3
554.833333333333,118.345679012346,15.3892300212136,40,3
556.317567567568,117.648648648649,13.2218833706232,38,3
558.690322580645,116.748387096774,7.65889339418932,59,3
560.546012269939,116.251533742331,8.36450140993085,50,3
561.993377483444,115.907284768212,9.69346462554777,36,3
563.644295302013,115.409395973154,9.33098078101114,40,3
564.722222222222,114.840277777778,12.8364454046107,35,3
567.485714285714,114.078571428571,12.8856627628805,54,3
569.683098591549,113.549295774648,9.45263312070312,44,3
571.111111111111,113.138888888889,4.1669069908542,32,3
572.772727272727,112.694805194805,5.30012830427573,38,3
573.858064516129,112.354838709677,6.02981142498233,29,3
575.857142857143,111.843537414966,9.1100595945585,46,3
578.493333333333,111.38,14.0656690610818,55,3
579.91724137931,110.896551724138,14.6412505055757,33,3
582.36,110.4,11.849412013904,45,3
583.918918918919,109.97972972973,7.05954743941855,32,3
585.927152317881,109.437086092715,2.93814401599685,49,3
588.333333333333,109.122448979592,2.79576882253057,48,3
588.946666666667,109.133333333333,4.56880470827965,23,3
591.780141843972,108.446808510638,9.33692491354114,61,3
592.916083916084,108.202797202797,10.7362235179955,30,3
595.985401459854,107.627737226277,11.8917090010776,54,3
598.194029850746,107.05223880597,4.15150902717054,43,3
599.413533834586,106.902255639098,3.27554297454978,25,3
601.226277372263,106.744525547445,1.19428943718652,36,3
602.589928057554,106.446043165468,1.38393585222662,28,3
604.243055555556,106.215277777778,4.29143225904351,33,3
606.606666666667,106.02,9.29981538827653,50,3
607.695945945946,105.763513513514,9.32822055516155,26,3
610.352941176471,105.213235294118,7.35940749372353,50,3
611.6,105.037037037037,5.51472125368528,25,3
613.492647058824,104.772058823529,0.934465511737831,39,3
615.246575342466,104.383561643836,1.59556462216717,40,3
616.081081081081,104.466216216216,1.45901204066141,22,3
618.213793103448,104.103448275862,6.91525523997254,49,3
618.833333333333,104.013333333333,6.6937469232339,21,3
620.852348993289,103.872483221477,8.55803421383963,47,3
623.153846153846,103.377622377622,7.48267426021388,44,3
624.177631578947,103.072368421053,6.46072259138317,27,3
626.077922077922,102.935064935065,2.98501414909028,44,3
627.065789473684,102.703947368421,2.02743271260688,26,3
629.075,102.34375,2.34602690235039,44,3
630.609467455621,102.183431952663,4.55290270477655,37,3
631.763313609467,102.289940828402,4.68590151100124,30,3
633.424581005587,102.072625698324,6.5193207515361,40,3
634.340782122905,101.782122905028,9.26074886136343,32,3
637.128834355828,101.110429447853,10.6457458321371,62,3
639.151685393258,100.792134831461,5.169959149327,43,3
640.011764705882,100.5,4.19976203492079,32,3
642.157303370787,100.151685393258,1.44711964657899,50,3
643.196721311475,100.010928961749,-0.203505485878301,39,3
NaN,NaN,NaN,183,3
NaN,NaN,NaN,0,3
NaN,NaN,NaN,0,3
NaN,NaN,NaN,0,3
NaN,NaN,NaN,0,3
NaN,NaN,NaN,0,3
NaN,NaN,NaN,0,3
NaN,NaN,NaN,0,3
NaN,NaN,NaN,0,3
NaN,NaN,NaN,0,3
NaN,NaN,NaN,0,3
NaN,NaN,NaN,0,3
NaN,NaN,NaN,0,3
NaN,NaN,NaN,0,3
NaN,NaN,NaN,0,3
NaN,NaN,NaN,0,3
NaN,NaN,NaN,0,3
NaN,NaN,NaN,0,3
NaN,NaN,NaN,0,3
NaN,NaN,NaN,0,3
NaN,NaN,NaN,0,3
NaN,NaN,NaN,0,3
NaN,NaN,NaN,0,3
NaN,NaN,NaN,0,3
NaN,NaN,NaN,0,3
NaN,NaN,NaN,0,3
