444.375,242.483333333333,61.7004192533881,NaN,1
444.355371900826,242.413223140496,61.1833028682224,3,1
444.27731092437,242.613445378151,61.9327290297215,4,1
444.363636363636,242.487603305785,61.7181637631355,2,1
444.370967741935,242.370967741935,61.5521471631539,3,1
444.233333333333,242.708333333333,61.9337237017402,6,1
444.270491803279,242.573770491803,61.4327866636905,4,1
444.247863247863,242.717948717949,62.384834729665,7,1
444.360655737705,242.459016393443,61.4519881680841,5,1
444.168067226891,242.647058823529,62.1835370956103,7,1
444.409836065574,242.467213114754,61.2054185123998,7,1
444.333333333333,242.541666666667,61.5932282795445,2,1
444.380165289256,242.487603305785,61.3328837442037,1,1
444.311475409836,242.532786885246,61.3748117130244,5,1
444.380165289256,242.363636363636,60.8683252899463,7,1
444.393442622951,242.44262295082,60.8711696000345,3,1
444.572580645161,242.161290322581,60.2985290042864,8,1
444.270491803279,242.55737704918,61.1672395006379,8,1
444.484126984127,242.269841269841,60.9396759044935,8,1
444.6,242.176,60.461720144368,5,1
444.418032786885,242.418032786885,61.409301822647,3,1
444.418032786885,242.418032786885,61.409301822647,0,1
444.447154471545,242.39837398374,61.2879200043404,1,1
444.258333333333,242.625,61.4428297827705,5,1
444.314049586777,242.520661157025,60.958662664535,3,1
444.385245901639,242.467213114754,60.8605267885594,7,1
444.194915254237,242.64406779661,61.6144939633722,6,1
444.413223140496,242.355371900826,61.0799063609313,5,1
444.544,242.224,60.4513059630991,6,1
444.507936507937,242.190476190476,61.2607970003072,3,1
444.487603305785,242.148760330579,60.884725291539,11,1
444.456,242.264,61.458596888102,8,1
444.469230769231,242.061538461538,62.1745691822772,9,1
444.592307692308,242.015384615385,60.4417096620248,16,1
444.410852713178,242.100775193798,61.201961226011,13,1
444.17037037037,242.051851851852,62.6178019039835,10,1
444.161971830986,241.80985915493,61.4241960832377,11,1
443.917910447761,241.828358208955,62.3827722502747,14,1
443.220858895706,241.552147239264,53.6133364941217,67,1
442.355828220859,241.711656441718,45.4765235863002,54,1
438.450381679389,242.190839694656,-19.0823185897604,130,1
436.909090909091,241.58041958042,-20.4912663500176,56,1
434.677777777778,239.85,18.0230877495985,109,1
429.208955223881,241.261194029851,0.704742385190893,138,1
426.148760330579,241.801652892562,-6.03339371065483,63,1
422.266666666667,241.275,-0.00516750415586428,93,1
420.350364963504,241.350364963504,12.0788539487628,61,1
415.283185840708,243.017699115044,26.495746101505,98,1
412.45652173913,244.31884057971,6.48834299994936,85,1
410.215827338129,244.359712230216,-0.933074580372591,51,1
405.736434108527,244.937984496124,4.54491089050649,88,1
405.227941176471,245.235294117647,2.0674711447467,35,1
401.472440944882,245.456692913386,3.24492584097664,69,1
397.231404958678,245.842975206612,-17.4932403224779,78,1
395.162393162393,245.461538461538,-7.38144813924255,42,1
392.317073170732,245.341463414634,-1.72960675139571,54,1
390.571428571429,245.412698412698,4.81271979799669,39,1
387.87969924812,245.503759398496,-0.170356553095269,61,1
384.870503597122,245.575539568345,-13.3740563473768,68,1
383.741258741259,245.615384615385,-13.2803658697602,28,1
380.584,245.16,-11.7382460167937,68,1
379.83606557377,245.459016393443,-11.6563180943443,23,1
377.51968503937,245.614173228346,-16.2441810686784,57,1
375.731884057971,245.347826086957,-27.3106806861799,55,1
374.165467625899,244.726618705036,-28.8933082065075,33,1
371.706293706294,243.384615384615,-28.0483295924485,62,1
370.531914893617,243.241134751773,-27.4865400999605,34,1
368.214814814815,242.385185185185,-17.0720880674384,62,1
366.333333333333,241.888888888889,-14.4359040385701,41,1
365.385185185185,241.748148148148,-22.8090004664959,35,1
363.124031007752,241.248062015504,-34.0865814284383,52,1
362.4921875,241.0078125,-36.547935398548,29,1
360.016949152542,239.474576271186,-32.8821933277113,54,1
358.196721311475,238.66393442623,-23.1886230746381,48,1
357.115384615385,238.276923076923,-20.0718636027046,32,1
355.434426229508,237.934426229508,-19.8705357320527,44,1
354.047244094488,237.259842519685,-26.9175331549026,33,1
350.921739130435,235.582608695652,-45.9172778010409,64,1
349,234.583333333333,-36.4978931360298,49,1
347.726495726496,234.017094017094,-30.6123740631866,29,1
345.314516129032,232.879032258065,-22.4680773599821,57,1
344.138211382114,232.235772357724,-20.2621226346273,33,1
341.058823529412,231.36974789916,-23.4919399039262,68,1
339.116666666667,230.666666666667,-30.173416529931,43,1
338.25641025641,230.273504273504,-29.5463085651254,29,1
335.044247787611,228.663716814159,-32.0725714153636,62,1
334.168067226891,228.361344537815,-29.5342307304612,18,1
331.991935483871,227.532258064516,-21.0848513279398,49,1
329.390625,226.484375,-21.163973687142,64,1
327.884297520661,226.099173553719,-22.1355411917425,33,1
325.403225806452,224.927419354839,-32.0132524000616,59,1
323.627118644068,224.152542372881,-42.7178460727122,32,1
321.582677165354,222.944881889764,-37.8264049838478,53,1
319.507692307692,221.653846153846,-31.1590148396135,49,1
318.4765625,221.0859375,-30.83397076522,30,1
315.929824561404,219.894736842105,-26.3567407460971,50,1
314.495726495727,218.931623931624,-34.689539000201,31,1
312.642857142857,217.515873015873,-37.3203213139274,51,1
310.258333333333,215.966666666667,-40.184099557537,52,1
309.247863247863,215.324786324786,-34.5690108045757,25,1
307.512,214.328,-27.8293903891213,42,1
306.842519685039,214.165354330709,-25.7510213943502,22,1
304.181818181818,213.00826446281,-19.416875120146,56,1
302.401639344262,212.188524590164,-22.1991980525402,43,1
301.616666666667,211.95,-21.504247432462,20,1
299.208333333333,211.125,-19.8435561219493,48,1
298.016666666667,210.75,-15.4880748090228,26,1
296.08064516129,210.403225806452,-4.73937772999858,46,1
293.642276422764,209.975609756098,-4.98451942262806,55,1
292.592,209.784,-9.59316534830538,28,1
290.597014925373,209.253731343284,-17.4620774210904,39,1
289.152671755725,208.954198473282,-27.2245111105542,39,1
286.796875,207.703125,-28.7817533340116,57,1
284.12,206.488,-27.3552764196237,55,1
283.31007751938,206.170542635659,-24.4785693457687,20,1
280.675,204.575,-29.1742311539575,57,1
279.906976744186,204,-35.5767770279807,23,1
278.048387096774,202.66935483871,-45.2172948019722,49,1
276.216,200.936,-46.611492267407,55,1
275.21875,200.1328125,-43.8569733241046,27,1
273.536,198.664,-34.3680940608627,51,1
272.559701492537,197.888059701493,-34.4891109747857,39,1
270.161538461538,196.061538461538,-38.1767861017103,54,1
268.765151515152,194.681818181818,-44.343647841642,52,1
267.703125,193.796875,-44.9653022454556,28,1
265.181102362205,191.724409448819,-45.2386990695382,55,1
264.368,191.072,-42.091129184585,26,1
262.847328244275,189.893129770992,-35.5793064878259,50,1
261.171641791045,188.611940298507,-34.1263706899487,47,1
259.901515151515,187.780303030303,-35.5917035389516,32,1
258.3046875,186.890625,-33.9180763207438,40,1
257.434108527132,186.294573643411,-34.7850112237068,27,1
255.068181818182,185.128787878788,-27.7773825843666,49,1
252.846153846154,184.015384615385,-17.4923756000223,60,1
251.614173228346,183.622047244094,-14.7825743872046,23,1
249.353846153846,182.630769230769,-20.4172680898806,53,1
248.538461538462,182.492307692308,-21.0093785851932,18,1
246.037593984962,181.759398496241,-22.3276993317926,53,1
243.52,180.672,-18.0342713348825,48,1
242.265625,180.28125,-14.9503899741042,25,1
239.920634920635,179.698412698413,-15.4393058725372,44,1
239.440298507463,179.380597014925,-16.8199358838418,22,1
237.231343283582,178.544776119403,-24.305377732187,52,1
234.977611940299,177.55223880597,-31.2038029931043,54,1
233.511627906977,176.612403100775,-31.0233161760878,31,1
231.84496124031,175.937984496124,-24.2308745784226,40,1
231.098484848485,175.424242424242,-24.1264281637207,29,1
228.696296296296,173.97037037037,-24.711132433663,51,1
226.941176470588,173.058823529412,-26.6251063402547,51,1
225.728682170543,172.666666666667,-29.6759634210403,23,1
224.65034965035,171.762237762238,-31.6994607782076,60,1
223.439716312057,171.326241134752,-31.9707642737737,26,1
221.485507246377,170.065217391304,-25.8963745409911,49,1
219.431654676259,169.10071942446,-23.2618149993866,47,1
218.602941176471,168.698529411765,-25.8045125872448,27,1
216.810218978102,167.598540145985,-28.2806732650108,49,1
215.833333333333,167.0625,-29.7076322503013,21,1
213.769230769231,166.272727272727,-27.0476094678494,47,1
211.465753424658,165.130136986301,-16.9070145994736,53,1
209.828571428571,164.814285714286,-10.2627381810906,34,1
207.304964539007,164.184397163121,-3.17730999246681,61,1
206.124137931034,163.951724137931,-1.2877885244359,34,1
204.167832167832,163.678321678322,-7.47522012349246,50,1
202.355263157895,163.467105263158,-9.67888296759432,47,1
200.905660377358,163.37106918239,-9.00229413843144,37,1
199.715189873418,163.246835443038,-6.49190064503184,55,1
198.237179487179,163.211538461538,-3.21889740078631,40,1
NaN,NaN,NaN,156,1
423.696428571429,232.392857142857,-50.6837208286305,NaN,2
423.930434782609,232.539130434783,-49.0591004654968,5,2
423.964912280702,232.5,-48.3194129743508,3,2
424.807692307692,233.530769230769,-49.4533479230328,16,2
424.5703125,233.34375,-50.4983053690071,22,2
424.589147286822,233.426356589147,-50.7324072782906,15,2
424.376923076923,233.484615384615,-51.4254101984683,23,2
424.528985507246,233.326086956522,-48.8364108038842,18,2
423.260273972603,232.657534246575,-45.0845644899331,70,2
419.535433070866,230.968503937008,22.1716634052971,97,2
417.66393442623,231.786885245902,13.5290241352105,49,2
413.654867256637,231.964601769911,-14.4679143055276,81,2
411.766355140187,231.878504672897,-33.6427516388553,32,2
407.901639344262,230.155737704918,-16.3453651095509,79,2
404.341085271318,228.899224806202,-11.1981941160061,87,2
402.072580645161,228.306451612903,-19.9832378644554,47,2
398.081300813008,226.739837398374,-33.1645146591511,87,2
395.484126984127,225.460317460317,-43.7409462988507,55,2
392.434782608696,223.627329192547,-31.4552731205982,81,2
389.020833333333,221.784722222222,-20.7835084892237,111,2
386.514705882353,220.955882352941,-21.7484691751813,52,2
383.423357664234,220.080291970803,-16.5824983829749,67,2
382.13986013986,219.811188811189,-19.2814159982429,38,2
378.956834532374,219.251798561151,-7.60806293819578,66,2
376.548872180451,218.721804511278,-8.15614874361644,60,2
375.470588235294,218.301470588235,-12.3364617558202,31,2
372.714285714286,217.928571428571,-23.9733760076982,58,2
371.388888888889,217.261904761905,-29.8146797789399,34,2
369.507692307692,216.492307692308,-24.2054829302955,44,2
367.776923076923,215.776923076923,-11.6734844303949,46,2
366.931818181818,215.356060606061,-12.3511559900454,24,2
364.806201550388,214.457364341085,-19.3379128199672,55,2
364.174242424242,214.401515151515,-19.5320862529184,21,2
NaN,NaN,NaN,132,2
419.788990825688,232.48623853211,36.1583234502361,NaN,3
419.781818181818,232.409090909091,36.7479511202534,5,3
419.758928571429,232.473214285714,36.1986331282447,2,3
419.690265486726,232.592920353982,36.0385739117902,5,3
419.692307692308,232.555555555556,36.0865927679592,6,3
419.530973451327,232.663716814159,36.4623156009082,6,3
419.543859649123,232.736842105263,35.9431775553399,7,3
419.594827586207,232.612068965517,35.3745170145581,6,3
419.645454545455,232.518181818182,35.5790655411262,6,3
419.614035087719,232.605263157895,35.8855175732216,4,3
419.513043478261,232.652173913043,35.6731607633589,3,3
419.546218487395,232.613445378151,34.657910130173,8,3
419.9,232.027272727273,41.4623863234779,27,3
419.559633027523,231.981651376147,57.5624637825792,47,3
419.042372881356,232.050847457627,61.4258447252225,33,3
420.663716814159,229.159292035398,75.7339440342293,67,3
421.596899224806,226.077519379845,57.9240064851162,68,3
422.425925925926,224.277777777778,41.3153545604866,35,3
425.036363636364,221.590909090909,45.118798930896,74,3
426.675213675214,219.299145299145,64.1363954878684,51,3
428.58064516129,216.177419354839,78.6499026007414,73,3
429.9140625,212.8125,70.2242506868731,68,3
430.327731092437,212.319327731092,67.4767098186787,25,3
431.1,209.461538461538,72.4928649820802,55,3
431.45652173913,208.253623188406,77.9142276772751,40,3
432.23275862069,203.534482758621,88.0461417370195,74,3
432.5234375,201.65625,80.0686636032399,40,3
432.656,200.976,77.1715522672345,21,3
432.840336134454,198.81512605042,76.7171077090846,48,3
432.893442622951,197,78.6983472889878,33,3
433.461538461538,193.470085470085,89.7523844433361,55,3
433.864406779661,190.838983050847,80.8762376713928,51,3
434.033333333333,190.6,77.5332669641849,18,3
434.75,186.939655172414,69.5612144470928,64,3
434.975609756098,185.861788617886,73.079381972061,25,3
435.274193548387,183.58064516129,86.9098098130304,47,3
435.592592592593,179.759259259259,-86.7014405451152,62,3
435.654545454545,178.663636363636,88.4171534990946,20,3
435.649122807018,176.763157894737,81.9117410498551,48,3
435.652892561983,175.115702479339,80.0568155058295,33,3
435.613445378151,172.403361344538,88.198453561659,46,3
435.114754098361,169.967213114754,-76.543864689056,57,3
434.627272727273,168.418181818182,-72.7379294610733,36,3
433.752380952381,165.571428571429,-79.2156573342602,53,3
433.504504504504,164.288288288288,-86.4522761726124,26,3
433.327868852459,162.770491803279,-85.3052246373859,51,3
432.366972477064,158.56880733945,-76.0997644632589,65,3
432.16814159292,157.938053097345,-69.8176453113867,20,3
431.009345794393,155.177570093458,-63.6923513332889,56,3
430.412280701754,153.324561403509,-72.961790594492,35,3
430.2,151.708333333333,-79.6627531774882,50,3
429.388888888889,148.472222222222,-81.632559994055,58,3
429,146.494736842105,-70.6091169603784,29,3
428.252525252525,144.89898989899,-63.486493625664,40,3
427.646017699115,143.628318584071,-66.1043130988649,36,3
426.622807017544,140.938596491228,-69.7398109497622,49,3
426.354330708661,139.606299212598,-77.121383549825,51,3
425.51,137.1,-80.0980770465578,41,3
424.663551401869,134.121495327103,-71.9538815379744,53,3
424.218181818182,132.918181818182,-68.0897542001889,27,3
423.291666666667,131.166666666667,-64.645974513937,52,3
422.092592592593,128.333333333333,-69.7865997451554,54,3
421.724770642202,127.02752293578,-76.4748728170669,31,3
421.028571428571,124.190476190476,-80.4938443340801,54,3
420.70297029703,122.792079207921,-79.9996967009144,26,3
419.803418803419,121.273504273504,-73.0952909571081,42,3
418.861111111111,118.953703703704,-64.7221314980004,57,3
418.678571428571,118.3125,-65.7360875166967,20,3
417.556603773585,115.830188679245,-72.8109768619491,48,3
417.491525423729,114.64406779661,-77.3224958727509,30,3
416.85046728972,112.140186915888,-76.7936478565731,57,3
415.678260869565,108.991304347826,-71.0991479747062,52,3
415.284482758621,108.241379310345,-67.0052431012865,27,3
413.90099009901,105.455445544554,-60.6136487171827,57,3
413.214953271028,103.88785046729,-65.5433018562559,32,3
412.440677966102,101.898305084746,-71.6567322810879,47,3
411.342342342342,99.2162162162162,-74.0534545129703,55,3
410.401960784314,96.9901960784314,-67.6406748491415,33,3
409.463636363636,95.5,-56.6449673253475,50,3
408.884297520661,94.801652892562,-56.4008100750849,33,3
406.974576271186,91.6525423728814,-58.8423050492454,59,3
405.946564885496,89.8167938931298,-64.6878216884523,45,3
405.216,88.656,-65.7591015799617,28,3
403.609022556391,85.8345864661654,-62.642665751248,60,3
403.113475177305,85.3191489361702,-56.6456326709086,24,3
401.924657534247,84.7191780821918,-44.142021145775,59,3
400.151898734177,84.3607594936709,-35.1979270599717,56,3
399.384615384615,84.1775147928994,-35.622343879294,31,3
398.5,84.0674157303371,-31.3064735232933,49,3
397.587878787879,83.6,-28.801038943716,37,3
395.670967741935,82.7741935483871,-15.6184520578677,50,3
394.318181818182,82.2922077922078,-12.0938776684745,43,3
393.164634146341,82.2743902439024,-6.0428764047999,28,3
391.006060606061,82.2,-3.29801046975063,59,3
390.032258064516,82.1161290322581,-3.12910146307828,34,3
388.047619047619,82.0068027210884,-3.02173971081138,54,3
385.744966442953,82.1208053691275,-1.5598246615733,38,3
384.8,82.08,0.797504683572449,15,3
382.643356643357,81.972027972028,4.03787952557118,43,3
382.217105263158,81.9802631578947,2.80562696150786,13,3
380.974358974359,82.275641025641,1.74578728681649,32,3
378.801324503311,82.6622516556291,-0.136645156575723,49,3
377.888888888889,82.7291666666667,-1.70072900466384,25,3
NaN,NaN,NaN,144,3
367.120481927711,394.746987951807,-0.201034370457717,NaN,4
367.650273224044,394.737704918033,-0.201629683830271,83,4
367.546961325967,394.922651933702,-0.688226344105525,65,4
353.147286821705,394.953488372093,-0.999608936340093,100,4
366.990099009901,394.816831683168,0.364163381208031,87,4
363.016574585635,394.734806629834,-0.369141232368349,72,4
364.6,394.778378378378,-0.181627573741176,54,4
359.170731707317,394.756097560976,-0.341836038517339,62,4
362.89,394.935,-0.575986338672758,88,4
364.894736842105,394.8,-0.70878480195809,84,4
361.939226519337,394.834254143646,-0.580701144424881,93,4
360.827906976744,394.855813953488,-0.592279584866963,68,4
365.651376146789,394.903669724771,-0.364035163722815,84,4
375.778846153846,394.759615384615,-0.0425363348580009,140,4
353.692307692308,394.679487179487,-0.521532939927418,101,4
326.121212121212,394.272727272727,0.951191285498772,108,4
370.051020408163,394.729591836735,-0.283418131505916,141,4
360.705882352941,394.696078431373,-0.338295416858902,133,4
362.488505747126,394.67816091954,-0.367875573074295,107,4
342.061224489796,394.734693877551,-1.7652705869542,87,4
377.168674698795,395.048192771084,-0.412800152808742,96,4
379.109090909091,394.727272727273,1.45237561257373,38,4
377.507462686567,394.761194029851,0.876754502777005,22,4
382.255319148936,394.914893617021,-0.193663363271084,70,4
386.149606299213,394.905511811024,-0.281947636491636,49,4
383.269662921348,394.719101123596,0.435828937686032,73,4
375.176100628931,394.786163522013,-0.365499972190659,107,4
372.954285714286,394.908571428571,-0.369380820537413,89,4
367.848648648649,394.751351351351,-0.410233381407595,82,4
366.901734104046,394.843930635838,-0.21062347782014,50,4
371.867021276596,394.712765957447,-0.352894135595197,80,4
368.343023255814,394.616279069767,-0.198840304329633,76,4
364.816666666667,394.744444444444,0.196710777232699,55,4
354.352459016393,394.852459016393,-0.563024713553664,90,4
359.979865771812,394.758389261745,-0.10198553221944,73,4
356.952,394.984,-0.497125675831018,81,4
351.466666666667,394.76,-0.75390623343272,73,4
372.281767955801,394.92817679558,0.267541841320879,49,4
354.357894736842,394.821052631579,-1.59387964196671,80,4
354.454545454545,394.829545454545,-1.18712616704855,85,4
353.894117647059,394.729411764706,-0.962696974161128,111,4
353.011494252874,394.781609195402,-1.27733837669097,109,4
368.914772727273,394.846590909091,-0.119705588009181,105,4
356.752136752137,394.905982905983,-0.925058890382531,88,4
373.899563318777,395.03056768559,-0.751929171172244,97,4
351.992424242424,394.916666666667,-0.766473063282141,119,4
367.704545454545,394.965909090909,-0.179661522284866,94,4
370.435028248588,394.762711864407,-0.0223021811225036,87,4
359.731343283582,394.84328358209,-0.370859571632835,124,4
367.836956521739,394.760869565217,0.0621328490011409,91,4
364.934426229508,394.827868852459,-0.335308620981596,192,4
366.222891566265,394.94578313253,-0.743342623473894,170,4
380.443579766537,394.918287937743,-0.364361610186392,147,4
371.422907488987,394.995594713656,-0.238809276897466,225,4
368.211956521739,395.038043478261,-0.11568715114515,129,4
362.267676767677,394.808080808081,-0.0554126910703036,193,4
376.894736842105,394.942105263158,-0.689511861420727,164,4
378.308176100629,394.798742138365,-0.135363207335905,105,4
373.526041666667,394.890625,-0.520931301538854,153,4
380.483253588517,395.105263157895,-0.603116168072891,124,4
354.380281690141,394.845070422535,-0.877972084654235,182,4
350.931034482759,394.885057471264,-0.0876322238978399,155,4
374.75,394.790697674419,-0.166971471203711,109,4
346.472222222222,394.805555555556,-0.897710604347197,139,4
366.18085106383,394.914893617021,-0.60682849896479,162,4
368.184713375796,394.898089171975,0.533370992523524,172,4
373.527607361963,394.779141104294,-0.510744044140904,168,4
364.918367346939,394.748299319728,-0.973983943963805,141,4
366.139705882353,394.897058823529,-0.529708519004153,142,4
372.978835978836,394.820105820106,-0.186173243874164,114,4
374.593023255814,394.796511627907,-0.307981568278824,107,4
376.005952380952,394.857142857143,-0.00334046576868299,99,4
374.819587628866,394.819587628866,-0.204397897477998,90,4
372.869565217391,394.777777777778,0.177722626001447,116,4
364.509615384615,394.716346153846,-0.0592409550997864,116,4
353.556818181818,395.022727272727,-0.610706219345948,132,4
345.078947368421,394.5,1.02853443167941,119,4
345.866666666667,394.755555555556,-0.875280816892294,44,4
369.824324324324,394.777027027027,-0.0683785443149622,127,4
367.580952380952,394.77619047619,-0.462916975123427,134,4
339.051282051282,394.615384615385,-2.28843944928111,146,4
375.787755102041,394.89387755102,-0.469512272797879,163,4
375.703883495146,394.932038834951,-0.202893867537195,92,4
372.047619047619,394.78835978836,-0.407250117531284,136,4
342.611940298507,394.970149253731,-3.84345930898075,111,4
367.445086705202,394.826589595376,-0.47525366728184,151,4
347.210526315789,394.736842105263,-1.64957630313136,115,4
347.297872340426,395.085106382979,-1.54859943081626,53,4
341.05,394.666666666667,-1.4335222464388,109,4
369.349462365591,394.741935483871,-0.347933621212015,81,4
344,394.634920634921,-1.11974973774392,137,4
367.066666666667,394.837037037037,-1.0430051667152,176,4
362.172588832487,394.837563451777,-0.663746171303086,191,4
368.575581395349,394.767441860465,0.339746995603289,172,4
376.756097560976,394.892682926829,-0.601950843863817,126,4
370.450867052023,394.745664739884,-0.243728232472509,148,4
367.926829268293,394.837398373984,-0.822526931663577,140,4
365.138157894737,395.006578947368,0.257028598485245,124,4
372.292553191489,394.760638297872,0.00138116951173076,179,4
366.043269230769,394.653846153846,-0.0125645065269201,106,4
358.327777777778,394.577777777778,-0.22498966198069,123,4
360.246268656716,394.791044776119,-0.574276406866469,133,4
354.247524752475,394.90099009901,-3.30778371024283,144,4
371.128440366972,394.784403669725,0.0365245204335047,139,4
370.895833333333,394.927083333333,0.24693513276883,89,4
360.020547945205,394.869863013699,-0.449816230545648,179,4
343.581395348837,394.325581395349,1.50440176924707,135,4
343.333333333333,394.377777777778,0.0557322323400151,70,4
344.305555555556,394.583333333333,-2.04153020243752,122,4
344.30303030303,394.666666666667,-0.0191438394031361,65,4
366.15763546798,394.748768472906,-0.305477927706506,172,4
340.695652173913,394.420289855072,-0.145756422633209,148,4
341.588235294118,394.56862745098,-0.0315266778676152,118,4
366.301675977654,394.810055865922,-0.634453544895948,150,4
362.925714285714,394.845714285714,-0.374689601752233,137,4
336.125,394.525,0.0991828147580657,190,4
349.568181818182,394.704545454545,-1.62857257599362,131,4
370.852941176471,394.988235294118,-0.226344244143174,119,4
368.120879120879,395.148351648352,-1.19309518618152,130,4
356.92,394.896,-2.4310432366399,79,4
373.328358208955,395.084577114428,-0.180110791784359,142,4
375.984536082474,395.242268041237,-1.00217976271167,139,4
374.80198019802,395.366336633663,-0.717008181233708,74,4
363.794117647059,395.241176470588,-0.585675312260881,163,4
342.377777777778,394.555555555556,-2.17441938892868,82,4
373.495798319328,395.546218487395,-1.05595431131478,118,4
361.039682539683,395.436507936508,-1.33784332875432,192,4
361.426666666667,395.246666666667,-1.2436220197757,131,4
367.504615384615,391.643076923077,-1.61101169714115,168,4
367.0875,392.203125,-2.29126664618018,73,4
365.012903225806,393.535483870968,-1.88766378959638,98,4
362.957446808511,393.563829787234,0.784964747752999,86,4
361.479853479853,393.791208791209,2.90036535850437,61,4
359.695488721805,394.003759398496,3.64862027695129,67,4
359.098484848485,394.140151515152,3.93144352122017,42,4
358.378947368421,393.936842105263,5.16899451069802,49,4
356.101214574899,394.736842105263,2.28925797649958,128,4
362.649700598802,394.868263473054,-0.200703968376002,87,4
361.58,394.814285714286,-0.265723742678813,106,4
NaN,NaN,NaN,350,4
NaN,NaN,NaN,0,4
NaN,NaN,NaN,0,4
NaN,NaN,NaN,0,4
NaN,NaN,NaN,0,4
NaN,NaN,NaN,0,4
NaN,NaN,NaN,0,4
NaN,NaN,NaN,0,4
NaN,NaN,NaN,0,4
NaN,NaN,NaN,0,4
NaN,NaN,NaN,0,4
NaN,NaN,NaN,0,4
NaN,NaN,NaN,0,4
NaN,NaN,NaN,0,4
