395.563953488372,239.296511627907,0.399941391336155,NaN,1
395.264705882353,239.294117647059,0.152044665609074,6,1
395.610465116279,239.325581395349,0.513225938061624,8,1
395.616279069767,239.296511627907,0.673925003985816,8,1
395.641176470588,239.282352941176,0.861109922452893,6,1
395.526011560694,239.346820809249,0.140745475144043,7,1
395.50289017341,239.231213872832,0.522090661641291,6,1
395.497076023392,239.27485380117,0.474577341541777,2,1
395.416184971098,239.225433526012,0.227002592384603,6,1
395.502923976608,239.269005847953,0.258819007314618,6,1
395.627906976744,239.28488372093,0.763984502429439,5,1
395.622093023256,239.273255813953,0.537674197016177,2,1
395.25988700565,239.299435028249,0.534715774294179,5,1
395.433526011561,239.312138728324,0.574043469123337,6,1
395.445086705202,239.265895953757,0.813642555382949,8,1
395.450867052023,239.260115606936,0.706441240698335,2,1
395.505813953488,239.238372093023,1.07279642378677,7,1
395.582352941176,239.370588235294,0.0531386228254882,10,1
395.380681818182,239.380681818182,0.252305125043554,6,1
395.556818181818,239.3125,0.564438551597843,4,1
395.576271186441,239.395480225989,0.0860959107778526,7,1
395.445086705202,239.352601156069,0.684889536181209,6,1
395.447674418605,239.360465116279,0.282955488811041,3,1
395.568181818182,239.426136363636,-0.273678780459248,8,1
395.421965317919,239.404624277457,0.301392980970758,7,1
395.520467836257,239.385964912281,0.487109720037704,4,1
395.511764705882,239.352941176471,0.437587051834927,5,1
395.445714285714,239.331428571429,0.255270744395299,7,1
395.468208092486,239.364161849711,-0.23361853963379,6,1
395.412790697674,239.343023255814,-0.0042850925217214,1,1
395.601156069364,239.306358381503,0.579472408324551,5,1
395.447674418605,239.360465116279,0.282955488811041,3,1
395.433526011561,239.381502890173,0.343261288017631,1,1
395.367816091954,239.379310344828,-0.270929596229771,5,1
395.188571428571,239.354285714286,-0.143095302541243,7,1
395.391812865497,239.345029239766,0.184487104622396,4,1
395.631578947368,239.356725146199,0.814127976035749,4,1
395.616279069767,239.389534883721,0.489912261876154,5,1
395.636904761905,239.339285714286,0.864597184761584,8,1
395.352272727273,239.386363636364,-0.333004600189898,12,1
395.333333333333,239.390804597701,-0.491254612539745,2,1
395.589595375723,239.329479768786,0.325727372378793,5,1
395.409356725146,239.304093567251,0.49032803070332,6,1
395.615384615385,239.396449704142,0.657606412798858,6,1
395.439306358381,239.352601156069,0.0377346669050884,6,1
395.16091954023,239.327586206897,-0.00508159354933457,7,1
395.25,239.306818181818,0.0903660070874039,4,1
395.28901734104,239.346820809249,-0.262559451875402,5,1
394.8125,239.306818181818,-1.08127025005616,13,1
393.850267379679,239.187165775401,-2.34508704312709,27,1
393.739361702128,239.053191489362,-3.15263709066947,17,1
398.041176470588,239.041176470588,-12.5204519862177,100,1
403.509202453988,240.466257668712,-38.1225510037004,153,1
406.477611940299,242.522388059701,-38.3171514341988,69,1
409.413533834586,244.616541353383,-42.2877327322359,89,1
410.071942446043,244.834532374101,-39.5072903142192,34,1
411.586466165414,246.436090225564,-10.441493671493,74,1
415.899082568807,247.954128440367,6.76761770643033,80,1
418.133928571429,247.901785714286,3.22077676558511,35,1
422.201923076923,247.75,-0.643096116221604,70,1
423.182608695652,247.704347826087,2.0461377488395,25,1
426.316239316239,247.367521367521,13.6428884539278,70,1
430.570093457944,246.158878504673,30.869566072328,66,1
431.347826086957,245.991304347826,26.3808591998841,36,1
435.587155963303,243.587155963303,17.6020144570759,80,1
436.822033898305,242.966101694915,19.6655014083226,39,1
439,241.971830985915,28.8233126058509,68,1
442.154929577465,240.274647887324,42.8447149268451,84,1
443.56338028169,239.676056338028,38.1885451901827,46,1
447.090277777778,237.111111111111,28.2181323169429,92,1
448.395973154362,236.255033557047,27.8705784250156,49,1
452.122302158273,233.971223021583,41.573563451698,80,1
454.609589041096,231.719178082192,48.5989260712421,85,1
455.948717948718,230.852564102564,47.2008856929836,44,1
458.592592592593,228.635802469136,41.9428412630545,80,1
460.19018404908,227.079754601227,38.9317216826598,53,1
463.228758169935,224.294117647059,44.5390055683717,78,1
466.09219858156,221.709219858156,54.4111910695539,78,1
467.482269503546,220.375886524823,54.201313449407,40,1
469.866197183099,217.992957746479,48.9594132706577,73,1
471.069620253165,216.588607594937,48.863771193786,44,1
473.087248322148,213.644295302013,55.8836915678683,75,1
474.964285714286,210.664285714286,61.4525826537497,75,1
476.450381679389,208.656488549618,62.6873351020668,47,1
478.21875,205.90625,57.3598277354622,63,1
478.992647058824,204.580882352941,56.6171067462302,38,1
480.30303030303,202.098484848485,58.5298031953961,64,1
481.170212765957,200.198581560284,62.6342813519954,55,1
482.519083969466,198.389312977099,63.7972651523335,44,1
484.088,195.448,61.6367078752578,62,1
485.078571428571,193.85,60.8755486197207,39,1
486.118881118881,191.356643356643,59.9103831777039,61,1
486.863945578231,189.006802721088,67.8597792059945,64,1
487.822222222222,187.118518518519,73.614480251285,44,1
489.153846153846,184.207692307692,72.1684025040205,65,1
489.914285714286,182.721428571429,69.546480225409,36,1
490.883561643836,179.780821917808,62.5871283630075,82,1
492.10067114094,176.785234899329,63.3342957654401,75,1
492.6,175.377777777778,66.0722488158893,40,1
494.715384615385,171.4,72.0325702686155,87,1
495.428571428571,169.992481203008,71.2221864027535,33,1
496.641379310345,167.531034482759,66.1324139278886,66,1
497.746376811594,164.057971014493,65.2764179218168,73,1
497.89552238806,163.246268656716,67.3071646945052,30,1
499.352,158.944,82.8184666532608,87,1
499.911111111111,157.525925925926,82.8436600588855,42,1
501.020979020979,154.86013986014,74.2116765641954,68,1
501.744966442953,152.006711409396,68.8185379524666,74,1
502.2265625,150.3046875,66.0965118746183,37,1
502.985611510791,147.73381294964,73.4785680780026,71,1
503.390070921986,145.45390070922,78.6332945643278,50,1
504.578571428571,141.9,81.6526878335279,73,1
505.472972972973,139.493243243243,76.8611691933538,64,1
505.869565217391,137.434782608696,72.7403236711323,36,1
506.350746268657,134.977611940299,75.0512550428061,56,1
506.532374100719,133.129496402878,79.024444117933,41,1
507.718518518519,129.62962962963,83.093227535994,68,1
508.61744966443,127.879194630872,79.1430404295075,66,1
509.11724137931,126.172413793103,71.5467541952701,38,1
510.031496062992,122.771653543307,67.3925246057857,64,1
510.358208955224,121.425373134328,70.4442146385088,37,1
511.567164179104,118.231343283582,78.266484684873,70,1
512.751773049645,115.425531914894,76.7696775662376,55,1
513.051851851852,114.659259259259,71.6131658638813,22,1
514.060606060606,112.484848484848,64.1108871118616,61,1
514.883561643836,110.315068493151,63.9223310400567,48,1
516.314285714286,106.835714285714,68.3845102291417,68,1
517.614285714286,103.928571428571,73.539329074314,74,1
518.492424242424,102.575757575758,71.2996426362043,34,1
519.684210526316,100.691729323308,65.259841627748,55,1
520.278571428571,99.4714285714286,63.9701000434487,35,1
521.622222222222,96.0444444444445,61.8098001863272,69,1
523.097744360902,93.0526315789474,71.086336627941,70,1
524.055118110236,91.3858267716535,74.9970057414053,38,1
525.338235294118,89.2573529411765,70.7015658075974,61,1
525.822695035461,88.3049645390071,69.4065906237358,31,1
526.68345323741,86.7410071942446,60.036686103003,56,1
527.395973154362,86.758389261745,54.3070396636113,60,1
527.957746478873,86.3239436619718,53.3503513311473,17,1
528.538461538462,86.25,50.5611430102072,36,1
529.019480519481,86.2272727272727,48.2776402384016,28,1
530.320754716981,85.5094339622642,43.8948963619759,41,1
531.231707317073,85.2560975609756,37.4312823527376,67,1
532.76,84.5866666666667,35.4950459621025,36,1
534.780303030303,84.1666666666667,41.009737674814,58,1
535.234848484848,84.1287878787879,43.4817428280641,32,1
536.905109489051,83.6423357664234,43.717345971265,63,1
538.992366412214,82.9389312977099,43.5034513390671,48,1
NaN,NaN,NaN,131,1
389.983050847458,242,6.34371294553396,NaN,2
389.76404494382,241.921348314607,6.37510570372626,9,2
390.210227272727,242.005681818182,6.51566565381281,12,2
389.994219653179,242.028901734104,6.37510411202344,7,2
390.011363636364,242.056818181818,6.39206551610467,7,2
389.949438202247,242.022471910112,6.38920085506999,8,2
390,242.116022099448,6.17777053389545,7,2
390.061797752809,242,6.06353694318447,7,2
389.966666666667,242.016666666667,5.66280674383143,4,2
389.983425414365,242.055248618785,6.02636347735939,5,2
390.061797752809,242.067415730337,5.95679737913501,9,2
389.977401129944,242.079096045198,5.81863710499901,11,2
389.943502824859,242.175141242938,6.30405292523107,12,2
390,242.045454545455,6.1820400310903,9,2
389.983050847458,242.022598870056,6.27739700286117,9,2
389.939226519337,242.104972375691,6.29663404240481,4,2
389.938888888889,242.044444444444,6.11762132599481,7,2
389.897142857143,242.108571428571,6.08770347289772,7,2
389.83615819209,242.028248587571,6.64000241745371,10,2
389.80790960452,242.056497175141,6.10941334754731,12,2
389.892655367232,242.203389830508,5.96314323006758,8,2
389.944444444444,242.111111111111,5.96757757491292,9,2
390.079096045198,242.118644067797,6.64903616663847,11,2
389.916201117318,242.117318435754,6.18020639058164,12,2
390.059171597633,242.218934911243,6.03018716561574,12,2
389.946107784431,242.293413173653,5.47173723597639,8,2
389.802325581395,242.337209302326,5.19209224114147,9,2
389.845303867403,242.270718232044,5.10129119003639,13,2
389.784090909091,242.340909090909,5.78047059583902,11,2
390.12865497076,242.292397660819,5.56528730383534,11,2
390.327777777778,242.205555555556,6.5148018704115,15,2
390.107344632768,242.186440677966,5.74520070464534,11,2
390.230337078652,242.258426966292,6.07953300986497,9,2
390.205714285714,242.251428571429,5.36541019570306,13,2
390.284090909091,242.335227272727,5.58171960119797,9,2
390.395348837209,242.279069767442,5.56464927716331,8,2
390.132183908046,242.304597701149,5.38620207699257,12,2
390.219653179191,242.312138728324,5.35032552744952,11,2
390.272189349112,242.337278106509,5.46186910489805,12,2
390.286549707602,242.228070175439,5.66326967399901,8,2
390.279761904762,242.333333333333,5.13791947860094,9,2
390.198830409357,242.374269005848,5.26002293185527,9,2
390.341176470588,242.341176470588,5.2306875491659,9,2
390.3,242.382352941176,5.29774194083614,12,2
390.258620689655,242.264367816092,6.33074214102781,12,2
390.236994219653,242.277456647399,6.00334667368749,9,2
390.348571428571,242.28,5.22469284294306,10,2
390.308139534884,242.28488372093,5.73867502299215,13,2
390.327586206897,242.224137931034,5.41560958570293,12,2
390.097142857143,242.325714285714,5.41184910173512,9,2
390.205714285714,242.262857142857,5.19107152159216,8,2
389.942528735632,242.304597701149,5.57255313054947,11,2
389.936781609195,242.264367816092,5.50983657453451,4,2
390.162011173184,242.156424581006,6.26517938766714,15,2
390.377142857143,242.165714285714,6.19908573813041,6,2
390.382857142857,242.165714285714,6.14086653740904,4,2
390.264367816092,242.212643678161,5.56354701339849,3,2
389.959537572254,242.294797687861,4.99209580352245,5,2
390.281609195402,242.201149425287,5.96868666793839,9,2
390.261363636364,242.181818181818,5.83427227123711,10,2
390.491228070175,242.187134502924,6.18075081803604,9,2
390.087719298246,242.321637426901,5.4318414587133,12,2
390.162790697674,242.244186046512,5.68203527547257,11,2
390.292134831461,242.202247191011,5.76245502928941,10,2
390.116666666667,242.094444444444,6.42033142385957,10,2
389.83615819209,242.338983050847,5.78569777544904,15,2
390.311764705882,242.229411764706,5.31395401299068,43,2
391.11377245509,242.299401197605,6.14701258389544,43,2
392.532544378698,241.810650887574,-10.2349916398909,60,2
394.135593220339,242.067796610169,-9.71934898084189,68,2
397.366013071895,242.222222222222,-17.3311487535738,62,2
399.8625,242.3,-7.73525340722734,97,2
401.566037735849,242.471698113208,-5.2234885152109,61,2
404.272058823529,243.889705882353,-2.88757084850785,105,2
408.140740740741,244.651851851852,-21.0035160934051,93,2
411.301724137931,245.327586206897,-31.4812906995433,53,2
414.049180327869,246.065573770492,-23.2771295942754,64,2
415.813008130081,246.756097560976,-21.4676969908321,41,2
420.900900900901,248.522522522523,-16.9065171144265,76,2
423.926605504587,249.642201834862,-28.6407309548147,68,2
425.590909090909,250.581818181818,-33.2228289151543,31,2
428.291338582677,251.677165354331,-42.9876873968007,75,2
429.40157480315,252.362204724409,-41.0637205258119,30,2
431.872340425532,254.042553191489,-34.3408418698876,70,2
434.376712328767,255.623287671233,-35.9293116581061,67,2
435.934306569343,256.627737226277,-39.3730182578763,39,2
438.915492957746,258.87323943662,-45.3587472855132,67,2
440.691275167785,260.436241610738,-52.5215284661353,41,2
442.847133757962,262.312101910828,-46.7844239764912,70,2
444.58,264.1,-47.3057550476831,69,2
446.496296296296,266.037037037037,-55.5599028213065,51,2
447.969230769231,267.953846153846,-73.4899490660129,59,2
448.177304964539,268.45390070922,-77.367357077272,39,2
449.735294117647,272.345588235294,87.124095460445,81,2
450.094890510949,275.226277372263,85.5215848962471,59,2
449.887218045113,277.157894736842,85.1205130267405,36,2
449.44696969697,280.234848484848,76.4163968379395,59,2
449.112781954887,281.240601503759,69.7576835004183,27,2
448.022222222222,283.837037037037,52.8711693813791,84,2
446.75572519084,286.24427480916,48.0448459322414,76,2
445.413043478261,287.434782608696,46.284054200735,33,2
443.375,289.2125,44.1927149743451,60,2
442.707602339181,289.766081871345,41.8732597676265,35,2
440.741935483871,291.554838709677,20.9891513512298,92,2
438.649006622517,292.887417218543,15.6722641958788,84,2
437.064935064935,293.428571428571,15.2088434215065,45,2
434.291139240506,294.626582278481,23.8204097059459,58,2
433.04347826087,295.16149068323,27.3820684770264,29,2
430.892857142857,296.238095238095,20.8779561351041,51,2
428.355828220859,297.245398773006,8.6089825003439,81,2
426.158940397351,297.814569536424,2.79007247575395,46,2
423.448051948052,298.305194805195,5.96696214606228,59,2
421.649350649351,298.584415584416,10.4321748325351,38,2
417.55,299.457142857143,20.6420067438353,74,2
414.887417218543,299.940397350993,12.4860299074281,53,2
413.827160493827,300.08024691358,10.8200608542989,35,2
410.125,300.701388888889,6.38413950453412,78,2
408.486486486487,301.128378378378,11.5336622244233,38,2
405.662251655629,301.993377483444,24.7545993202637,79,2
402.386206896552,303.131034482759,29.096086627673,72,2
400.978873239437,303.556338028169,24.30644132174,33,2
397.859154929577,304.957746478873,15.1077083098075,72,2
396.503401360544,305.299319727891,12.0188133937218,31,2
393.953947368421,305.986842105263,11.7743371337437,55,2
390.643356643357,307.062937062937,21.0639042364546,67,2
389.132867132867,307.608391608392,22.38345199495,30,2
385.986206896552,308.937931034483,21.7117889956706,64,2
384.323943661972,309.584507042254,17.3029237502399,33,2
381.605442176871,310.170068027211,6.86935091717987,61,2
377.951388888889,310.729166666667,6.00641880268968,65,2
376.86013986014,310.853146853147,7.32513220191838,31,2
372.978873239437,311.570422535211,22.2636946425896,81,2
371.690789473684,311.960526315789,25.5197046939527,34,2
368.412162162162,312.993243243243,16.5127032580961,64,2
365.46357615894,313.668874172185,4.71744558083703,61,2
363.58904109589,314,0.941463228985439,33,2
360.52,314.146666666667,3.64481433962676,64,2
359.033112582781,314.211920529801,5.37629037599184,37,2
355.879746835443,314.360759493671,16.1145335856652,69,2
352.5,314.966666666667,12.8684427764072,64,2
351.045751633987,315.156862745098,5.43784100165258,29,2
348.038961038961,315.227272727273,-3.36335476350894,57,2
346.4,315.173333333333,-9.08110297913416,42,2
342.888157894737,314.611842105263,-2.50694909356399,76,2
339.467105263158,314.513157894737,13.0543161270285,78,2
337.379310344828,314.565517241379,19.57579501488,35,2
334.75974025974,315.025974025974,15.694832582462,55,2
332.913333333333,315.346666666667,13.0435366025763,38,2
330.102040816327,315.816326530612,-0.211317896189017,61,2
326.668965517241,315.889655172414,-0.524649286405478,62,2
324.648648648649,315.783783783784,5.15709527162501,45,2
321.993333333333,315.966666666667,12.784891160674,56,2
320.272108843537,316.251700680272,22.5510378415483,37,2
316.726666666667,317.24,23.1750987201277,69,2
313.678082191781,318.08904109589,7.91654812122533,66,2
311.532846715328,318.386861313869,0.0702751600720246,43,2
308.973333333333,318.66,-0.666230896923417,61,2
307.102040816327,318.625850340136,-0.98708033028455,37,2
303.979452054795,318.86301369863,9.96105319848504,63,2
300.724137931034,319.579310344828,18.8305258497291,67,2
298.864285714286,320.085714285714,15.4911503093092,37,2
295.591836734694,321.047619047619,9.76019575202415,67,2
294.606451612903,321.01935483871,5.18221519876164,26,2
290.944827586207,321.413793103448,-0.589481953820379,74,2
287.489655172414,321.441379310345,9.98183609878807,66,2
285.823129251701,321.721088435374,15.6582896549214,36,2
282.493150684931,321.993150684931,20.6597050258117,63,2
281.350649350649,322.344155844156,20.2616907771054,26,2
278.117647058824,323.02614379085,5.63104554508823,67,2
275.383116883117,323.194805194805,-3.90719080988496,65,2
273.270833333333,323.194444444444,-5.49923769271334,44,2
269.682432432432,323.047297297297,-0.952061494758378,60,2
268.026666666667,322.953333333333,2.43597103527195,38,2
265.183006535948,322.915032679739,9.50911560938583,67,2
261.275862068966,323.248275862069,7.52923091145327,72,2
260.17880794702,323.397350993377,2.39456497265917,30,2
256.848275862069,323.510344827586,-9.93917295840828,64,2
255.13768115942,323.355072463768,-11.1209627689804,39,2
251.454545454545,322.895104895105,-6.18009613368516,69,2
248.844594594595,322.567567567568,1.50125465701766,63,2
247.068027210884,322.469387755102,6.08615203848722,41,2
243.661870503597,322.942446043165,2.7929406677167,80,2
242.496644295302,322.939597315436,0.572066968784844,36,2
238.958620689655,322.806896551724,-11.7604177648733,72,2
235.427536231884,322.202898550725,-17.2889465979287,73,2
234.128378378378,322.040540540541,-13.4403054358946,28,2
231.118421052632,321.611842105263,-2.44306461473522,64,2
230.03125,321.4875,-0.520464203049476,36,2
226.551282051282,321.307692307692,4.85988828407941,70,2
222.622377622378,321.398601398601,-8.18592483086406,75,2
221.014705882353,321.455882352941,-11.6697237453484,41,2
217.937931034483,320.924137931034,-19.171498087127,73,2
216.299270072993,320.43795620438,-19.175789558327,36,2
213.5,320.02,-10.3396469621717,57,2
211.269005847953,320.058479532164,-2.94950667369255,65,2
209.863354037267,319.950310559006,0.583916451194915,44,2
205.457516339869,319.732026143791,-0.0727956954799594,78,2
203.806896551724,319.91724137931,-7.02871699476214,44,2
201.326923076923,319.653846153846,-15.7255380965777,75,2
197.86,319.126666666667,-21.1825637216067,76,2
196.474025974026,318.642857142857,-19.6670758491734,44,2
194.209580838323,318.40119760479,-12.5281066711759,53,2
193.029411764706,318.223529411765,-9.02951668053765,39,2
189.887573964497,317.591715976331,-1.86063270422065,75,2
185.616352201258,317.729559748428,-4.87042255275258,82,2
184.306666666667,317.56,-9.90998645688919,45,2
181.135483870968,316.961290322581,-23.5654822439635,81,2
180.46875,316.6875,-16.7073863312893,41,2
176.975609756098,316.134146341463,-16.8595467285958,74,2
174.651933701657,315.469613259669,-7.55496406303619,69,2
173.277173913043,315.239130434783,-4.16208304276227,39,2
170.725806451613,315.134408602151,-0.757219221234787,72,2
169.280898876405,314.837078651685,-1.96842323360316,46,2
166.566137566138,314.439153439153,-10.3132349327175,79,2
163.556179775281,313.966292134831,-22.1044340199328,87,2
161.478527607362,313.435582822086,-26.1415843456907,51,2
159.277777777778,312.913580246914,-22.109662043796,57,2
158.193548387097,312.832258064516,-19.3839455896503,31,2
156.466257668712,312.226993865031,-13.2226278282727,64,2
154.383720930233,311.552325581395,-7.49784473091161,61,2
152.496894409938,311.111801242236,-3.37956713293227,43,2
149.930555555556,310.972222222222,-6.18509334011293,71,2
148.432432432432,310.743243243243,-10.2527117157587,42,2
144.708661417323,310.456692913386,-20.2332270771422,77,2
141.79674796748,309.813008130081,-25.4130728727256,60,2
141.330578512397,309.578512396694,-25.8002926276893,20,2
140.213114754098,308.524590163934,-25.0885285409082,41,2
140.252032520325,308.39837398374,-23.9783251745164,17,2
140.255639097744,308.067669172932,-27.5131406056174,46,2
139.863636363636,307.515151515152,-29.0265580044125,37,2
139.320895522388,306.858208955224,-32.7960324458257,32,2
137.150442477876,304.646017699115,-43.1735721481598,63,2
136.230769230769,303.480769230769,-49.6853589404774,29,2
136.061855670103,301.670103092784,-50.1441047060668,47,2
136.52380952381,301.419047619048,-52.5614118071472,40,2
136.082474226804,300.453608247423,-45.3523631650045,16,2
135.960784313725,299.539215686275,-50.5483201893958,39,2
135.830188679245,298.77358490566,-53.6215063853762,22,2
135.745098039216,297.5,-60.1990804798573,38,2
134.933962264151,295.481132075472,-72.8359370049447,48,2
NaN,NaN,NaN,106,2
409.14450867052,232.64161849711,37.5355839594739,NaN,3
409.121387283237,232.595375722543,37.8772259973214,2,3
408.965317919075,232.728323699422,37.7845380411501,4,3
409.005813953488,232.744186046512,37.6872863198443,3,3
409.28901734104,232.410404624277,38.1354201111326,9,3
409.127906976744,232.56976744186,37.8124047879267,7,3
409.311764705882,232.423529411765,38.2113850058379,4,3
409.197674418605,232.482558139535,38.8240646237946,8,3
409.238372093023,232.424418604651,38.5540007595315,4,3
409,232.695402298851,38.9740946613454,6,3
410.897959183673,231.156462585034,38.2254367051284,35,3
411.430463576159,230.761589403974,37.5185546043377,32,3
411.413580246914,231.111111111111,42.9706488343671,55,3
411.45,231.272222222222,-67.1359738287753,42,3
410.748603351955,230.703910614525,-14.5341258968467,35,3
410.488636363636,230.386363636364,-0.990997729109433,67,3
412,230.134146341463,-10.0519032696472,48,3
413.299465240642,230.106951871658,-9.52581985044497,49,3
414.397905759162,230.413612565445,-11.0133181305776,44,3
417.448275862069,231.320197044335,-6.70231359416261,90,3
421.798122065728,232.131455399061,-4.75472089074398,90,3
423.655963302752,232.096330275229,-4.00097451409614,49,3
427.815,232.64,3.31995831148394,108,3
429.92118226601,232.970443349754,3.62891577110486,63,3
434.267015706806,232.607329842932,18.3454564183033,106,3
437.13,232.28,27.076661036635,87,3
438.383084577114,231.935323383085,26.3249100815184,49,3
442.354838709677,228.464516129032,20.5264714851453,114,3
443.925675675676,227.851351351351,18.9768054759524,27,3
448.118518518518,226.659259259259,15.8319305186338,65,3
452.789915966387,225.252100840336,21.4489068236596,68,3
453.928,224.824,23.9707434780035,40,3
457.484848484848,223.522727272727,33.6856962642,63,3
458.705882352941,222.647058823529,34.4041115684147,24,3
461.434782608696,220.891304347826,30.7511317000428,50,3
463.874125874126,219.804195804196,30.3873898525631,57,3
465.602941176471,218.816176470588,32.9955403171148,35,3
468.639705882353,217.286764705882,48.7084471152737,76,3
469.854166666667,216.395833333333,59.1093436642036,44,3
471.578947368421,213.548872180451,63.9057697858299,55,3
472.876811594203,210.884057971014,61.1431448320313,53,3
473.546762589928,209.920863309353,59.9714390295861,33,3
475.174242424242,206.636363636364,62.1371775131863,61,3
475.751937984496,205.186046511628,63.9840421497464,29,3
476.4,202.97037037037,80.4103079743724,50,3
476.507142857143,201.028571428571,-76.5707201898777,55,3
476.304347826087,199.355072463768,-60.6984927140883,44,3
475.585714285714,197.278571428571,-51.9737819189968,60,3
475.061643835616,196.328767123288,-52.676577737938,30,3
473.612676056338,194.281690140845,-53.2912346646066,50,3
471.320895522388,191.5,-51.357309677906,56,3
470.261194029851,190.246268656716,-47.9873101280942,28,3
467.844262295082,187.893442622951,-28.9250638449307,56,3
466.90243902439,187.30081300813,-25.4116427825658,25,3
464.248062015504,186.193798449612,-18.4461993661942,52,3
461.431506849315,185.513698630137,-22.9020788583276,57,3
460.284722222222,185.131944444444,-23.6315195298496,32,3
457.4375,184.256944444444,-23.9180800009567,66,3
455.146853146853,183.615384615385,-24.5935900084663,47,3
451.986111111111,182.909722222222,-8.4726680638229,93,3
449.13986013986,182.566433566434,3.72320489740437,79,3
447.235294117647,182.345588235294,4.61202677623567,47,3
444.643356643357,182.531468531469,3.10222433152291,73,3
442.724137931034,182.593103448276,0.52800773271704,62,3
440.353741496599,182.571428571429,-1.19150407128233,76,3
437.452554744526,182.43795620438,1.5567740171342,74,3
436.313432835821,182.5,5.20649745472883,37,3
432.850393700787,182.677165354331,15.6161162143566,59,3
431.062992125984,183.393700787402,18.5483088260077,34,3
428.621428571429,184.414285714286,13.0232021514227,61,3
426.179104477612,184.835820895522,9.64132218373732,78,3
425.288888888889,185.059259259259,9.44539829821505,31,3
421.669421487603,185.388429752066,11.4675573852314,80,3
420.044776119403,186.313432835821,20.9304201100365,39,3
416.936507936508,187.142857142857,30.4366357939884,72,3
414.229508196721,188.344262295082,26.0800338854642,66,3
413.07874015748,188.708661417323,22.539893907603,37,3
409.55905511811,190.385826771654,16.8135144071507,78,3
408.328,190.712,13.439133372122,44,3
405.069230769231,191.838461538462,15.3541940457721,71,3
401.407692307692,193.215384615385,33.9719262612718,84,3
399.475806451613,193.58064516129,34.2926440070219,46,3
397.93006993007,194.230769230769,26.9889857924323,65,3
396.133802816901,195.007042253521,27.0855055895904,43,3
393.309210526316,196.144736842105,18.6286728256755,78,3
390.210526315789,197.092105263158,16.9275749894782,88,3
388.319727891156,197.619047619048,20.0068680738173,45,3
384.705035971223,198.446043165468,34.3935423122644,74,3
383.297297297297,199.47972972973,39.7869322278232,41,3
380.59872611465,200.070063694268,34.872008070176,77,3
377.736526946108,201.059880239521,26.5827833437974,80,3
376.456790123457,201.493827160494,20.8655238927344,47,3
373.341772151899,202.601265822785,17.3961214806567,82,3
372.102564102564,202.782051282051,17.6506477014993,38,3
368.450704225352,204.295774647887,40.3101731551893,84,3
365.881118881119,205.237762237762,41.4784114442079,65,3
364.468085106383,205.971631205674,37.0272700106353,40,3
361.794520547945,207.438356164384,27.4222819169052,67,3
360.86,207.846666666667,21.3692235207491,36,3
357.456953642384,209.092715231788,14.0104959443262,79,3
354.290540540541,210.101351351351,20.4715290933621,67,3
352.874125874126,210.762237762238,26.946631147617,41,3
349.943661971831,212.338028169014,37.4883148816766,67,3
348.604316546763,213.115107913669,38.3375343974537,45,3
345.880281690141,214.823943661972,33.8339882377216,69,3
343.479452054795,216.041095890411,26.0555811156344,70,3
341.594594594595,216.871621621622,23.7253261594383,44,3
338.575539568345,218.143884892086,24.7646684611113,67,3
337.213235294118,218.580882352941,30.0245943104394,33,3
334.645669291339,220.314960629921,39.3153704917985,71,3
331.807692307692,222.030769230769,40.9884498468707,65,3
330.694029850746,222.679104477612,36.9668380030771,28,3
328.374100719424,224,26.4848985309512,55,3
327.258503401361,224.598639455782,24.2841048416997,38,3
324.409722222222,225.951388888889,22.7906813912663,67,3
322.036496350365,227.547445255474,32.0183940187871,59,3
320.913043478261,228.144927536232,37.7984311614533,27,3
318.109375,230.2890625,49.1456710871502,66,3
317.007407407407,231.496296296296,49.5619728842968,35,3
315.076923076923,232.958041958042,42.978162540857,52,3
313.313725490196,234.287581699346,34.470804551812,66,3
311.685714285714,235.414285714286,28.0589483839265,33,3
309.065693430657,236.970802919708,31.2621343302317,57,3
307.525547445255,238.153284671533,39.2033184796116,40,3
305.861313868613,239.85401459854,44.2541711955408,56,3
303.179104477612,242.029850746269,49.2104872425198,63,3
302.035714285714,243.085714285714,45.8758718080469,34,3
300.547945205479,244.465753424658,38.0775602214165,62,3
299.559210526316,245.144736842105,34.5495764861928,32,3
296.801324503311,247.066225165563,28.1443262446359,71,3
294.412162162162,248.527027027027,31.8626559126994,59,3
293,249.485714285714,37.2683845817378,36,3
290.744525547445,251.197080291971,42.9990634944999,57,3
289.388059701493,251.962686567164,46.3693405932041,31,3
287.575342465753,253.465753424658,41.0449133621395,48,3
285.874213836478,254.509433962264,32.1082047054867,57,3
284.821656050955,255.019108280255,27.4153643299074,32,3
281.42,256.686666666667,23.909127267568,77,3
280.26282051282,256.967948717949,28.60915159143,38,3
277.413793103448,258.455172413793,40.1736808669132,69,3
275.174496644295,259.818791946309,43.3110301645906,56,3
273.888888888889,260.645833333333,39.3694748915663,31,3
272.012658227848,261.715189873418,34.79850865151,50,3
271.107784431138,262.311377245509,30.4626374888969,35,3
268.933333333333,263.139393939394,22.501513683261,62,3
265.18064516129,264.445161290323,22.1337032672682,80,3
263.973509933775,264.754966887417,26.1146174489387,28,3
260.993421052632,266.197368421053,37.1189743353003,65,3
259.506493506493,266.974025974026,41.4016501428097,36,3
257.341772151899,268.139240506329,36.8850359093935,54,3
255.148148148148,269.179012345679,25.0965318834785,56,3
253.932926829268,269.670731707317,19.5866008714439,38,3
250.766666666667,270.593333333333,9.80671433522552,68,3
249.37012987013,271.025974025974,10.9017179185125,36,3
246.202702702703,271.601351351351,19.3489050265373,66,3
243.713333333333,272.5,28.843914887118,60,3
242.777777777778,272.666666666667,28.059172052784,29,3
239.489655172414,274.351724137931,27.7234227351945,72,3
238.371621621622,274.918918918919,22.9570777255323,31,3
236.232704402516,275.559748427673,15.7359197778889,55,3
233.113924050633,276.550632911392,11.4286706000465,71,3
231.483660130719,276.986928104575,13.4454786818129,37,3
229.213333333333,277.293333333333,17.9178423332683,57,3
228.285714285714,277.807453416149,22.6810572022751,37,3
224.98064516129,279.064516129032,32.042858487336,74,3
222.473684210526,280.131578947368,26.5016982753275,55,3
221.50641025641,280.570512820513,21.0526517985815,38,3
219.036585365854,281.365853658537,12.8383157598055,60,3
217.846625766871,281.60736196319,9.99547121668375,33,3
214.561290322581,282.251612903226,9.93211090852105,62,3
211.412903225806,282.722580645161,19.1332106326238,70,3
210.74375,282.9125,19.3395969672538,25,3
207.40127388535,283.949044585987,30.0666970261408,67,3
206.084415584416,284.532467532468,29.9115629895957,29,3
204.189024390244,285.128048780488,22.3894257875426,48,3
202.06432748538,285.847953216374,15.086202752267,61,3
199.96178343949,286.356687898089,10.7089858538071,44,3
196.378205128205,287.115384615385,14.5534481540931,75,3
195,287.464052287582,20.4401943771572,41,3
192.980519480519,287.935064935065,27.2353376240617,57,3
190.635761589404,289.079470198675,32.989115231978,57,3
189.288461538462,289.724358974359,33.6957552946347,37,3
187.270440251572,290.74213836478,28.627586153236,53,3
186.237804878049,291.292682926829,23.865038925408,37,3
184.569696969697,292.084848484848,19.4709875223163,53,3
182.098765432099,292.796296296296,17.2242124968852,61,3
180.609271523179,293.350993377483,16.8158977608033,27,3
178.173333333333,293.98,27.1099696861247,67,3
177.391304347826,294.167701863354,29.6473008958518,37,3
175.333333333333,295.50641025641,29.6013538313459,61,3
172.478260869565,296.801242236025,23.4657020139904,65,3
171.431952662722,297.065088757396,16.0069260742319,30,3
169.491712707182,297.812154696133,7.29924212992016,62,3
168.401098901099,298.038461538462,3.11030187425083,37,3
165.85393258427,298.803370786517,3.39303245782829,66,3
163.473404255319,299.175531914894,8.76914154328572,60,3
162.682291666667,299.026041666667,11.9241634959043,28,3
159.901639344262,299.825136612022,25.6191773629962,73,3
158.758241758242,300.263736263736,28.4094334074985,43,3
155.762820512821,301.628205128205,30.4319823459093,68,3
154.044025157233,302.610062893082,21.8358669974072,53,3
152.762195121951,303.073170731707,18.5479100997682,31,3
150.06,304.126666666667,12.7386935750085,58,3
148.63309352518,304.410071942446,12.6571545376245,37,3
144.739495798319,305.495798319328,19.4375905729833,62,3
142.383333333333,306.658333333333,23.3230351682887,53,3
140.884955752212,307.203539823009,31.8363819083919,35,3
140.082644628099,308.198347107438,31.6435540938206,40,3
139.035398230089,309.017699115044,36.8294054315072,22,3
139.582677165354,309.110236220472,36.8786322814127,40,3
139.069230769231,310.076923076923,36.1155046921103,35,3
138.795275590551,310.212598425197,37.3740367641342,9,3
138.137404580153,311.076335877863,42.350743945083,32,3
137.837037037037,311.444444444444,44.3343415219368,16,3
137.1640625,312.71875,49.8853705311588,47,3
135.423423423423,315.396396396396,62.8479749575277,55,3
134.803738317757,316.672897196262,69.8400829442091,30,3
134.581818181818,318.663636363636,70.0658184007474,41,3
134.45871559633,319.376146788991,68.8861374093838,21,3
134.444444444444,320.162393162393,63.9813504989614,28,3
134.308943089431,321.528455284553,57.8304371190204,36,3
134.516949152542,321.762711864407,57.5287774237065,13,3
134.18487394958,323.18487394958,58.6988744169782,31,3
133.90243902439,324.19512195122,61.9221377730525,24,3
133.782608695652,325.826086956522,66.9896287321246,34,3
NaN,NaN,NaN,115,3
406.412587412587,229.202797202797,-84.6500832430715,NaN,4
406.446808510638,229.113475177305,-84.1257077749218,8,4
406.594594594595,229.324324324324,-84.5038833440159,11,4
406.74358974359,229.288461538462,-86.0152017545505,42,4
406.774193548387,228.541935483871,-88.6057417077448,33,4
406.537037037037,226.962962962963,78.1288552536774,59,4
406.685897435897,225.576923076923,67.9177466964411,34,4
406.407185628743,222.916167664671,70.6312034561462,79,4
406.623456790123,219.864197530864,77.0697338803364,79,4
407.061224489796,218.52380952381,82.1744721361142,35,4
407.382978723404,214.41134751773,-86.554188199016,78,4
407.366013071895,212.222222222222,-86.6993524778567,46,4
407.221476510067,208.610738255034,86.0777724159447,70,4
407.135483870968,205.483870967742,82.4210214821886,64,4
407.045454545455,203.649350649351,85.3228205133199,37,4
406.826388888889,199.826388888889,-85.2798511597087,72,4
406.576923076923,198.089743589744,-80.0095109732748,40,4
405.728476821192,194.013245033113,-65.1962429111545,91,4
404.147887323944,189.56338028169,-67.8372878844047,83,4
403.318181818182,188.075757575758,-70.9890634912397,34,4
401.930555555556,184.527777777778,-73.9016303614184,70,4
401.013157894737,182.375,-72.8648625709564,40,4
399.543624161074,178.832214765101,-62.0865851775405,81,4
397.723404255319,175.085106382979,-50.775823937208,88,4
396.527559055118,173.456692913386,-53.5468422933173,38,4
394.953125,170.9296875,-62.8691472326663,61,4
393.707692307692,168.484615384615,-68.7112467063232,44,4
391.776978417266,165.697841726619,-61.6660134139406,67,4
390.082191780822,163.458904109589,-50.112374257453,63,4
389.063829787234,162.418439716312,-46.1105281776998,43,4
386.385245901639,159.672131147541,-48.6332610832273,69,4
384.977443609023,157.81954887218,-57.7034307128509,43,4
383.053846153846,155.253846153846,-65.1620548524839,61,4
381.496402877698,153.079136690647,-60.1891167402798,63,4
380.507142857143,151.935714285714,-53.7576265946034,29,4
378.613793103448,149.91724137931,-43.6142217793399,61,4
377.630136986301,149.041095890411,-40.3600944983969,31,4
374.518518518519,146.333333333333,-35.5522448504305,75,4
372.213235294118,144.286764705882,-46.951285563482,61,4
370.671755725191,142.87786259542,-48.6996276461951,43,4
368.330827067669,140.631578947368,-46.6416813200669,58,4
367.238805970149,139.559701492537,-43.6999541596366,31,4
364.705882352941,138.051470588235,-24.9507996157447,66,4
361.929577464789,136.697183098592,-19.866659655775,62,4
360.551470588235,136.242647058824,-20.284016398836,34,4
356.886363636364,134.159090909091,-35.9134696985906,80,4
355.119047619048,133.071428571429,-48.506459309461,36,4
352.340909090909,130.893939393939,-49.1166471480777,64,4
350.106382978723,129.219858156028,-38.1229130766471,57,4
348.781690140845,128.598591549296,-30.2131051507319,35,4
345.917808219178,126.842465753425,-19.3839973883038,83,4
344.466216216216,126.432432432432,-17.5607577805953,35,4
340.607142857143,125.021428571429,-27.4957034174382,68,4
338.166666666667,123.659722222222,-36.26806873458,62,4
336.861842105263,122.881578947368,-36.0317470508551,32,4
333.415492957746,120.93661971831,-31.2081268365128,74,4
332.122302158273,120.258992805755,-24.7805994240352,29,4
329.587096774194,119.264516129032,-14.294935448774,62,4
325.979166666667,118.208333333333,-10.1002928352112,75,4
324.451388888889,117.895833333333,-13.4694873006518,30,4
321.148648648649,117.040540540541,-24.0115405638397,66,4
319.333333333333,116.153333333333,-32.5355799097217,42,4
316.143835616438,114.664383561644,-34.7191330130936,64,4
313.253333333333,113.433333333333,-24.348402333755,64,4
311.418918918919,112.533783783784,-16.2135899919037,44,4
308.36301369863,111.732876712329,-10.8742301352943,64,4
306.993055555556,111.243055555556,-11.2996308722031,32,4
303.507042253521,110.570422535211,-23.8575528288524,70,4
300.401408450704,109.147887323944,-35.4757888725479,64,4
298.724637681159,108.195652173913,-37.2386035024211,36,4
295.2109375,106.3515625,-29.203358340174,72,4
294.029850746269,105.746268656716,-27.316359037984,28,4
291.6,104.820689655172,-14.4922901083804,65,4
287.778625954198,103.595419847328,-9.52175223079107,74,4
286.136,103.352,-12.1246716852858,32,4
283.604651162791,102.457364341085,-21.9256788704554,60,4
282.053435114504,101.717557251908,-31.8950415680849,36,4
279.220588235294,100.323529411765,-34.0729519062036,69,4
275.885496183206,98.4351145038168,-27.6320491198591,65,4
274.39552238806,97.8134328358209,-19.4649954546929,35,4
271.542635658915,96.7906976744186,-8.54150280462839,59,4
270.211678832117,96.3649635036496,-9.34124237039466,34,4
266.94964028777,95.2805755395683,-15.2483925061854,62,4
264.353741496599,94.1972789115646,-26.6573092959395,58,4
262.550724637681,93.3260869565217,-30.0204754480913,41,4
259.44696969697,91.5606060606061,-34.0877995891667,66,4
257.9765625,90.6484375,-30.2956771452413,30,4
255.553191489362,89.7021276595745,-15.8342527237709,61,4
253.835526315789,88.9671052631579,-12.6922621166067,49,4
251.294117647059,88.0661764705882,-10.7593667253439,52,4
249.375,87.3881578947368,-13.7778964103066,52,4
248.560975609756,86.8658536585366,-17.1413087003943,32,4
245.467065868263,85.8263473053892,-29.2272636943991,71,4
242.61935483871,84.5741935483871,-27.0326296739478,68,4
241.453947368421,84.1907894736842,-21.768981722862,31,4
239.847133757962,83.515923566879,-14.6551449301998,59,4
239.049382716049,83.2469135802469,-13.02484854955,25,4
236,82.5098039215686,-4.14718037800579,63,4
233.096153846154,82.8525641025641,-5.87859418614411,71,4
232.037974683544,83.0126582278481,-7.96321673431109,28,4
230.632183908046,83.4770114942529,-13.1301565836957,62,4
229.72625698324,83.6145251396648,-15.2019775406869,33,4
227.457831325301,83.1385542168675,-11.314906647227,51,4
225.018072289157,82.8493975903614,-4.88868763633794,52,4
223.242038216561,82.6942675159236,1.22564998114123,41,4
220.714285714286,82.8447204968944,0.578472845022848,58,4
219.53164556962,83.1455696202532,0.648635486216717,37,4
216.355704697987,83.1812080536913,-10.7495742261764,65,4
214.700680272109,83.0884353741497,-19.919967948811,36,4
213.586666666667,82.9666666666667,-19.2002201883233,31,4
211.914634146341,82.7987804878049,-16.179860058716,56,4
210.560693641618,82.635838150289,-16.7151641317252,35,4
207.891719745223,81.9044585987261,-13.3917035140927,60,4
205.168831168831,81.8831168831169,-7.24401362646692,61,4
202.951724137931,81.8344827586207,-4.5293980075562,43,4
200.243421052632,81.875,-5.33102557865532,59,4
198.386666666667,81.9866666666667,-10.4436086715562,38,4
196.171052631579,81.8092105263158,-10.5495912259487,58,4
194.108843537415,81.3809523809524,-5.95931229606218,47,4
193.471337579618,81.5414012738854,-3.60259217683065,24,4
191.020134228188,81.5838926174497,0.703960452669228,48,4
189.194244604317,81.4460431654676,4.54109616563876,34,4
186.125925925926,81.7555555555556,7.12693670083472,50,4
183.404255319149,82.3617021276596,1.59964319791081,58,4
182.077464788732,82.4647887323944,-4.87860381457559,31,4
179.611111111111,82.1736111111111,-9.32961728743507,56,4
178.675862068966,82.2,-12.6806177616435,23,4
