390.940298507463,252.813432835821,-7.3527021726088,NaN,1
391.015037593985,252.714285714286,-7.93326952295503,5,1
390.835820895522,252.671641791045,-8.18740605627191,5,1
390.915384615385,252.715384615385,-7.90977765751194,8,1
390.902985074627,252.708955223881,-7.2002910282978,4,1
391.099236641221,252.702290076336,-7.95310305275407,7,1
391.037593984962,252.699248120301,-8.13263997033432,8,1
391.139534883721,252.728682170543,-8.68732065298931,6,1
390.977443609023,252.699248120301,-8.16138962146089,4,1
391.098484848485,252.734848484848,-7.66466414912043,5,1
390.864661654135,252.706766917293,-8.10304654613828,5,1
390.779411764706,252.691176470588,-7.92483772490679,3,1
390.681481481481,252.651851851852,-7.70455458460345,3,1
391.022556390977,252.654135338346,-8.33379894104,6,1
390.992481203008,252.631578947368,-8.02861359312929,4,1
390.956204379562,252.78102189781,-8.16777578238367,8,1
391.051851851852,252.725925925926,-7.45585728309241,4,1
390.741007194245,252.697841726619,-7.32090620752798,4,1
390.926470588235,252.683823529412,-7.55420452326878,3,1
390.768115942029,252.673913043478,-7.32852344802865,2,1
390.77037037037,252.651851851852,-8.01270807767543,5,1
390.888888888889,252.62962962963,-7.82896917225122,2,1
390.984848484848,252.75,-8.97383698002008,7,1
390.295774647887,252.471830985915,-9.54527839132336,16,1
389.644736842105,252.276315789474,-9.67274778684079,14,1
389.709459459459,252.621621621622,-6.03688839089067,26,1
390.141891891892,252.864864864865,-2.46478573580259,22,1
391.102189781022,253.394160583942,3.59090306869607,33,1
392.3515625,252.90625,-9.22506952605226,53,1
393.393700787402,252.866141732283,-33.3561138103176,39,1
395.55223880597,253.611940298507,-33.9130181313002,61,1
396.795620437956,254.167883211679,-29.9197475891919,37,1
398.911949685535,255.176100628931,-12.750294712507,80,1
404.357142857143,256.514285714286,-18.9383860314039,99,1
406.191176470588,256.911764705882,-27.1526756346895,48,1
410.586956521739,259.130434782609,-34.6211855485791,92,1
412.367647058824,260.360294117647,-27.749058042756,46,1
416.376923076923,262.538461538462,-19.8546738692064,100,1
420.22480620155,264.178294573643,-42.6817787285659,79,1
422.239669421488,265.661157024793,-48.7620065863773,54,1
425.447154471545,268.934959349593,-46.5755803038086,80,1
426.786764705882,270.316176470588,-45.9639314146786,41,1
429.274647887324,273.239436619718,-44.3575724336786,74,1
432.3,276.307692307692,-60.1125219531109,88,1
433.300751879699,277.706766917293,-57.1179337909611,37,1
435.491935483871,280.685483870968,-50.3730177516675,69,1
436.514705882353,282.323529411765,-50.5957266014938,42,1
438.7890625,285.828125,-64.2509775737594,74,1
440.698275862069,289.655172413793,-71.8587487518699,76,1
441.252252252252,290.954954954955,-60.267076737219,27,1
442.74358974359,294.136752136752,-55.8306369043591,62,1
443.362204724409,295.700787401575,-58.6809492507205,36,1
444.795081967213,298.893442622951,-70.74695923864,67,1
446.183333333333,302.091666666667,-72.109048555789,62,1
446.619834710744,303.628099173554,-63.423899038975,35,1
443,298,0,56,1
448.647058823529,308.378151260504,-67.7027871571556,34,1
450.15652173913,311.55652173913,-79.0391758404324,60,1
451.211382113821,314.268292682927,-72.8741537546098,50,1
451.555555555556,315.632478632479,-66.3144225844687,30,1
452.818181818182,318.809090909091,-66.9147316805238,61,1
453.218487394958,320.361344537815,-73.4087188270422,33,1
454.080357142857,323.883928571429,-82.8600864566521,69,1
455.008064516129,326.241935483871,-72.9652473341267,48,1
455.175,327.475,-69.4620693341641,32,1
455.88679245283,330.349056603774,-76.4857250458726,54,1
456.226890756303,332.781512605042,-89.6771203425403,41,1
456.720338983051,336.135593220339,-87.9781438191787,59,1
457.076923076923,338.730769230769,-76.0439068685711,50,1
457.353982300885,340.566371681416,-71.2554703628633,33,1
457.982142857143,343.919642857143,-88.1573404673611,63,1
458.150442477876,345.495575221239,84.6510581459403,33,1
458.252252252252,348.288288288288,-88.0661430223196,48,1
458.669491525424,350.64406779661,-76.2752684874461,49,1
458.781818181818,351.736363636364,-75.9720868722181,28,1
459.405405405405,355.414414414414,-85.0320312450747,57,1
459.590909090909,356.954545454545,89.4394281463937,25,1
460.026086956522,359.208695652174,-86.5610304222826,39,1
460.565217391304,361.739130434783,-74.8657300393885,48,1
460.761467889908,362.266055045872,-72.1442437400651,22,1
461.50495049505,366.376237623762,-81.0081059976711,70,1
461.769230769231,367.788461538462,88.7092217920494,27,1
462.089285714286,370.080357142857,-86.63078219973,48,1
462.565217391304,372.686956521739,-74.9971300211029,47,1
462.72972972973,373.567567567568,-72.5538130953135,32,1
463.41,376.67,-71.5038036669193,53,1
463.577981651376,377.743119266055,-73.8766516905793,31,1
464.035398230089,380.247787610619,-84.9280796498072,62,1
464.623853211009,383.330275229358,-80.3168170213797,50,1
464.810344827586,383.965517241379,-73.6503791759866,23,1
465.490909090909,386.154545454545,-65.7649025425869,58,1
465.98275862069,388.318965517241,-64.0170824777635,44,1
466.927927927928,390.612612612613,-74.9137158228905,47,1
468.018018018018,393.243243243243,-81.924613564763,52,1
468.297297297297,394.468468468468,-72.9353980070053,26,1
469,396.126050420168,-65.0255281238442,42,1
469.447154471545,397.308943089431,-62.1130095536081,30,1
470.487804878049,397.967479674797,-50.6419631296945,54,1
471.325581395349,398.201550387597,-49.8269343650357,36,1
471.626984126984,398.801587301587,-45.7259645571425,23,1
472.475409836066,399.622950819672,-39.2036791645066,32,1
472.9453125,399.8046875,-36.8910778093842,18,1
475.037593984962,400.338345864662,-27.9507911608641,65,1
477.739837398374,400.49593495935,-28.0598387311903,64,1
478.680327868852,400.688524590164,-29.5678953767955,27,1
480.698113207547,400.990566037736,-28.7764345402056,52,1
481.149122807018,400.859649122807,-27.9759140899451,18,1
483.524752475248,401.712871287129,-22.2149545057129,37,1
486.063829787234,402.265957446808,-10.5452016204569,55,1
NaN,NaN,NaN,94,1
418.893442622951,264.016393442623,-14.5289708322274,NaN,2
418.9296875,263.9140625,-14.9573418571933,10,2
418.975609756098,263.821138211382,-13.0453824520322,9,2
419.016260162602,263.829268292683,-13.51616906407,2,2
418.801587301587,263.84126984127,-11.9523984913115,5,2
418.878048780488,263.764227642276,-13.0690436668514,5,2
418.885245901639,263.94262295082,-14.2547884400476,5,2
418.851239669421,263.917355371901,-12.9198816995271,5,2
418.781512605042,263.890756302521,-12.7611889939728,4,2
418.928571428571,263.777777777778,-12.9699456423836,9,2
418.776,263.888,-13.6167802707781,9,2
418.758064516129,263.854838709677,-13.5706772792135,7,2
418.854838709677,263.991935483871,-14.0858904969596,8,2
418.764227642276,264,-13.1665460226999,3,2
418.952380952381,263.896825396825,-13.5834842619709,7,2
418.581967213115,263.745901639344,-12.7334611408774,10,2
418.768,263.792,-12.813007836884,7,2
418.808,263.808,-12.4159001628388,10,2
418.90243902439,263.886178861789,-13.1729141718424,6,2
419.161290322581,264.145161290323,-11.7388567812925,25,2
418.854838709677,264.032258064516,-11.7937058216716,14,2
418.737288135593,264.152542372881,-24.2951772717693,42,2
419.007407407407,263.807407407407,-36.4165753883406,63,2
420.176470588235,264.492647058824,-31.6769249559319,37,2
423.485294117647,266.257352941176,-17.1622450693888,76,2
424.503355704698,266.798657718121,-14.0719709333035,35,2
428.110294117647,267.992647058824,-33.6455229739727,79,2
431.893442622951,270.401639344262,-50.3510247060345,102,2
433.181818181818,271.204545454545,-41.110403148306,34,2
436.5,274.015384615385,-24.6268551018894,92,2
438.321167883212,275.459854014599,-27.2145294093626,51,2
441.8984375,277.46875,-52.6736166951657,83,2
445.4,281.35652173913,-57.780424954262,93,2
446.35593220339,282.822033898305,-47.7268345310525,37,2
448.780701754386,285.350877192982,-41.3903013935237,64,2
450.145161290323,287.25,-56.0367853556774,44,2
452.115702479339,289.925619834711,-78.6197733200688,69,2
453.707692307692,293.115384615385,-76.9090916921677,71,2
454.170542635659,294.767441860465,-72.1983167681426,33,2
455.203539823009,298.46017699115,-69.0657297254786,62,2
455.206611570248,299.892561983471,-79.5737948698924,30,2
455.177419354839,302.467741935484,79.0145745678969,59,2
454.80487804878,305.170731707317,73.6171152307421,55,2
454.460869565217,306.04347826087,75.0014803525034,18,2
453.666666666667,309.008547008547,81.8223444090472,56,2
453.104347826087,310.486956521739,84.7499379296379,34,2
452.220183486239,312.963302752294,74.2593183555456,48,2
451.836206896552,314.456896551724,53.5480970216007,45,2
451.27027027027,315.504504504504,40.1869241883556,25,2
450.044247787611,317.389380530973,35.229228863889,52,2
449.713043478261,317.852173913043,35.7224083776405,26,2
448.05504587156,319.376146788991,39.3339263059162,36,2
447.222222222222,320.025641025641,45.3351282940927,34,2
446.561983471074,320.446280991736,46.6827872817952,18,2
444.933333333333,322.208333333333,49.823073289155,41,2
443.853448275862,323.094827586207,44.6860503013963,26,2
442.719008264463,324.97520661157,28.4268982566944,53,2
441.789855072464,326.246376811594,29.4951773608486,41,2
441.154929577465,326.746478873239,31.0551974702416,20,2
439.805755395683,328.014388489209,33.9406977750826,45,2
439.059701492537,328.485074626866,36.0520554907435,21,2
437.621212121212,329.515151515152,39.0947383344812,36,2
435.852459016393,331.008196721311,42.6462627274566,42,2
435.057851239669,331.694214876033,43.8244000548337,15,2
433.705882352941,332.731092436975,44.9685384708992,30,2
432.756302521008,333.621848739496,44.5775909104525,18,2
431.836206896552,334.422413793103,39.9478275263701,21,2
430.604838709677,335.362903225806,34.9669621437813,26,2
430.096774193548,335.66935483871,32.4456450788144,10,2
428.84496124031,336.635658914729,32.0170384780615,35,2
428.293650793651,337,30.6463351121807,15,2
426.470588235294,338.168067226891,29.0302344266124,35,2
425.322033898305,338.85593220339,32.3750638076937,25,2
424.825,339.133333333333,32.9434426194359,12,2
423.393162393162,339.91452991453,35.2355736365052,25,2
422.704347826087,340.478260869565,36.4596478713092,16,2
421.85,340.708333333333,32.8549360606868,19,2
420.798387096774,341.411290322581,29.7948153769908,26,2
420.174603174603,341.706349206349,27.9943732268568,12,2
419.376,342.144,23.1827142196311,25,2
418.556451612903,342.725806451613,22.9601638918801,19,2
417.438461538462,343.269230769231,24.7876087556208,26,2
416.338461538462,343.907692307692,26.6447412122876,28,2
415.373015873016,344.555555555556,30.5517857374427,26,2
413.64406779661,345.347457627119,36.0124573290072,36,2
412.857142857143,345.794642857143,37.1560236854119,16,2
412.016806722689,346.294117647059,36.1957871888912,27,2
410.833333333333,346.991666666667,31.2719094080784,25,2
410.180327868852,347.44262295082,30.8055760488238,14,2
409.137096774194,348.048387096774,24.0958515822505,24,2
408.611570247934,348.371900826446,24.406490048027,15,2
407.344,348.904,22.5595825762372,22,2
406.136,349.616,21.1179252654838,28,2
405.776,349.872,21.7990805265474,10,2
404.371900826446,350.314049586777,23.4820603449343,24,2
403.628099173554,350.842975206612,23.9388259610506,22,2
402.450819672131,351.327868852459,28.9406033859741,25,2
401.452991452991,351.863247863248,29.0026129852431,21,2
400.933333333333,351.983333333333,28.7812978398963,15,2
399.697478991597,352.697478991597,28.9650443901457,27,2
399.404958677686,352.867768595041,28.0293456763991,10,2
398.536585365854,353.040650406504,25.6979813760845,18,2
397.820895522388,353.522388059701,23.5924936875441,19,2
397.410447761194,353.649253731343,22.9061396607802,14,2
396.40625,354.0390625,21.663238530321,20,2
395.809523809524,354.31746031746,23.2366277933098,16,2
394.614754098361,354.877049180328,23.1052918738609,26,2
393.628099173554,355.388429752066,26.7434856747474,23,2
393.225,355.633333333333,26.4572806243119,9,2
392.132231404959,356.04132231405,30.1718507466425,23,2
391.436363636364,356.472727272727,34.3782915899284,17,2
390.834710743802,356.743801652893,31.8875566034458,23,2
389.837398373984,357.284552845528,31.6499973293291,20,2
389.384,357.616,29.4901330602422,12,2
388.725806451613,357.83064516129,28.2985116653229,15,2
388.415384615385,358.007692307692,28.81075829727,16,2
387.6484375,358.40625,26.4138564574821,18,2
386.65625,359.046875,25.2535090272937,20,2
386.150793650794,359.420634920635,23.7969321440333,14,2
385.508064516129,359.75,22.6675845150693,18,2
385.030769230769,360.061538461538,23.8624535222854,10,2
384.25,360.362903225806,26.257241550328,16,2
383.544,360.848,28.0185369590212,23,2
382.833333333333,361.111111111111,30.7244990417232,15,2
381.353448275862,361.836206896552,31.262722562688,24,2
381.173553719008,361.818181818182,30.9877434573401,9,2
380.6,362.112,27.8784160345623,20,2
379.626984126984,362.650793650794,25.2739727466504,19,2
379.123966942149,362.909090909091,23.5120604784644,17,2
378.362903225806,363.225806451613,22.7188322828328,19,2
377.969230769231,363.407692307692,19.5458456095138,14,2
377.25,363.674242424242,19.8239692054828,20,2
375.8203125,364.296875,21.7930385780379,24,2
375.222222222222,364.460317460317,22.478914767986,10,2
373.935483870968,364.975806451613,28.4898444328339,30,2
373.352459016393,365.262295081967,28.8112539973921,10,2
372.136752136752,365.863247863248,28.5472822853003,21,2
371.495798319328,365.991596638655,27.2861823363375,24,2
370.890756302521,366.260504201681,24.2683693014985,10,2
370.025641025641,366.700854700855,19.6966589580981,20,2
369.524193548387,366.806451612903,19.6772417727869,15,2
368.691056910569,367.268292682927,18.4601588563916,19,2
368.116279069767,367.472868217054,15.7743722055447,20,2
367.503875968992,367.798449612403,17.8518534984693,18,2
366.290322580645,368.185483870968,17.9004301099419,19,2
365.911290322581,368.459677419355,19.3674353205338,12,2
364.393162393162,368.91452991453,22.9951314654662,25,2
363.391304347826,369.226086956522,25.0974108875602,16,2
362.889830508475,369.525423728814,26.626040018018,15,2
361.719008264463,370,25.5854837662765,19,2
361.098360655738,370.377049180328,25.2669927720645,15,2
360.317073170732,370.634146341463,22.2584785667189,17,2
359.44,370.984,18.9343871686212,22,2
359.016260162602,371.121951219512,17.1125308556734,12,2
357.968992248062,371.651162790698,17.9426178692962,20,2
357.28,371.944,16.239392025227,14,2
356.606299212598,372.244094488189,19.4034732764548,18,2
355.311475409836,372.622950819672,22.6545008470213,25,2
354.748031496063,372.818897637795,24.4987922590186,11,2
353.317073170732,373.447154471545,27.7104282919235,30,2
352.822580645161,373.58064516129,28.2006623377675,7,2
351.677685950413,374.099173553719,23.8818268677091,23,2
350.72268907563,374.512605042017,18.276685091226,26,2
350.034188034188,374.940170940171,15.1694824776128,18,2
349.12,375.248,12.0985336645069,28,2
348.584,375.504,11.472485819737,18,2
347.401639344262,375.918032786885,11.931567536148,31,2
346.007936507937,376.230158730159,16.3196276049112,28,2
345.666666666667,376.293650793651,17.0456288564866,14,2
343.276785714286,377.053571428571,24.6090271814882,40,2
342.872881355932,377.21186440678,22.7370322398741,12,2
341.715517241379,377.568965517241,20.7533625092143,20,2
340.537190082645,378.03305785124,17.2095348416885,29,2
339.941176470588,378.302521008403,14.2877806748291,16,2
338.5,378.725,9.41563423345935,25,2
337.857142857143,378.806722689076,7.07642896325921,15,2
336.83606557377,379.155737704918,8.83844278071318,25,2
335.44262295082,379.475409836066,12.3319560633158,26,2
334.763779527559,379.811023622047,14.15119329267,19,2
332.949579831933,380.016806722689,21.813040223845,30,2
332.342105263158,380.30701754386,21.368015823682,15,2
330.851239669421,380.685950413223,23.1734810335838,31,2
329.991803278689,381.05737704918,19.4972039780226,25,2
329.388888888889,381.174603174603,18.1549959754226,14,2
327.656,381.792,11.0279871212369,35,2
327.131147540984,382.180327868852,9.89994882531762,15,2
325.544,382.64,9.84816959620375,27,2
324.280991735537,382.97520661157,11.8386897275683,24,2
323.689655172414,383.103448275862,12.2641988476552,13,2
322.025862068966,383.706896551724,18.9295016569001,32,2
321.613445378151,383.756302521008,20.7695558948616,11,2
320.347107438017,384.231404958678,24.5837460653717,26,2
318.620689655172,384.793103448276,24.1210603331846,31,2
318.078260869565,384.991304347826,21.2489052252042,15,2
317.24,385.328,18.8960804372016,16,2
316.560975609756,385.560975609756,16.8813338744582,14,2
315.626984126984,386.111111111111,15.6208753946251,25,2
314.468253968254,386.484126984127,13.1724695032756,24,2
313.776,386.624,12.3019821475855,11,2
313.072580645161,386.983870967742,13.7841564893519,21,2
312.282258064516,387.161290322581,15.4639729878242,16,2
311.16393442623,387.549180327869,19.2418527449483,26,2
310.130081300813,387.79674796748,21.9754745584611,19,2
309.688,387.888,22.4069572770449,12,2
308.371900826446,388.404958677686,24.5712120144571,24,2
307.90243902439,388.650406504065,24.9409627248023,12,2
306.725,389.158333333333,22.8463000811891,23,2
305.868217054264,389.457364341085,21.1533155096428,21,2
305.69696969697,389.522727272727,20.8518858448961,9,2
304.504,390.176,17.1361442661477,29,2
303.96875,390.3515625,15.159815834145,11,2
303.174242424242,390.712121212121,14.946277692719,18,2
302.595588235294,390.919117647059,13.8794836069147,18,2
302.086614173228,391.11811023622,12.7763017837287,17,2
301.177777777778,391.488888888889,15.1969170264089,16,2
300.582089552239,391.664179104478,15.6737287508295,9,2
299.757575757576,391.886363636364,17.9841568797543,16,2
298.769841269841,392.174603174603,17.897978297644,20,2
298.40625,392.3984375,20.2509974526327,14,2
297.492307692308,392.761538461538,22.1516811578432,16,2
297.076335877863,392.916030534351,22.8879999903077,9,2
296.179104477612,393.44776119403,23.8518148383851,19,2
295.450381679389,393.534351145038,21.8449814290646,17,2
295.136363636364,393.651515151515,21.6562634288055,5,2
294.278571428571,394.085714285714,23.009610125176,20,2
293.92700729927,394.197080291971,22.2235854747401,11,2
293.160839160839,394.629370629371,21.6325495053012,22,2
292.719424460432,394.906474820144,21.6116205555545,20,2
292.235714285714,395.078571428571,21.3231965661417,9,2
291.633802816901,395.281690140845,21.4645780757076,20,2
291.594594594595,395.25,21.0783609992611,8,2
290.897260273973,395.719178082192,22.9320939809842,22,2
290.145833333333,395.986111111111,23.42665813101,18,2
290.165517241379,396.006896551724,22.9110044426499,5,2
289.328859060403,396.442953020134,25.4009130832591,16,2
288.953020134228,396.442953020134,25.1909927628855,14,2
288.149659863946,396.78231292517,24.5603587766166,22,2
287.622516556291,397.23178807947,23.0014238346346,18,2
287.278145695364,397.331125827815,19.9080116606814,14,2
286.865384615385,397.544871794872,19.1110865732984,25,2
286.529411764706,397.614379084967,17.1606855829341,11,2
285.76821192053,397.887417218543,18.5354073056721,22,2
284.288888888889,398.059259259259,25.8739795600989,36,2
283.691176470588,398.139705882353,27.6492050245562,19,2
282.369565217391,398.152173913043,31.1190679407343,36,2
282.27972027972,398.111888111888,30.2717422643699,13,2
280.855172413793,398.413793103448,24.3146350546575,32,2
279.87074829932,398.925170068027,15.5508345280111,34,2
279.035460992908,399.099290780142,11.9572861086754,20,2
278.446666666667,399.28,10.3624756498536,23,2
277.885906040268,399.375838926174,9.53289497620445,21,2
276.314685314685,399.615384615385,6.57377383590506,26,2
275.198581560284,399.560283687943,6.14411036158663,24,2
274.632352941176,399.735294117647,6.45369827344449,17,2
273.561151079137,399.705035971223,5.54792746070597,25,2
273.31884057971,399.731884057971,7.4205715170675,11,2
272.133802816901,399.570422535211,7.10146703729844,24,2
271.198630136986,399.595890410959,5.35090770108658,22,2
NaN,NaN,NaN,146,2
412.536585365854,211.918699186992,63.9217885594218,NaN,3
412.496,212.184,64.4777313582042,4,3
412.563492063492,212.103174603175,63.988120628868,5,3
412.671875,211.8984375,63.5001951463492,8,3
412.905511811024,211.811023622047,62.3513906673095,9,3
412.910569105691,211.837398373984,62.4962033905314,6,3
413.248,211.712,63.8407078243261,16,3
413.208,211.688,64.4797179467814,6,3
413.236220472441,211.740157480315,64.56836663651,10,3
413.519379844961,211.116279069767,46.4330242464701,52,3
413.837037037037,211.074074074074,30.0557172582721,24,3
415.540145985401,210.14598540146,22.0533041765874,60,3
416.985294117647,209.367647058824,19.8252524344671,39,3
421.007575757576,207.568181818182,30.2623106470165,98,3
425.048,205.656,18.741348869837,79,3
427.192307692308,205.007692307692,7.32269989981006,47,3
431.451612903226,204.443548387097,-0.201255190154865,80,3
433.679389312977,204.030534351145,7.57260265417883,43,3
437.943262411348,203.425531914894,24.5691524909063,82,3
442.24427480916,202.328244274809,11.7348286238231,82,3
443.867647058824,202.051470588235,5.08704118425129,33,3
448.171875,201.71875,-4.30134215677883,80,3
450.296875,201.828125,-5.72792072507801,42,3
453.977099236641,202.290076335878,4.10092283152709,63,3
457.12213740458,202.656488549618,-1.49011874448683,60,3
458.8,202.648,-9.84077163330518,30,3
462.071428571429,203.468253968254,-25.5535975413643,59,3
463.229007633588,203.641221374046,-31.5604377676891,33,3
465.777777777778,204.459259259259,-27.2398554557206,48,3
468.285714285714,205.466165413534,-15.8084225364533,52,3
469.87786259542,206.221374045802,-12.4679468723397,30,3
472.245901639344,206.565573770492,-13.4030081424747,47,3
474.317073170732,207.154471544715,-25.1539841892105,39,3
477,208.305785123967,-41.3658255514969,58,3
479.438016528926,209.768595041322,-37.0258536319322,52,3
480.520661157025,210.462809917355,-32.1776464701734,28,3
482.849206349206,211.880952380952,-25.0265984860582,51,3
483.544,212.424,-25.9935797848887,27,3
486.611570247934,214.157024793388,-43.0639199239871,62,3
488.666666666667,215.752136752137,-56.5207369078185,58,3
489.762711864407,216.771186440678,-52.365486117897,29,3
491.588235294118,218.756302521008,-43.1025913262437,47,3
492.261904761905,219.277777777778,-39.2521771994259,23,3
493.953125,221.078125,-34.5764544019866,60,3
496.299212598425,222.952755905512,-46.5648975673951,53,3
497.314049586777,223.743801652893,-51.4712579453129,36,3
499.739130434783,226.147826086957,-58.48616793734,60,3
500.945945945946,227.576576576577,-59.5276305571528,34,3
502.380165289256,229.223140495868,-46.8400997919108,50,3
504.422764227642,231.756097560976,-37.5068492039716,64,3
505.920353982301,232.982300884956,-40.9762248361508,32,3
507.529411764706,234.53781512605,-47.3999853582164,50,3
508.6,235.725,-58.6760671438608,37,3
510.754098360656,237.762295081967,-59.8596695263389,64,3
512.377952755906,239.661417322835,-52.1362379868822,53,3
513.433070866142,241.07874015748,-41.4105987355821,46,3
516.025,243.325,-34.8930626020768,69,3
516.688,244.288,-38.8004799552612,31,3
518.608,246.168,-56.6450200599052,62,3
520.942148760331,248.619834710744,-66.6822108242099,72,3
521.782258064516,249.709677419355,-64.3880521177968,31,3
523.130769230769,251.769230769231,-54.3962008799596,54,3
523.838235294118,252.786764705882,-50.5314142559638,34,3
525.75,255.716666666667,-50.2039888883452,68,3
527.126050420168,257.731092436975,-63.7284838443358,53,3
527.794642857143,258.5625,-65.1821730879229,29,3
529.703389830509,261.889830508475,-70.1449451009709,74,3
530.313559322034,262.957627118644,-65.2954819047305,30,3
531.456692913386,265.015748031496,-54.3042857542902,51,3
532.596899224806,267.333333333333,-50.1818128563198,66,3
533.5,268.724137931034,-51.8651262995204,31,3
535.579831932773,271.067226890756,-68.6609962502759,69,3
536.147540983607,271.983606557377,-73.2079149879706,37,3
537.253846153846,274.069230769231,-71.2052794935051,42,3
538.537878787879,276.037878787879,-59.9354759665567,52,3
539.066115702479,277.157024793388,-49.7127716246176,25,3
540.921052631579,280.184210526316,-48.5382277819409,71,3
541.764705882353,281.521008403361,-54.106948188698,29,3
543.161290322581,283.241935483871,-70.5048198279419,55,3
544.790322580645,285.516129032258,-74.8561020994773,58,3
545.226890756303,286.554621848739,-70.7652892118712,23,3
546.467213114754,288.418032786885,-61.1414570222407,53,3
547.046875,290.046875,-54.9472660312813,42,3
548.549180327869,292.795081967213,-52.6844878290435,62,3
549.777777777778,294.738095238095,-65.1249813779346,48,3
550.579831932773,295.882352941176,-70.326626912325,37,3
552.00826446281,298.223140495868,-75.4827720956244,58,3
552.5546875,299.6640625,-76.2985939815711,33,3
553.53488372093,301.604651162791,-62.7820739057815,55,3
554.58064516129,304.403225806452,-55.4160763451584,67,3
555.577586206897,306,-57.7584571549102,32,3
556.719008264463,307.818181818182,-68.2060474561796,47,3
557.432,308.992,-75.0142036835142,34,3
558.840336134454,311.53781512605,-81.8560348623976,60,3
559.785123966942,313.818181818182,-72.3085744916737,52,3
560.04347826087,314.669565217391,-63.0124055485833,26,3
561.157024793388,317.421487603306,-56.171402173097,64,3
561.713114754098,318.762295081967,-56.7861792014075,27,3
563.04958677686,321.123966942149,-69.2677560765974,53,3
564.470588235294,323.327731092437,-80.263587244409,62,3
565.04347826087,324.373913043478,-76.3802998807235,28,3
565.90756302521,326.487394957983,-68.7507583199337,44,3
566.314516129032,327.612903225806,-64.7790683539281,25,3
567.471074380165,330.157024793388,-54.3314918470518,63,3
568.846153846154,332.854700854701,-60.5334991765291,52,3
569.517857142857,333.866071428571,-65.9548381896345,25,3
570.745614035088,336.157894736842,-77.9689302163444,46,3
571.298387096774,337.241935483871,-79.523026316731,30,3
572.098360655738,339.040983606557,-74.3249617390678,40,3
573.07874015748,341.409448818898,-60.4977910079742,53,3
573.429752066116,342.297520661157,-58.7505699882341,28,3
574.719298245614,344.842105263158,-56.840151942413,49,3
575.268292682927,346.178861788618,-64.2159055884115,29,3
576.421487603306,348.289256198347,-77.9794128157608,46,3
577.496,350.32,-82.9332074389652,50,3
577.935483870968,351.766129032258,-77.531808203809,29,3
578.578947368421,353.443609022556,-69.4497821487089,43,3
578.80303030303,354.507575757576,-63.2460109468994,25,3
579.712,356.784,-61.3649719870759,55,3
580.685483870968,359.072580645161,-64.0888154253837,49,3
581.417391304348,360.113043478261,-71.73080369681,23,3
582.284482758621,362.086206896552,-75.8248240739217,45,3
583,363.317073170732,-77.5378567210512,29,3
583.562962962963,364.918518518519,-71.2220478217909,30,3
584.589147286822,367.248062015504,-58.354377833268,54,3
585.041666666667,368.183333333333,-55.3943101447558,21,3
586.438596491228,370.535087719298,-56.8425063172182,44,3
586.69918699187,371.707317073171,-62.4461953379324,25,3
588.406779661017,374.110169491525,-77.8633646610706,59,3
589.385826771654,375.842519685039,-79.0315114961834,37,3
589.736,376.936,-75.7475945321565,24,3
590.612903225806,378.733870967742,-68.4172939752687,41,3
590.782258064516,379.596774193548,-66.7490520965459,24,3
591.844827586207,381.991379310345,-63.2746875115582,50,3
592.875,384.339285714286,-72.0556584605121,40,3
593.4375,385.125,-76.0137446929594,24,3
594.396551724138,387.405172413793,-83.2338805199733,44,3
594.73275862069,388.318965517241,-83.5938086729017,18,3
595.149122807018,389.964912280702,-77.159178467574,30,3
595.612068965517,391.76724137931,-67.1234592993005,40,3
595.877358490566,392.235849056604,-64.3705912799304,20,3
596.696078431373,395.078431372549,-66.2389767098166,44,3
597.06,396.23,-69.9100975774686,20,3
598.051020408163,398.448979591837,-81.3311089286906,42,3
598.536082474227,399.134020618557,-82.2026444071764,25,3
598.866666666667,399.228571428571,-81.74431927518,18,3
599.46875,399.9375,-74.2689330717125,31,3
599.714285714286,400.081632653061,-69.4524227027882,16,3
600.09375,400.302083333333,-62.7919498719558,36,3
600.877777777778,401.1,-54.284591868517,36,3
601.362637362637,401.450549450549,-52.8067239665702,15,3
NaN,NaN,NaN,91,3
402.248062015504,259.922480620155,-19.8768158754118,NaN,4
402.325396825397,259.944444444444,-20.7779214610917,3,4
402.275590551181,259.944881889764,-20.4461440739139,1,4
402.269841269841,259.992063492063,-21.4406229285443,3,4
402.285714285714,259.912698412698,-20.4229224142631,4,4
402.181102362205,259.913385826772,-19.5224188298404,3,4
402.133858267717,259.874015748031,-19.6534399024032,4,4
402.325396825397,259.944444444444,-20.7779214610917,5,4
402.259842519685,259.937007874016,-20.6826525613162,3,4
402.1875,259.921875,-20.3585584412882,1,4
402.157480314961,259.944881889764,-20.499656762016,5,4
402.238095238095,259.968253968254,-20.8180680532171,3,4
402.288,259.968,-21.1466933573942,1,4
402.228346456693,259.944881889764,-20.1377007159309,4,4
402.128,259.968,-21.0450466487974,2,4
402.296,259.92,-20.1743427051062,4,4
402.248062015504,260.007751937984,-20.4285618864214,4,4
402.217054263566,259.984496124031,-20.200084563794,2,4
402.157480314961,259.944881889764,-20.499656762016,2,4
402.214285714286,259.944444444444,-20.9341834339104,1,4
402.296875,259.9140625,-20.3111029297064,2,4
402.325396825397,259.944444444444,-20.7779214610917,2,4
402.362204724409,259.929133858268,-20.5485973150381,3,4
402.2109375,259.9375,-20.5958102669201,3,4
402.362204724409,259.929133858268,-20.5485973150381,3,4
402.451612903226,259.967741935484,-21.3673165305998,3,4
402.230158730159,259.960317460317,-21.3190156294372,6,4
402.178861788618,259.837398373984,-20.3418636686748,3,4
402.186046511628,259.961240310078,-19.8710597627534,6,4
402.25,259.96875,-20.2484485627147,1,4
402.214285714286,259.912698412698,-19.3596194757232,6,4
402.2890625,259.90625,-21.0425651846652,10,4
401.984732824427,259.687022900763,-22.1410305170127,9,4
401.595588235294,259.551470588235,-21.7101977907124,13,4
401.659259259259,259.585185185185,-21.7206113366028,9,4
402.564516129032,260.016129032258,0.133539582844439,55,4
401.632352941176,259.779411764706,26.8656702470399,46,4
402.227941176471,259.558823529412,36.7498887888235,34,4
403.916666666667,258.568181818182,39.8216311626583,54,4
404.451851851852,257.659259259259,34.2916822440581,31,4
406.299270072993,255.963503649635,13.3976939177716,76,4
409.291338582677,254.771653543307,14.0088956596062,70,4
411.007692307692,254.323076923077,21.2517751107914,47,4
414.398305084746,252.85593220339,21.3553948853504,72,4
416.173553719008,252.280991735537,9.42340650876305,39,4
419.224137931034,251.448275862069,-6.21000036595098,79,4
422.170731707317,251.130081300813,-0.329642692163176,57,4
423.380165289256,251.347107438017,7.27837272497651,32,4
426.41592920354,250.929203539823,28.6356101237577,64,4
427.29203539823,250.87610619469,35.5367839340639,24,4
429.877358490566,249.490566037736,44.3417338581802,47,4
430.841666666667,248.875,37.1258882441069,32,4
431.705882352941,247.974789915966,31.0057929607061,31,4
433.311475409836,246.459016393443,26.5195430559485,41,4
433.992125984252,245.834645669291,30.7262500228749,21,4
434.984732824427,245.320610687023,46.2640399909333,36,4
436.633333333333,243.975,73.4892426622428,45,4
437.076271186441,243.016949152542,81.3404675986582,26,4
437.884955752212,240.646017699115,88.0209187748692,43,4
438.196581196581,239.726495726496,89.5520111933601,22,4
438.605042016807,237.882352941176,78.1415271101737,36,4
439.112068965517,235.327586206897,69.6739817387195,53,4
439.660377358491,234.433962264151,67.5840033456797,24,4
440.570093457944,232.317757009346,70.289133525036,39,4
441.081818181818,230.645454545455,77.7281479700558,25,4
441.771929824561,228.640350877193,87.9973677623119,42,4
442.521367521367,226.307692307692,-87.4817060523042,45,4
442.747899159664,225.394957983193,-89.280365645857,18,4
442.933333333333,223.275,85.4852630309251,37,4
443.077586206897,222.293103448276,81.7637670128135,20,4
443.222222222222,219.935185185185,77.9862228720328,38,4
443.152380952381,217.87619047619,83.1280618998633,31,4
443.31067961165,216.68932038835,-89.9356914717172,20,4
442.964285714286,215.392857142857,-81.1413362896243,33,4
442.953703703704,214.611111111111,-77.7077114691455,18,4
442.5,213.289473684211,-76.2593918286263,30,4
442.180327868852,211.647540983607,-79.838938701645,26,4
441.862068965517,211.068965517241,-83.7032546128006,20,4
441.324786324786,209.153846153846,-89.1264522261336,39,4
441,208.044642857143,88.7488615578264,23,4
440.5,206.094339622642,-89.0634563406625,36,4
440.349514563107,203.320388349515,-79.4238875460956,37,4
440.095238095238,202.619047619048,-79.6084544449493,16,4
439.916666666667,200.814814814815,-78.3708625577885,25,4
439.834862385321,200.110091743119,-79.3145445692718,17,4
439.561403508772,198.342105263158,-83.5027135787367,33,4
439.153846153846,196.125,89.1868932688174,40,4
438.934579439252,195,-89.2414462322831,21,4
438.598130841121,192.943925233645,-84.4994609743796,34,4
438.467289719626,192.009345794393,-78.2047222317362,18,4
437.9,189.918181818182,-68.6589969769482,37,4
437.490566037736,188.047169811321,-66.8280052744219,38,4
437.07476635514,186.92523364486,-70.6190198094197,19,4
436.432432432432,185.144144144144,-78.1012410723778,32,4
436.194444444444,184.157407407407,-80.9732529996324,21,4
435.504854368932,181.941747572816,-87.4244487336833,41,4
435.102803738318,180.158878504673,-80.9390643467279,28,4
435.018348623853,179.688073394495,-76.7685514350758,12,4
434.469026548673,177.938053097345,-68.4245716009585,38,4
434.061403508772,176.482456140351,-66.3656864482216,25,4
433.508928571429,174.625,-67.85496976814,32,4
432.839285714286,172.571428571429,-78.9083622720251,34,4
432.48623853211,171.816513761468,-83.5457678827033,21,4
431.822429906542,169.96261682243,-86.3813608373608,36,4
431.594594594595,168.63963963964,-88.7002281305494,26,4
431.201680672269,167.168067226891,-84.167806693986,30,4
430.87610619469,164.83185840708,-75.9551622300336,40,4
430.62037037037,163.703703703704,-72.9382902492131,19,4
430.373831775701,161.971962616822,-72.6891301418829,37,4
430.216216216216,161.063063063063,-75.6966568763447,16,4
429.87610619469,159.150442477876,-81.097571466362,32,4
429.43119266055,157.440366972477,-87.5128683002379,32,4
429.272727272727,156.554545454545,-85.6650557654085,17,4
428.991150442478,154.504424778761,-86.0074399720214,35,4
428.973451327434,153.867256637168,-84.3011705145151,16,4
428.491071428571,152.3125,-77.2283543060557,33,4
428.158878504673,150.532710280374,-74.2773924516632,35,4
428.038461538462,149.817307692308,-73.0085378671726,13,4
427.572727272727,148.209090909091,-75.3768962593227,30,4
427.333333333333,147.576576576577,-77.0354243433673,17,4
426.971962616822,145.831775700935,-84.0458612556792,28,4
426.594339622641,144.216981132075,-87.0986440558028,29,4
426.542857142857,143.828571428571,-87.3187064959586,9,4
426.209090909091,142.1,-83.7942259998536,31,4
426.045454545455,141.354545454545,-81.194926907858,12,4
425.672727272727,139.718181818182,-74.2850513452201,34,4
425.396226415094,138.207547169811,-71.6090543772521,26,4
425.247619047619,137.619047619048,-69.7838079281485,15,4
424.925925925926,136.009259259259,-73.7084256796904,31,4
424.733944954128,135.192660550459,-76.4139278450322,15,4
424.321100917431,133.724770642202,-82.2086867802877,30,4
423.952380952381,132.342857142857,-85.9453324598005,30,4
423.67619047619,131.666666666667,-84.8741409846424,14,4
423.358490566038,130.037735849057,-80.2548300891901,29,4
423.261261261261,129.54954954955,-79.1300174891499,11,4
422.981818181818,128.1,-76.3488870945813,31,4
422.650943396226,126.405660377358,-72.5302926005,30,4
422.442307692308,125.663461538462,-71.327146452063,12,4
422.057142857143,124.152380952381,-75.2733189928857,25,4
421.809523809524,123.447619047619,-77.7080432471117,14,4
421.6,122.361904761905,-82.9873388936392,24,4
421.22641509434,120.933962264151,-86.9627455889304,29,4
421.138888888889,120.333333333333,-85.8462391686383,14,4
420.818181818182,118.972727272727,-83.4629992139503,28,4
420.657657657658,118.540540540541,-82.4303869704191,11,4
420.27358490566,116.698113207547,-76.5051946011534,33,4
419.941176470588,115.470588235294,-74.8279933286491,24,4
419.885714285714,114.495238095238,-75.9603749778611,17,4
419.695238095238,113.47619047619,-76.9285092606778,24,4
419.672897196262,112.96261682243,-78.6192066426933,10,4
419.460784313725,111.725490196078,-82.5772147436585,23,4
419.095238095238,110.314285714286,-86.8954174384364,25,4
418.774509803922,110,-88.1248032893566,17,4
418.574257425743,108.188118811881,-85.3827726608287,31,4
418.49,107.44,-84.7421757332208,11,4
418.201923076923,106.269230769231,-79.5179022847522,22,4
417.970873786408,104.78640776699,-76.9085113254461,25,4
417.960784313725,104.372549019608,-76.6279406162245,11,4
417.685714285714,102.714285714286,-77.591017870057,25,4
417.615384615385,102.221153846154,-78.7303000571882,9,4
417.471153846154,100.788461538462,-82.7403365616887,24,4
417.329896907216,99.4536082474227,-85.1040362672741,31,4
417.197916666667,98.7291666666667,-86.3565067231647,15,4
416.878787878788,97.5959595959596,-87.9474564303496,19,4
416.785714285714,97.1938775510204,-87.3629464304225,11,4
416.515463917526,96.3505154639175,-84.1176342775482,15,4
416.376470588235,95.8588235294118,-84.8890795730441,30,4
416.313253012048,94.3012048192771,-81.8314414119766,26,4
415.9125,91,-72.3826540545879,43,4
415.793103448276,90.7816091954023,-74.8898327698176,9,4
415.648351648352,89.7802197802198,-78.1874004137259,16,4
415.52688172043,89,-83.0862136411988,14,4
415.644444444444,89.1777777777778,-81.6609253903464,9,4
416.039215686275,90.6666666666667,-76.331986928642,24,4
415.841584158416,90.5544554455445,-75.8152592868866,7,4
415.871287128713,90.4059405940594,-77.1321509985732,12,4
415.724137931034,90.2528735632184,-76.4543599500428,26,4
415.354166666667,89.90625,-77.2356985128917,19,4
415.203703703704,89.8981481481482,-76.6920886731878,24,4
415.247787610619,89.9115044247788,-74.8413501755105,11,4
415.165137614679,90.9633027522936,-72.6865974966928,30,4
