404.209183673469,243.178571428571,-18.9087863836553,NaN,1
404.384615384615,243.205128205128,-19.1764601406812,9,1
404.405128205128,243.215384615385,-18.6179362962403,10,1
404.540404040404,243.171717171717,-18.8229194685908,7,1
404.555555555556,243.227272727273,-18.370667675456,6,1
404.686868686869,243.20202020202,-19.0377619625353,8,1
404.638190954774,243.251256281407,-18.3224804808202,9,1
404.746268656716,243.323383084577,-18.1162869404011,8,1
404.708542713568,243.346733668342,-18.4585213018736,8,1
404.51,243.21,-17.8779509745461,13,1
404.446700507614,243.172588832487,-19.0883389134044,13,1
404.727722772277,243.282178217822,-18.8125436493956,9,1
404.791044776119,243.333333333333,-18.0353048424802,11,1
404.67,243.245,-18.348350694634,11,1
404.70351758794,243.396984924623,-18.2232306880585,9,1
404.619289340102,243.284263959391,-18.1849426597161,6,1
404.616161616162,243.252525252525,-18.3502960110979,7,1
404.450777202073,243.238341968912,-18.3401143976798,9,1
404.641791044776,243.258706467662,-18.3295066512081,10,1
404.628712871287,243.287128712871,-18.4928147174804,9,1
404.517766497462,243.192893401015,-18.3842509347489,15,1
404.472361809045,243.211055276382,-18.4852081002935,6,1
404.433673469388,243.255102040816,-18.8075615990281,9,1
404.837438423645,243.354679802956,-18.6776530310318,7,1
404.51269035533,243.284263959391,-18.7574516251304,10,1
404.618090452261,243.311557788945,-18.8210639823032,8,1
404.492385786802,243.406091370558,-18.5913405379853,8,1
404.616161616162,243.439393939394,-18.920522964968,7,1
404.927184466019,243.422330097087,-17.8200330930404,14,1
404.835,243.4,-18.3915885338593,8,1
404.768472906404,243.320197044335,-18.7814815882594,11,1
404.807881773399,243.418719211823,-18.52012488713,10,1
404.756218905473,243.398009950249,-18.3919605535001,8,1
404.920792079208,243.415841584158,-18.9644275073692,11,1
405.287081339713,243.789473684211,-20.9420946576233,17,1
405.516431924883,243.840375586854,-20.8532209905765,8,1
405.523148148148,243.851851851852,-21.1676509141142,11,1
405.607305936073,243.803652968037,-20.9550814574821,21,1
405.359813084112,243.757009345794,-20.7030762865589,23,1
405.937219730942,243.946188340807,-21.385488495724,33,1
405.788546255507,244.444933920705,-35.5400246262228,110,1
405.382608695652,244.747826086957,-56.0585431778434,69,1
404.825112107623,243.775784753363,-68.3603213909095,89,1
403.776119402985,240.577114427861,-73.7239231447549,116,1
403.912621359223,239.203883495146,-62.667901112526,61,1
403.610576923077,236.538461538462,-49.523976191187,104,1
402.728571428571,234.766666666667,-47.0319314653232,64,1
400.420212765957,231.707446808511,-47.9054404659793,92,1
398.505494505494,229.587912087912,-63.8164520382931,68,1
398.257894736842,229.157894736842,-70.6988103419909,34,1
397.217616580311,227.466321243523,87.0048378384105,83,1
396.676136363636,226.409090909091,75.0381915579528,37,1
397.01226993865,224,62.3731600891955,61,1
397.285714285714,223.461538461538,64.0293054589282,37,1
397.569832402235,222.905027932961,63.0152373427215,19,1
398.284946236559,222.069892473118,65.9929291326927,45,1
398.762711864407,221.689265536723,66.8228489235694,23,1
399.618784530387,220.85635359116,70.5228508833191,54,1
400.236263736264,219.587912087912,74.2049959628908,41,1
400.612021857923,219.120218579235,75.1061574318994,23,1
401.218579234973,217.737704918033,76.7956106499852,36,1
401.458100558659,217.094972067039,77.1386118518414,12,1
402.066666666667,215.472222222222,77.0251475054265,39,1
402.381215469613,214.276243093923,75.1507275095919,25,1
402.664864864865,213.578378378378,73.6794474240119,20,1
402.949720670391,212.508379888268,71.0527675047503,22,1
403.182320441989,211.78453038674,69.8361401602425,24,1
403.587570621469,210.265536723164,67.1003659056995,30,1
403.804469273743,209.335195530726,67.3329803610168,28,1
404.046242774566,208.913294797688,67.4226044959308,12,1
404.475409836066,207.75956284153,68.7702396995667,32,1
404.747191011236,207.213483146067,69.7157078351453,15,1
405.201183431953,206.029585798817,72.3819550752559,31,1
405.633720930233,204.93023255814,75.0153691866253,27,1
405.843373493976,204.325301204819,77.0699283588854,18,1
406.258823529412,202.876470588235,76.6999514055813,32,1
406.317073170732,202.292682926829,78.5245719151259,20,1
406.592592592593,201.191358024691,78.0054681437845,22,1
407.042944785276,199.730061349693,76.208596910437,31,1
407.139240506329,199.335443037975,75.025170040691,11,1
407.48502994012,198.071856287425,72.511173988949,25,1
407.573964497041,197.733727810651,71.2653823912047,8,1
407.757225433526,196.820809248555,69.4632297055551,20,1
408.023529411765,195.970588235294,69.6450119433852,25,1
408.196531791907,195.294797687861,69.541314442527,17,1
408.393063583815,194.508670520231,69.664610844955,22,1
408.612359550562,193.977528089888,69.9124887560662,15,1
408.96,193.091428571429,69.759044439123,21,1
409.110497237569,192.46408839779,70.3020459393265,14,1
409.366120218579,191.825136612022,70.4457848669219,18,1
409.772222222222,191.044444444444,70.9424869009589,21,1
409.842696629213,190.747191011236,71.0689612296353,12,1
410.051428571429,189.651428571429,71.3572088610419,19,1
410.522471910112,188.578651685393,69.8183995074001,23,1
410.554285714286,188.554285714286,69.5365624661625,9,1
410.819672131148,187.715846994536,69.5886261587417,18,1
410.861878453039,187.491712707182,69.3967169552766,8,1
411.259668508287,186.602209944751,67.9739382506734,20,1
411.421348314607,186.252808988764,68.0830029394985,17,1
411.621468926554,185.61581920904,67.5738917042688,11,1
411.842696629213,185.084269662921,68.1247239631286,11,1
412.052023121387,184.57225433526,66.8877886158132,13,1
412.268156424581,183.843575418994,66.8554936631948,16,1
412.553672316384,183.276836158192,66.2089267983238,16,1
412.568965517241,183.086206896552,66.2563609819043,7,1
412.781609195402,182.540229885057,66.3507306252571,12,1
412.943820224719,182.151685393258,65.4999037072685,10,1
413.08938547486,181.815642458101,65.2650097311743,7,1
413.361581920904,181.271186440678,65.1600826240407,14,1
413.415730337079,181.11797752809,65.1979773981084,11,1
413.642458100559,180.720670391061,64.850446962298,11,1
413.876404494382,180.134831460674,64.8140017101831,11,1
414.187134502924,179.409356725146,63.9635485106399,17,1
414.479532163743,178.748538011696,63.971931412716,14,1
414.537572254335,178.566473988439,64.641609917924,6,1
414.713450292398,178.228070175439,63.882688769837,8,1
414.788571428571,178.142857142857,64.0666925164598,8,1
415.06936416185,177.589595375723,63.9996238278469,14,1
415.220338983051,177.152542372881,63.455760914699,14,1
415.36,176.92,63.7633194963799,8,1
415.476744186047,176.523255813953,63.9648043843992,11,1
415.624277456647,176.21387283237,64.338831872203,7,1
415.781609195402,175.919540229885,64.1188296810908,7,1
416.081871345029,175.368421052632,63.3845730389785,13,1
416.274285714286,175.028571428571,63.5943808939507,8,1
416.434285714286,174.605714285714,63.7624393974831,8,1
416.491228070175,174.385964912281,63.900431583407,10,1
416.575581395349,174.162790697674,63.8834006890349,7,1
416.697674418605,173.802325581395,63.9597248708578,10,1
416.765714285714,173.748571428571,63.7166766552926,7,1
417.147727272727,173.0625,63.1433142182081,17,1
417.171428571429,172.914285714286,64.0202964429496,5,1
417.331395348837,172.744186046512,63.1035928391485,7,1
417.526011560694,172.248554913295,63.6681339651794,13,1
417.470930232558,172.406976744186,63.2265366684311,9,1
417.817142857143,171.765714285714,62.8678822957757,17,1
417.85632183908,171.649425287356,62.7544818907538,7,1
417.960451977401,171.542372881356,62.141451916694,7,1
418.083798882682,171.217877094972,62.2775211871177,10,1
418.213483146067,171.050561797753,62.6632394898168,5,1
418.462857142857,170.6,62.5178393360497,11,1
418.482954545455,170.568181818182,62.4720912798349,7,1
418.687150837989,170.067039106145,62.3013460394795,15,1
418.813559322034,169.779661016949,61.5527057872079,8,1
418.857142857143,169.697142857143,61.7806111947146,6,1
418.768361581921,169.785310734463,61.6151458210699,8,1
418.971428571429,169.348571428571,61.9301882898938,8,1
419.112994350282,169.011299435028,62.1270417856381,8,1
419.238888888889,168.866666666667,62.1847149780402,5,1
419.303867403315,168.806629834254,62.0081044630833,3,1
419.377777777778,168.672222222222,61.38361741404,9,1
419.437158469945,168.387978142076,61.74647142784,9,1
419.731843575419,167.804469273743,61.1660399094017,14,1
419.755555555556,167.777777777778,60.9360768694695,5,1
419.743016759777,167.675977653631,61.1883808909629,5,1
420.027777777778,167.105555555556,61.0000656069919,9,1
420.039106145251,167.061452513966,60.8690543588005,1,1
420.082872928177,167.038674033149,61.1272482864661,4,1
420.237569060773,166.618784530387,60.8836945202435,14,1
420.296089385475,166.541899441341,60.5072882748399,6,1
420.331460674157,166.331460674157,60.4861046518057,7,1
420.456043956044,166.192307692308,60.4904559372476,6,1
420.55,165.938888888889,60.520117786889,6,1
420.629834254144,165.85635359116,60.2659757252915,3,1
420.68306010929,165.666666666667,60.6115699623898,8,1
420.827027027027,165.443243243243,60.7733363495704,6,1
420.972222222222,165.172222222222,59.9977249751026,7,1
420.891304347826,165.326086956522,60.3367958775774,6,1
421,165.021739130435,60.2369493479751,8,1
NaN,NaN,NaN,184,1
391.710059171598,240.461538461538,-83.0063105347218,NaN,2
391.701754385965,240.538011695906,-82.8213144436334,2,2
391.611764705882,240.476470588235,-82.7342606351812,5,2
391.728323699422,240.479768786127,-82.7537184364295,9,2
391.748538011696,240.80701754386,-81.9264696147193,8,2
391.770114942529,240.741379310345,-81.9746268294172,5,2
391.763005780347,240.64161849711,-82.1269753392779,5,2
391.811428571429,240.754285714286,-81.3902478101151,6,2
391.75,240.656976744186,-81.5874052934669,9,2
391.824175824176,240.818681318681,-80.2893111519043,28,2
391.695652173913,240.763285024155,84.8020107121903,93,2
391.655462184874,241.247899159664,80.4517390987033,53,2
392.091911764706,241.216911764706,18.2765547170983,106,2
392.61433447099,241.235494880546,17.0375765149683,65,2
396.936974789916,240.31512605042,25.2707408973574,167,2
400.308016877637,238.227848101266,43.2933401055717,123,2
402.50643776824,236.570815450644,45.0402719944342,80,2
409.904411764706,227.830882352941,13.1824025253238,241,2
411.405063291139,226.651898734177,9.3432829934648,62,2
414.702857142857,224.074285714286,12.0041190250193,119,2
418.85,222.061111111111,12.4981496644671,129,2
421.289772727273,221.335227272727,8.26125654986637,54,2
425.685863874346,220.324607329843,3.37112870534628,95,2
427.849514563107,220.252427184466,4.44300063979339,53,2
431.047008547009,220.320512820513,7.55377541254591,100,2
436.334862385321,220.233944954128,7.62468136464126,126,2
438.261467889908,220.082568807339,4.6392567484933,44,2
441.502304147465,219.741935483871,-0.920195931983878,75,2
443.101851851852,219.407407407407,-3.44541274312708,49,2
447.235023041475,218.921658986175,-9.12597998815475,93,2
450.470873786408,218.888349514563,-12.1185133403459,77,2
452.816326530612,219.168367346939,-13.1385065707411,54,2
456.248704663212,219.440414507772,-23.9928003046687,89,2
458.129032258065,219.806451612903,-31.9392862484862,49,2
460.978142076503,221.103825136612,-41.4403722883948,71,2
462.625641025641,222.420512820513,-43.513552975744,52,2
463.182741116751,222.928934010152,-40.9514840356283,24,2
465.24154589372,224.932367149758,-38.9463532268185,70,2
466.222772277228,226.173267326733,-35.9650969509313,43,2
468.100502512563,227.894472361809,-32.6942342943446,69,2
470.075,229.38,-34.6203213131137,63,2
471.195767195767,230.306878306878,-37.1134487863955,45,2
472.562841530055,231.568306010929,-38.2143659515474,46,2
473.345177664975,232.619289340102,-40.5360823373384,42,2
475.391534391534,234.597883597884,-37.9285078687382,86,2
476.885572139303,236.129353233831,-36.0721282065549,74,2
477.779487179487,236.887179487179,-34.4775796031878,48,2
480.295081967213,238.912568306011,-31.4118017814643,78,2
481.397790055249,239.662983425414,-31.8842730644964,28,2
484.081395348837,241.720930232558,-37.3064820568363,65,2
486.1875,243.323863636364,-40.532505406065,48,2
486.917127071823,243.883977900552,-39.5352041997467,27,2
488.632768361582,245.282485875706,-37.2948682229488,46,2
489.659217877095,246.083798882682,-35.2652308254398,28,2
491.788571428571,247.725714285714,-30.8752309230272,58,2
494.132947976879,249.468208092486,-29.36809188285,70,2
495.569696969697,250.290909090909,-29.979761885689,30,2
497.182352941176,251.682352941176,-33.4155355548287,49,2
498.703488372093,252.924418604651,-39.1294031543618,36,2
500.314285714286,254.251428571429,-38.7171766546101,49,2
502.427027027027,255.745945945946,-35.4012557074984,48,2
503.091954022988,256.390804597701,-32.6448410846852,31,2
492.5,248,0,58,2
506.077777777778,258.683333333333,-32.2172363977223,38,2
508.382857142857,260.388571428571,-36.6914268272144,61,2
510.363095238095,262.232142857143,-43.841205443593,57,2
511.035087719298,262.87134502924,-42.4121693737336,23,2
512.92,264.68,-45.3550377174568,58,2
514.063829787234,265.56914893617,-44.8854654824961,35,2
515.455026455026,266.761904761905,-42.6174551189528,45,2
516.880829015544,268.455958549223,-41.9117722342071,56,2
517.657303370787,269.168539325843,-39.8402139082847,31,2
519.624277456647,271.028901734104,-42.9577548552387,51,2
520.485549132948,272.138728323699,-45.8817971384665,40,2
522.60843373494,274.144578313253,-52.9988832275924,55,2
524.236994219653,275.867052023121,-56.8391822883853,53,2
524.670520231214,276.439306358381,-53.7036747359095,26,2
526.182320441989,278.116022099447,-53.3682343983406,50,2
526.829787234043,278.845744680851,-52.9398146157505,33,2
528.125654450262,280.424083769634,-52.0423761257332,51,2
529.74011299435,282.587570621469,-50.7347482680037,58,2
530.641176470588,283.652941176471,-51.3128504667721,31,2
532.358823529412,285.570588235294,-57.3567747191722,56,2
533.21686746988,286.873493975904,-58.8624930161202,36,2
534.738636363636,288.943181818182,-63.7251587689332,52,2
535.939890710383,290.524590163934,-61.9537770425912,49,2
536.308510638298,291.31914893617,-60.7056506829578,23,2
537.232323232323,292.530303030303,-58.5854871535461,46,2
537.684466019418,293.179611650485,-57.7186785350888,28,2
539.051546391753,295.335051546392,-55.7265708525608,62,2
540.068783068783,297.037037037037,-56.1800409737626,53,2
541.07650273224,298.650273224044,-59.6326734007565,38,2
542.211111111111,300.405555555556,-62.7820451184569,45,2
542.814207650273,301.327868852459,-64.7695290870775,27,2
544.005376344086,303.102150537634,-65.7033573604141,47,2
544.642857142857,304.285714285714,-64.8021384901664,38,2
545.020202020202,304.944444444444,-63.6066405858355,26,2
545.980099502488,306.756218905473,-62.8054697382725,49,2
546.47,307.605,-61.5809735541209,23,2
547.198979591837,309.015306122449,-62.863476506858,42,2
548.185929648241,311,-62.4510596610041,57,2
548.765,312.06,-64.4385863727392,33,2
549.984848484848,314.186868686869,-67.5299648456146,54,2
550.406091370558,315.106598984772,-69.1140866099141,23,2
551.408376963351,316.858638743456,-69.7244752791469,46,2
552.11,318.34,-67.5110200702113,37,2
552.45,319.02,-65.9692863544255,20,2
553.26,320.73,-64.4731254410093,42,2
553.450980392157,321.151960784314,-65.2239175220104,20,2
554.282828282828,323.010101010101,-64.2774787005135,46,2
554.968421052632,324.452631578947,-64.7920001861795,42,2
555.685082872928,325.425414364641,-65.9920598693302,27,2
556.651428571429,327.371428571429,-69.2391475742983,50,2
557.148571428571,328.337142857143,-70.8730457366616,24,2
558.017045454545,330,-71.6433292917469,43,2
558.489247311828,331.096774193548,-69.6686234212276,34,2
558.728260869565,331.657608695652,-68.4849086769536,16,2
559.204188481675,332.937172774869,-66.8947303807586,39,2
559.525252525253,333.348484848485,-66.1355596434374,19,2
560.165,334.745,-64.8480380418563,38,2
560.8,336.22,-63.6410690987027,42,2
561.158163265306,336.882653061225,-63.7909145290747,22,2
562.175531914894,339.143617021277,-65.2220061330778,50,2
562.537634408602,339.731182795699,-66.572157435975,20,2
563.474576271186,341.440677966102,-70.8589543594388,43,2
564.127777777778,342.75,-70.4334136747124,29,2
564.458563535912,343.375690607735,-70.6502052536494,15,2
565.026595744681,344.670212765957,-68.9710039154412,31,2
565.326315789474,345.131578947368,-67.8740389336068,16,2
565.884422110553,346.226130653266,-67.651165892841,33,2
566.314720812183,347.329949238579,-66.3520322957579,32,2
566.604060913706,347.934010152284,-66.1808179117284,24,2
567.047368421053,348.952631578947,-65.3476254643704,31,2
567.352040816327,349.714285714286,-65.3877062062123,16,2
567.929347826087,351.228260869565,-66.6766679545485,40,2
568.643617021277,352.5,-67.6589136215463,28,2
568.875,352.913043478261,-67.9076268891475,16,2
569.477777777778,354.255555555556,-70.7672355525832,36,2
569.701754385965,354.777777777778,-70.783252159389,19,2
NaN,NaN,NaN,171,2
397.076555023923,250.775119617225,56.4685293099,NaN,3
397.033653846154,250.826923076923,56.5316913408959,5,3
396.960975609756,250.951219512195,56.6030880434577,9,3
396.836633663366,251.148514851485,56.6471767429183,9,3
397.014563106796,250.81067961165,56.7931056112002,8,3
396.975490196078,250.970588235294,56.9922119692538,6,3
396.908212560386,250.985507246377,56.5024989645429,11,3
396.847290640394,251.034482758621,56.1683888426222,10,3
397.024875621891,251.019900497512,57.1927684637511,12,3
397.009900990099,251.163366336634,57.4821194854669,9,3
397.113861386139,251.133663366337,56.7030236951074,14,3
397.149758454106,251.004830917874,56.7071421938797,13,3
396.962962962963,252.285714285714,48.0572679544721,62,3
397.468899521531,251.909090909091,47.6330792082474,32,3
397.929203539823,251.41592920354,51.6896990161151,97,3
397.400900900901,251.45045045045,-72.5673938269664,92,3
397.768115942029,252.690821256039,-71.6713204484264,51,3
399.004608294931,256.493087557604,-84.0851686116472,118,3
399.486607142857,257.392857142857,85.4300538155811,47,3
398.809523809524,260.753246753247,59.4554347576964,161,3
394.651041666667,267.515625,68.8349189987248,211,3
392.820809248555,270.271676300578,76.5603652960665,77,3
390.277108433735,276.572289156626,39.5856050185729,157,3
388.94387755102,278.770408163265,36.2023548953284,86,3
384.641711229947,283.967914438503,44.2102630412902,155,3
380.649214659686,287.96335078534,57.3419576882508,134,3
378.769633507853,289.764397905759,44.5325512587433,60,3
374.666666666667,293.538011695906,22.8893425202185,126,3
371.782178217822,295.935643564356,31.4411212018514,87,3
366.475247524752,300.183168316832,47.8411112596109,146,3
361.63768115942,304.647342995169,42.9285127075469,149,3
359.464285714286,306.377551020408,31.3360264865449,63,3
354.375661375661,309.820105820106,30.4632843829157,143,3
351.885167464115,311.607655502392,40.7004465939336,74,3
347.159420289855,315.260869565217,49.1304375498443,128,3
343.195238095238,318.885714285714,42.8936116445004,115,3
341.816753926702,320.047120418848,35.7652776283778,45,3
338.291457286432,323.070351758794,35.6926323124525,108,3
336.53738317757,324.901869158879,40.5386249773903,61,3
332.735294117647,328.401960784314,48.6198552650572,110,3
329.990291262136,331.398058252427,46.6784759628579,92,3
328.544117647059,332.93137254902,42.347287049737,48,3
325.680628272251,335.910994764398,33.245407330901,87,3
324.28640776699,337.441747572816,36.3056442235356,49,3
321.283505154639,339.979381443299,43.9766838936304,84,3
318.726315789474,342.768421052632,48.5011686543513,84,3
317.193548387097,344.494623655914,46.8835539440268,46,3
315.020833333333,346.96875,39.7796161603775,78,3
314.085858585859,347.858585858586,37.7089251245228,36,3
311.904522613065,350.120603015075,37.5842909315093,69,3
309.861386138614,351.79702970297,46.4930588028085,65,3
308.584615384615,353.205128205128,47.8956016703656,45,3
305.971428571429,355.902857142857,45.1595729076145,76,3
304.882681564246,357.245810055866,42.0803943049536,40,3
303.425641025641,358.717948717949,35.8718292908255,54,3
301.881773399015,360.192118226601,36.6130089870276,70,3
300.941176470588,360.686274509804,37.7220221813784,35,3
298.460317460317,362.793650793651,46.8547221627233,73,3
296.96256684492,364.299465240642,51.6625822448473,50,3
295.116022099447,366.469613259669,44.2352139743714,64,3
293.57671957672,367.846560846561,39.2055373617834,54,3
292.813829787234,368.696808510638,38.4175909827698,27,3
291.164102564103,370.010256410256,40.2425179011779,57,3
290.446153846154,370.651282051282,42.3354714252488,22,3
288.703703703704,372.238095238095,47.4191938099858,60,3
286.029761904762,375.125,49.6958859138223,77,3
285.233918128655,375.93567251462,44.2148036108387,27,3
283.67955801105,377.28729281768,40.9513426561061,52,3
282.89247311828,377.940860215054,39.5672501949485,25,3
280.681318681319,379.675824175824,42.3600414150386,64,3
278.677777777778,381.311111111111,48.8962429032743,60,3
277.735632183908,382.48275862069,49.2356307506086,40,3
275.662576687117,384.889570552147,48.6042787521004,67,3
274.613924050633,386.03164556962,44.6917668547048,33,3
273.109090909091,387.448484848485,41.929095819393,47,3
271.514124293785,389.067796610169,40.6768810567872,52,3
270.291666666667,389.988095238095,39.700349589692,33,3
268.910714285714,391.52380952381,46.5803122121913,50,3
267.952941176471,392.841176470588,48.5931791892175,36,3
265.71875,395.51875,47.6551353791,68,3
264.268571428571,397.04,44.3380017243089,49,3
263.33918128655,398.005847953216,39.9689760308743,30,3
262.090395480226,398.796610169492,36.822281142331,42,3
261.131868131868,399.054945054945,33.8290981844852,35,3
259.62,399.225,33.1698494424965,58,3
257.852791878173,399.649746192893,30.4908804961529,53,3
256.661202185792,400.387978142077,26.1496833446546,40,3
255.158192090395,400.994350282486,22.0449425679266,48,3
254.468208092486,401.335260115607,18.2024100676946,28,3
252.049382716049,401.641975308642,12.5290027521113,63,3
249.670731707317,402.042682926829,7.81587604760351,46,3
248.651428571429,401.868571428571,6.31550364620545,27,3
247.140449438202,401.612359550562,8.06957340190526,51,3
246.225988700565,401.525423728814,10.5560091063564,23,3
244.459770114943,401.712643678161,11.0289061665247,49,3
242.329341317365,401.802395209581,7.56666783958992,43,3
240.935483870968,401.735483870968,4.44058896643059,32,3
239.553459119497,401.654088050314,6.08360777010321,42,3
239.300613496933,401.650306748466,7.14883768299915,22,3
237.761363636364,401.113636363636,9.92233238710471,51,3
236.417647058824,400.964705882353,13.3406442534021,38,3
235.691358024691,401.092592592593,15.3570569389908,28,3
234.587878787879,401.072727272727,16.5898920314321,37,3
233.201298701299,401.344155844156,15.6798993123604,31,3
231.823529411765,401.326797385621,15.7361794601177,33,3
NaN,NaN,NaN,153,3
423.839622641509,248.165094339623,22.0264801052888,NaN,4
423.956310679612,248.101941747573,21.4135914349511,10,4
424.014354066986,248.148325358852,22.1589589619675,9,4
423.966507177034,248.090909090909,21.7049399544103,6,4
423.966346153846,248.038461538462,21.220331858867,7,4
423.975961538462,248.105769230769,21.5396002578251,6,4
423.86511627907,248.241860465116,21.8229203653342,11,4
423.825471698113,248.240566037736,21.1881658623644,11,4
423.712264150943,248.235849056604,21.4182934956454,8,4
423.775700934579,248.247663551402,21.0507757425211,8,4
423.592592592593,248.287037037037,21.5520890179212,12,4
423.85308056872,248.127962085308,21.3870277998125,11,4
424.052132701422,248.203791469194,22.4429068171455,14,4
423.93896713615,248.164319248826,21.3700992252671,18,4
424.947115384615,247.971153846154,20.1531861069185,27,4
426.227272727273,247.590909090909,9.74096844396426,78,4
427.339534883721,247.279069767442,-10.8815405877228,57,4
430.480582524272,248.383495145631,-23.1352946312159,125,4
435.340314136126,250.539267015707,-7.54014658274968,133,4
438.825842696629,251.466292134831,4.04333261042062,81,4
443.781065088757,251.207100591716,-0.388673835084004,113,4
447.217877094972,251.301675977654,-14.5560323282031,74,4
452.456647398844,251.57225433526,-30.2323769247416,130,4
455.445595854922,251.455958549223,-34.4362985743036,116,4
457.179894179894,251.94708994709,-35.1315264874867,58,4
461.125,253.478260869565,-44.5247718768308,109,4
462.556756756757,254.005405405405,-49.894672001588,55,4
465.077777777778,256.116666666667,-50.0789545932873,67,4
467.428571428571,257.778325123153,-52.8440452638788,75,4
468.73,258.8,-53.1441038827442,49,4
470.952153110048,260.684210526316,-53.2918440691854,69,4
471.874396135266,261.6038647343,-51.7798230299508,32,4
474.071428571429,264.321428571429,-44.4620528093613,71,4
475.85641025641,266.179487179487,-43.0961376151372,67,4
477.189473684211,267.494736842105,-45.4970088428244,35,4
479.287234042553,269.329787234043,-47.6479741151003,60,4
480.387978142077,270.338797814208,-48.9005490406407,33,4
482.140540540541,271.908108108108,-42.7887786269565,48,4
483.263959390863,273.091370558376,-35.4350552158581,50,4
484.03431372549,273.68137254902,-32.4517050030061,35,4
485.804020100502,274.889447236181,-28.100288667863,61,4
486.782178217822,275.584158415842,-26.292572524932,45,4
489.430769230769,276.887179487179,-25.2991833986178,65,4
491.732984293194,277.890052356021,-29.2457459340681,62,4
492.742105263158,278.384210526316,-29.6807040569836,31,4
495.015789473684,279.5,-31.82045910783,64,4
495.835106382979,279.952127659574,-30.3945740284477,24,4
497.169230769231,280.466666666667,-25.8842678253124,37,4
498.827586206897,281.167487684729,-22.6896904068004,52,4
499.625,281.557692307692,-23.1755122910442,35,4
502.188481675393,282.55497382199,-20.387190268253,63,4
503.357512953368,282.948186528497,-20.8917647992019,42,4
505.617021276596,283.882978723404,-24.3539560005081,57,4
507.748633879781,284.726775956284,-29.5389592499617,51,4
508.731843575419,285.279329608939,-31.7024497137167,30,4
510.82320441989,286.209944751381,-31.8942497595052,46,4
511.505681818182,286.647727272727,-31.843715383436,23,4
513.086486486486,287.605405405405,-28.6856421877186,45,4
514.520202020202,288.292929292929,-27.4572239175895,45,4
515.452736318408,288.975124378109,-27.3756153429328,35,4
517.911602209945,290.121546961326,-29.2459705331543,54,4
518.691489361702,290.728723404255,-32.7389910535643,29,4
520.151832460733,291.890052356021,-33.9581509807175,47,4
521.61170212766,293.058510638298,-35.2779172953384,55,4
522.536842105263,293.515789473684,-35.0123293642934,22,4
524.328205128205,294.707692307692,-32.9279679340912,51,4
524.928934010152,295.142131979695,-31.0589129835628,28,4
526.217821782178,296.108910891089,-27.4782444651184,47,4
528.613756613757,297.619047619048,-24.6208382553195,69,4
529.947643979058,298.219895287958,-25.0228520355595,36,4
531.809782608696,299.141304347826,-28.865381795022,59,4
532.605555555556,299.561111111111,-31.1795667985374,24,4
534.230337078652,300.623595505618,-31.5719004889102,54,4
535.544943820225,301.516853932584,-32.565971373719,48,4
536.51912568306,302.065573770492,-33.2864731586325,31,4
537.648648648649,302.881081081081,-30.827883814289,36,4
538.421052631579,303.463157894737,-28.5297226710862,29,4
539.711340206186,304.381443298969,-24.7446659987843,52,4
541.070707070707,305.227272727273,-22.9408933067411,46,4
542.367875647668,305.968911917098,-23.1496041908781,35,4
544.666666666667,307.05291005291,-26.4606572814592,54,4
544.884816753927,307.30890052356,-25.5437251774331,22,4
546.82722513089,308.188481675393,-30.5839244439444,42,4
547.85,308.675,-29.283785489699,37,4
548.454106280193,309.115942028986,-29.0159893736891,23,4
550.386934673367,310.1608040201,-27.5769635726397,44,4
550.85,310.45,-26.3359838086946,13,4
551.705314009662,310.95652173913,-25.2779475439141,35,4
553.303482587065,311.726368159204,-23.1844180440504,38,4
553.975247524752,312.108910891089,-22.6644304784426,27,4
555.748743718593,312.994974874372,-23.3949400507397,49,4
556.425,313.355,-23.920841265515,23,4
557.816831683168,313.985148514851,-27.7252784391388,40,4
559.625641025641,314.907692307692,-30.1477305278776,47,4
560.369230769231,315.369230769231,-30.2391238885944,30,4
561.969230769231,316.25641025641,-30.3251032468774,52,4
562.668393782383,316.735751295337,-28.0836117285545,20,4
563.567164179104,317.333333333333,-27.1956543577075,40,4
565.114427860697,318.169154228856,-24.2374138428404,52,4
566.615,318.98,-24.7867744672914,39,4
568.767567567568,320.108108108108,-26.0091505312563,57,4
569.620879120879,320.697802197802,-29.0104712841432,29,4
570.748691099476,321.246073298429,-31.5711383654589,39,4
572.513812154696,322.558011049724,-34.0380997834694,60,4
573.551912568306,323.207650273224,-33.7986855789121,26,4
575.154255319149,324.271276595745,-29.7988408444927,53,4
575.44387755102,324.525510204082,-27.784484709764,24,4
576.707070707071,325.292929292929,-25.962072284663,54,4
578.929292929293,326.545454545455,-24.0183023111373,64,4
580.363636363636,327.267379679144,-26.4069595454671,35,4
581.972677595628,327.92349726776,-27.0503053269798,50,4
582.803278688525,328.595628415301,-28.847853315843,30,4
584.44385026738,329.604278074866,-31.1502385078161,46,4
586.340659340659,330.494505494506,-31.3335729699833,55,4
587.775862068965,331.293103448276,-27.5486299723225,30,4
589.243386243386,332.365079365079,-27.3027354403987,49,4
589.962365591398,332.60752688172,-25.2008687939436,23,4
592.323863636364,333.954545454545,-24.3420331636205,66,4
593.877005347594,334.748663101604,-25.9818910184212,45,4
594.711340206186,335.314432989691,-28.2955258263372,35,4
596.341968911917,336.243523316062,-32.9367232328053,61,4
597.222222222222,336.746031746032,-32.127144444358,30,4
599.527472527473,338.082417582418,-33.3791891404096,53,4
600.690721649485,338.835051546392,-29.9386600962394,40,4
601.378109452736,339.28855721393,-29.2705831684919,35,4
603.178010471204,340.340314136126,-24.7672773818181,58,4
604.421875,340.848958333333,-24.6617377046544,39,4
606.632978723404,342.090425531915,-30.8331982094937,56,4
608.057894736842,343.184210526316,-32.5569857859534,54,4
608.967032967033,343.796703296703,-32.3977495880079,32,4
610.639784946237,345.048387096774,-34.9928755305949,56,4
611.602209944751,345.491712707182,-36.2482317273867,31,4
613.553191489362,346.691489361702,-34.3237523662309,51,4
615.005102040816,347.602040816327,-30.6359062855755,50,4
616.128342245989,348.342245989305,-27.7996999825331,31,4
618.125683060109,349.628415300546,-30.7753476748921,58,4
619.192307692308,350.543956043956,-36.3671886097685,35,4
620.828877005348,351.561497326203,-41.7376919110407,51,4
622.520618556701,352.881443298969,-43.2062030952696,57,4
623.427083333333,353.645833333333,-42.8777701376105,34,4
625.540404040404,355.30303030303,-40.6544604405928,62,4
626.269430051814,356.00518134715,-38.6202990781975,37,4
628.165829145729,357.597989949749,-35.5859557356598,66,4
630.510416666667,359.520833333333,-38.2525196921772,65,4
631.886363636364,360.647727272727,-41.4427906998137,46,4
633.312169312169,361.989417989418,-46.0911277509477,61,4
634.165803108808,362.735751295337,-48.2519357232244,40,4
636.441988950276,364.812154696133,-49.7769223842462,70,4
638.07182320442,366.674033149171,-42.8695463193183,52,4
638.703703703704,367.301587301587,-42.3970030370154,34,4
640.54347826087,369.114130434783,-39.6180778689506,63,4
641.211956521739,369.880434782609,-41.1057183286966,30,4
643.134078212291,371.648044692737,-44.3749207035617,59,4
644.880239520958,373.562874251497,-49.4552794081519,60,4
645.593939393939,374.139393939394,-49.364247860165,30,4
647.547770700637,375.993630573248,-49.2059677189501,52,4
648.220858895706,376.60736196319,-48.6983345068066,24,4
649.55421686747,378.036144578313,-46.4482658134397,49,4
651.289156626506,379.71686746988,-43.1063745190071,56,4
652.232704402516,380.798742138365,-42.9699132031809,31,4
654.306666666667,382.746666666667,-44.9788030159487,53,4
654.993506493507,383.422077922078,-46.9460600637468,22,4
656.464968152866,384.815286624204,-48.0877054282417,51,4
657.914634146341,386.073170731707,-49.1479496073702,53,4
658.81045751634,387.065359477124,-50.2620638683003,21,4
659.018292682927,387.298780487805,-48.373826032297,25,4
659.072289156627,387.343373493976,-47.8085653776221,6,4
659.269461077844,387.796407185629,-48.2995287771315,19,4
659.409090909091,388.005681818182,-50.5267091686053,29,4
659.508474576271,388.039548022599,-51.1853178367012,15,4
659.598870056497,388.180790960452,-52.7020352311373,20,4
659.632768361582,388.056497175141,-53.3807569207974,16,4
660.176470588235,388.635294117647,-55.5239622566928,17,4
660.242603550296,388.834319526627,-57.5024606504881,15,4
660.165680473373,388.822485207101,-57.5814112380521,12,4
659.993902439024,388.810975609756,-58.8826554025869,17,4
660.018404907975,388.907975460123,-59.4545267329843,7,4
660.08125,389.3625,-59.3385196278678,13,4
660.031055900621,389.453416149068,-59.2798318047253,5,4
659.993710691824,389.660377358491,-58.6748632264122,8,4
659.871165644172,389.717791411043,-58.0082216604705,10,4
659.745454545455,389.739393939394,-57.7841696613976,8,4
659.678787878788,390.048484848485,-56.6765500801091,12,4
659.630303030303,390.236363636364,-56.0396604996453,12,4
659.579268292683,390.140243902439,-56.9700581019238,5,4
659.41717791411,390.165644171779,-56.9059508401518,9,4
659.28125,390.0875,-57.9326469052056,7,4
659.090909090909,389.975757575758,-58.1727260828937,11,4
658.922155688623,389.880239520958,-58.6615101909109,6,4
658.864705882353,389.823529411765,-59.0991428725342,9,4
658.727810650888,389.840236686391,-59.6650517119722,9,4
658.791666666667,389.797619047619,-59.6604359041872,3,4
658.717647058824,389.888235294118,-60.0891906614411,14,4
