405.31847133758,248.547770700637,-19.882861204502,NaN,1
405.519736842105,248.631578947368,-19.2722958017897,7,1
405.426751592357,248.579617834395,-18.5078510665694,5,1
405.75974025974,248.766233766234,-20.6203750596374,11,1
405.585526315789,248.671052631579,-19.2262179836706,6,1
405.673202614379,248.732026143791,-20.0912946731178,5,1
405.549019607843,248.575163398693,-19.5022871232408,6,1
405.822368421053,248.769736842105,-20.8949584687814,9,1
405.703947368421,248.697368421053,-20.0267423872444,8,1
405.741721854305,248.675496688742,-19.8067718641334,7,1
405.657894736842,248.684210526316,-19.9723343135135,7,1
405.571428571429,248.649350649351,-20.0385340005851,6,1
405.745098039216,248.718954248366,-20.0168889107266,5,1
405.78,248.74,-19.8335721112538,3,1
405.78431372549,248.699346405229,-20.4073454106209,7,1
405.736842105263,248.644736842105,-20.2509915252411,5,1
405.516339869281,248.614379084967,-20.0659985663798,7,1
405.666666666667,248.712418300654,-20.0907454570021,6,1
405.618421052632,248.552631578947,-18.9467797551766,7,1
405.62,248.633333333333,-19.2386297413175,4,1
405.503267973856,248.627450980392,-20.4854966511394,7,1
405.542483660131,248.640522875817,-19.8725410074129,6,1
405.597402597403,248.532467532468,-20.0880864810095,7,1
405.532894736842,248.638157894737,-19.3173808895286,8,1
405.522875816993,248.607843137255,-20.2923794231275,7,1
405.490322580645,248.548387096774,-19.723827603681,6,1
405.675324675325,248.701298701299,-20.5253194053845,7,1
405.416666666667,248.487179487179,-19.9398631692409,10,1
405.513157894737,248.618421052632,-20.5814334312711,8,1
405.64,248.613333333333,-20.0293142669179,8,1
405.384105960265,248.490066225166,-20.3047322160134,9,1
405.87898089172,248.496815286624,-18.0204640880069,32,1
404.505882352941,247.770588235294,-17.9130960771879,39,1
406.845238095238,248.214285714286,-11.0368786016834,54,1
410.223684210526,249.493421052632,-13.2184458855927,86,1
411.871794871795,250.108974358974,-22.9573573560202,62,1
416.19375,252.425,-29.5421883620738,106,1
417.356725146199,252.836257309942,-29.0935235617423,45,1
422.100591715976,255.656804733728,-19.6002800208343,112,1
426.335483870968,258.270967741935,-43.7209633470329,104,1
427.654929577465,259.007042253521,-47.0956130042916,41,1
431.496774193548,264.103225806452,-58.8855625497852,113,1
433.390243902439,266.65243902439,-56.8539247417006,59,1
436.601265822785,271.26582278481,-49.989399884667,114,1
440.340579710145,276.695652173913,-69.4420003938641,114,1
441.556390977444,278.548872180451,-71.0219170748574,45,1
444.042857142857,283.15,-65.2488746477489,99,1
445.468926553672,285.870056497175,-63.0223993572025,71,1
448.513698630137,292.13698630137,-61.4392102474782,131,1
451,296.973154362416,-80.8050599193297,99,1
452.036231884058,299.702898550725,-81.8619148633225,45,1
453.314685314685,303.58041958042,-74.4999621864231,89,1
454.230769230769,307.242603550296,-73.9994571013341,74,1
455.946666666667,313.893333333333,-86.1799200357682,119,1
456.78064516129,319.354838709677,82.4043100991847,107,1
456.794520547945,321.308219178082,84.4864161160886,43,1
456.984,326.712,-83.7019969881461,103,1
457.07299270073,330.576642335766,-84.5186424655783,68,1
457.213793103448,335.075862068966,83.4476841576167,86,1
457.078947368421,339.855263157895,78.9037725525153,91,1
456.5,341.623188405797,85.3141046090335,48,1
456.188405797101,347.007246376812,-87.6408901619216,104,1
456.007092198582,350.234042553192,89.1301670526021,51,1
455.781690140845,355.274647887324,74.6784343267364,91,1
455.36,359.32,77.8851630601361,78,1
455.056338028169,360.683098591549,82.9666015866988,36,1
454.2265625,366.28125,86.3462366304755,90,1
453.78102189781,369.14598540146,80.2332197324834,47,1
453.310810810811,373.22972972973,71.2759957157115,75,1
452.524691358025,377.191358024691,79.0256753374309,76,1
451.844444444444,379.718518518519,86.6124652005707,53,1
451.296875,385.2890625,81.0316422032612,91,1
450.768707482993,387.537414965986,74.9411348208848,45,1
449.685897435897,392.089743589744,62.9602663362813,101,1
448.373333333333,395.88,70.2063322609226,80,1
447.848684210526,395.907894736842,68.5123229919149,34,1
446.112676056338,397.056338028169,60.3064416258399,74,1
445.174825174825,397.874125874126,46.2043172825709,33,1
443.579268292683,397.682926829268,34.0616139429182,63,1
441.616279069767,398.360465116279,36.1696694989946,78,1
440.570588235294,398.5,33.8741109365622,36,1
438.165644171779,399.263803680982,30.0981879627231,67,1
437.005747126437,399.545977011494,27.7941749210983,35,1
434.898203592814,400.59880239521,17.5835598206343,79,1
431.278145695364,400.87417218543,14.1336088222695,86,1
429.695945945946,401.081081081081,20.3701485429508,37,1
427.743421052632,401.243421052632,21.0743628302303,46,1
426.745098039216,401.477124183007,20.0277915875527,25,1
423.832258064516,401.696774193548,18.3230748189791,54,1
422.201219512195,401.725609756098,13.9720325422587,69,1
NaN,NaN,NaN,164,1
410.231707317073,254.384146341463,74.6099522434966,NaN,2
410.268292682927,254.432926829268,74.5020447109036,2,2
410.213414634146,254.323170731707,74.8772688308015,6,2
410.276073619632,254.349693251534,75.4458879569972,5,2
410.304347826087,254.204968944099,75.5800235562202,4,2
410.35,254.24375,75.7489904403432,5,2
410.388535031847,254.254777070064,75.3155200178437,3,2
410.490322580645,254.251612903226,74.9414906514742,4,2
410.30625,254.39375,75.3704361607104,9,2
410.319018404908,254.41717791411,75.3449986332772,3,2
410.453987730061,254.40490797546,75.1915229462732,6,2
410.465408805031,254.132075471698,75.5064961909704,6,2
410.43125,254.2375,75.6613466000299,3,2
410.389937106918,254.283018867925,75.2772609309265,5,2
410.589743589744,254.25,75.5723658710718,11,2
410.408536585366,254.414634146341,75.8611186770466,8,2
410.45,254.275,76.4322690562965,4,2
410.571428571429,254.540372670807,75.7925397492646,13,2
410.93288590604,253.221476510067,80.4776341727443,40,2
411.32298136646,253.229813664596,-89.3145095741962,46,2
411.988571428571,254.062857142857,-73.2123040937564,42,2
412.691489361702,255.005319148936,-36.2326467454146,81,2
410.891025641026,255.564102564103,10.205320635396,84,2
411.264150943396,255.981132075472,10.172589211845,19,2
412.220779220779,256.207792207792,18.4104331399189,59,2
413.079268292683,255.993902439024,21.3222410079093,34,2
415.783950617284,255.574074074074,32.8320692717822,84,2
418.66081871345,254.619883040936,60.2380804151722,105,2
419.391025641026,253.884615384615,63.4122394607656,51,2
421.881118881119,249.062937062937,70.7559932473391,113,2
423.12925170068,246.401360544218,64.3825464415258,62,2
425.157534246575,242.369863013699,59.8743158196867,95,2
426.986754966887,239.317880794702,80.9863856493219,95,2
427.84962406015,237.842105263158,-87.4395735061763,50,2
428.048951048951,232.342657342657,-86.2566582406735,102,2
428.201219512195,230.609756097561,85.8697279840776,45,2
427.885350318471,226.490445859873,70.4614614858125,127,2
428.781690140845,220.816901408451,86.1826460400797,95,2
429.111111111111,219.414814814815,-85.3069885134619,35,2
429.307189542484,216.503267973856,-84.0550607563161,74,2
429.425149700599,213.437125748503,-88.3795357645789,56,2
429.352564102564,208.583333333333,80.3999831645286,101,2
429.324675324675,203.883116883117,-86.8149564753915,82,2
429.394557823129,202.122448979592,-78.9806206189421,45,2
428.590277777778,197.840277777778,-73.3940634695233,93,2
428.291139240506,195.20253164557,-80.2965561109854,52,2
427.535483870968,190.38064516129,86.1197187956866,99,2
426.875776397516,186.347826086957,-87.4174219017223,84,2
426.677852348993,184.429530201342,-78.1724538195483,48,2
425.514705882353,179.205882352941,-69.3889502620322,91,2
424.993630573248,176.535031847134,-75.3330510074267,55,2
423.993464052288,172.111111111111,-87.4602486772659,88,2
422.694610778443,167.604790419162,-81.9812114249877,92,2
422.455128205128,165.74358974359,-69.5718915896894,55,2
420.550724637681,160.81884057971,-59.3755162509261,104,2
419.735099337748,158.205298013245,-66.8325237141924,57,2
417.87012987013,153.967532467532,-78.3867950513053,91,2
416.030674846626,149.460122699387,-72.224612929331,85,2
415.270967741935,147.445161290323,-60.8009557889607,44,2
412.871428571429,143.335714285714,-54.5026925257162,95,2
411.686274509804,141.013071895425,-59.7444798390604,49,2
409.12,136.626666666667,-72.9438643818842,95,2
406.898734177215,132.746835443038,-66.1824156635956,82,2
406.045751633987,131.124183006536,-58.2719521086016,39,2
402.825174825175,126.776223776224,-48.4716944764322,97,2
401.722580645161,125.154838709677,-53.059216841225,49,2
398.820512820513,121.205128205128,-65.3040005387646,93,2
395.955128205128,117.205128205128,-61.1826231807235,90,2
395.006849315069,116.109589041096,-50.5337269179493,40,2
391.419117647059,111.933823529412,-43.1983236562279,104,2
389.932432432432,110.094594594595,-50.4019153146024,50,2
387.335526315789,106.835526315789,-63.0883431244263,84,2
383.952702702703,102.290540540541,-61.7389182493487,98,2
382.63698630137,100.753424657534,-52.3701776939958,40,2
379.563291139241,96.8037974683544,-45.4179737880326,98,2
378.170212765957,94.3670212765958,-53.7311089751926,68,2
375.785,91.235,-60.3707594990431,94,2
372.96875,88.953125,-50.3139119023054,84,2
371.800970873786,88.5970873786408,-34.597753290848,44,2
369.709956709957,87.6363636363636,-17.6020026239024,75,2
368.650205761317,87.7366255144033,-16.7465020204851,42,2
366.791208791209,87.970695970696,-14.9935339636808,76,2
364.951724137931,87.7275862068965,-11.1293515826137,83,2
363.237735849057,87.4075471698113,-5.96491785944749,75,2
359.217213114754,87.422131147541,-11.5260844274021,109,2
358.556862745098,87.4196078431373,-11.0368432977485,35,2
357.028070175439,87.3017543859649,-6.36760156697074,70,2
355.237942122186,87.443729903537,-7.5905401819172,56,2
354.130872483221,87.3120805369127,-6.34486801760289,51,2
350.939068100358,86.8853046594982,-5.32840856719595,87,2
347.917322834646,86.5472440944882,-4.44228892617719,73,2
345.859259259259,86.4222222222222,-1.58005987237497,84,2
342.583025830258,86.4612546125461,-3.97528314047853,79,2
341.300751879699,86.4097744360902,-4.11746865541213,41,2
338.51171875,86.58984375,-2.12439676463224,82,2
336.716535433071,86.4409448818898,-0.417636152652305,38,2
334.710526315789,86.2593984962406,-0.378759825573895,52,2
331.00796812749,86.4621513944223,-3.85982734692703,83,2
329.189300411523,86.4938271604938,-4.13820306146073,50,2
325.885714285714,86.4979591836735,-3.13114403655136,74,2
324.326612903226,86.4516129032258,-2.35703311197143,35,2
321.5078125,86.1796875,-0.033035802665834,62,2
316.517094017094,86.3333333333333,-3.55065398649788,102,2
314.9,86.4041666666667,-4.84728071877691,36,2
311.582644628099,86.6735537190083,-4.51418518790451,92,2
310.004032258065,86.6895161290323,-4.99382101500134,44,2
306.544061302682,86.5134099616858,-0.986232705494167,87,2
301.991525423729,86.5,-1.09072068330157,99,2
300.513157894737,86.5263157894737,-3.46849593591785,48,2
297.532786885246,86.7950819672131,-5.8403164515001,70,2
295.692946058091,86.7800829875519,-6.62607744178032,51,2
290.190697674419,86.2093023255814,-3.04256276011266,102,2
288.235042735043,86.3290598290598,-3.35772915922282,69,2
NaN,NaN,NaN,234,2
404.378571428571,240.764285714286,-89.0230087959579,NaN,3
404.345323741007,240.676258992806,-88.7069546856207,3,3
404.392857142857,240.764285714286,-88.372914470241,3,3
404.304964539007,240.716312056738,-88.8640252383298,5,3
404.340277777778,240.659722222222,-88.5902243629503,7,3
404.319444444444,240.555555555556,-88.6697166265733,4,3
404.28275862069,240.724137931034,-88.5815209438446,5,3
404.3125,240.729166666667,-88.5468614768029,9,3
404.294520547945,240.767123287671,-88.5168234137118,6,3
404.37323943662,240.894366197183,-88.5754364568158,6,3
404.305555555556,240.6875,-88.5468807551329,6,3
404.368055555556,240.923611111111,-88.7374850145697,4,3
404.262068965517,240.820689655172,-88.7725312724445,5,3
404.357142857143,240.557142857143,-88.2539164228881,7,3
404.347222222222,240.569444444444,-88.9069821944453,6,3
404.368794326241,240.567375886525,-88.8247637106447,7,3
404.303448275862,240.786206896552,-89.2182293429036,6,3
404.394366197183,240.570422535211,-88.8047875300989,7,3
404.386206896552,240.606896551724,-88.6311607618611,5,3
404.333333333333,240.539007092199,-88.6104822757945,6,3
404.395833333333,240.486111111111,-88.7827403063357,7,3
404.359154929577,240.683098591549,-88.5391103812576,4,3
404.366197183099,240.556338028169,-88.7104654042305,4,3
404.354609929078,240.418439716312,-88.431879673811,3,3
404.410071942446,240.568345323741,-88.4090485740071,4,3
404.415492957746,240.619718309859,-88.866007310727,5,3
404.37323943662,240.718309859155,-88.5169886280548,6,3
404.536764705882,240.507352941176,-89.482632973281,10,3
404.450704225352,240.950704225352,-88.3262405481755,10,3
404.41958041958,240.937062937063,-88.0702528082869,5,3
404.440789473684,241.75,-88.2745367804312,11,3
404.414012738854,241.968152866242,-88.2690589909932,5,3
404.058064516129,241.2,-89.5027910271364,32,3
403.666666666667,240.753086419753,-83.2734138478599,43,3
403.687116564417,240.521472392638,-80.0499138327183,33,3
403.327160493827,239.216049382716,-79.2587919206222,63,3
403.14201183432,238.751479289941,-81.1842915401877,35,3
402.738853503185,235.783439490446,83.1820645456083,72,3
402.385542168675,232.355421686747,-85.042478485778,77,3
402.282051282051,230.5,-74.6015066298702,48,3
400.874074074074,226.555555555556,-68.5155885984269,83,3
400.37908496732,224.013071895425,-78.4943475399079,54,3
400.282051282051,219.935897435897,77.9086386598144,95,3
400.217391304348,216.006211180124,73.6943839864484,103,3
400.671328671329,213.846153846154,78.9270757818933,46,3
401.278571428571,209.778571428571,-86.3307998943986,97,3
401.614379084967,206.424836601307,-85.7382291798418,65,3
401.598639455782,200.802721088435,71.7337420173594,94,3
401.942307692308,197.673076923077,72.2087603873386,71,3
402.358620689655,196.131034482759,74.1623831484554,35,3
403.294573643411,191.697674418605,84.6543168428775,86,3
403.615942028986,188.978260869565,88.8072697999184,51,3
404.148936170213,185.54609929078,84.6834167369482,59,3
404.594405594406,181.951048951049,73.5686794006243,66,3
404.943548387097,180.693548387097,66.38759956295,33,3
406.106060606061,177.340909090909,69.068935690579,58,3
406.598484848485,175.310606060606,73.2624091469367,36,3
407.386363636364,172.537878787879,81.2333399149311,54,3
408.274809160305,169.595419847328,82.0130009892019,51,3
408.516129032258,168.475806451613,77.0881869350439,19,3
409.2109375,166.25,65.7307094111578,52,3
409.808823529412,164.426470588235,60.4100295190817,40,3
410.888888888889,162.522875816993,59.6266111488652,51,3
412.072847682119,160.205298013245,64.8452171590304,60,3
412.887323943662,158.352112676056,67.9265158860075,39,3
414.376923076923,155.307692307692,70.224093826758,62,3
415.023622047244,153.937007874016,67.7627468457834,31,3
416.213235294118,152.264705882353,55.5570798466061,55,3
417.415492957746,150.330985915493,48.7521630507565,54,3
418.062068965517,149.48275862069,48.3897313144711,25,3
419.668965517241,147.710344827586,52.409549649862,54,3
420.387755102041,146.530612244898,56.5910335262261,36,3
421.978873239437,144.521126760563,61.3846941281438,61,3
423.578571428571,142.221428571429,61.5581985749909,62,3
424.536764705882,140.661764705882,56.2850658886547,38,3
425.992907801418,138.801418439716,49.8221638509306,49,3
426.755395683453,137.820143884892,45.818730809461,30,3
427.903448275862,136.337931034483,45.4865002679608,48,3
429.737226277372,134.262773722628,47.5776695705717,60,3
430.459259259259,133.4,50.8527475772006,32,3
432.079136690647,131.589928057554,54.287501015273,52,3
432.8,130.728571428571,56.2181971029541,29,3
434.621428571429,128.621428571429,53.5996200284476,40,3
436.095238095238,126.734693877551,47.6486935549048,43,3
436.86301369863,126.034246575342,42.0818850637611,33,3
438.218543046358,124.708609271523,41.3276573227486,51,3
439.16339869281,123.43137254902,40.5050818595644,42,3
440.98064516129,121.961290322581,45.0930141651238,50,3
442.721428571429,119.714285714286,51.5242434503931,71,3
443.635714285714,118.935714285714,50.8110785317989,28,3
445.798561151079,116.496402877698,51.2231761733694,53,3
446.56204379562,115.85401459854,48.3036832125359,26,3
448.25,114.114864864865,40.5234196576171,53,3
449.673076923077,112.980769230769,35.0641695334115,50,3
450.31847133758,112.375796178344,35.1481008143251,27,3
451.880503144654,111.132075471698,34.8487747782125,48,3
452.522292993631,110.566878980892,34.3082651156901,20,3
454.38064516129,109.025806451613,36.9471509684618,56,3
456.019867549669,107.701986754967,39.1510100296188,50,3
457.045454545455,107.006493506494,39.9831725513014,25,3
458.793333333333,105.733333333333,39.5562914866559,40,3
459.429530201342,105.241610738255,37.8858357573732,23,3
461.085526315789,104.157894736842,31.1165372671137,53,3
462.77397260274,102.897260273973,24.9327898183476,46,3
463.125874125874,102.664335664336,24.8328063544538,17,3
464.394904458599,102.031847133758,26.0165223263986,38,3
464.993377483444,101.682119205298,25.6011244856034,22,3
466.935483870968,100.858064516129,26.4129598790903,44,3
468.62987012987,100.051948051948,28.9999394961605,49,3
469.173076923077,99.6794871794872,29.4844731170329,34,3
470.76582278481,99.0126582278481,31.8591770591013,38,3
471.707006369427,98.7579617834395,31.4399734062887,27,3
473.9,97.51875,32.6907050859077,47,3
475.78064516129,96.3677419354839,27.8489679253917,49,3
476.059210526316,96.1842105263158,27.1563633672841,23,3
477.589743589744,95.3397435897436,24.4182329391943,40,3
477.85,95.24375,22.8350461267017,20,3
479.335260115607,94.4797687861272,22.4950834821674,41,3
480.454022988506,94.1034482758621,23.2642771869148,33,3
481.027777777778,93.7888888888889,24.3000536104168,24,3
482.464864864865,93.2432432432432,24.7432503042714,33,3
483.196721311475,92.9890710382514,24.8171456012423,30,3
484.440860215054,92.3763440860215,27.2974465820971,39,3
485.510752688172,91.8655913978495,27.9176745672939,36,3
486.059782608696,91.5760869565217,27.9226822553271,18,3
487.643274853801,91.280701754386,27.8984068483158,47,3
488.244186046512,90.8662790697674,28.8365024067731,31,3
489.430167597765,90.3966480446927,28.0228572843873,29,3
490.195652173913,89.9510869565217,27.4252007810275,29,3
491.136612021858,89.6994535519126,26.6740989840719,29,3
491.596774193548,89.4086021505376,26.6393306410241,31,3
491.753926701571,89.3769633507853,25.4190011639467,19,3
492.921875,88.9322916666667,26.5645223257792,31,3
493.863157894737,88.5526315789474,26.1097982947442,30,3
494.29381443299,88.4175257731959,25.6913716360414,18,3
494.989795918367,87.9234693877551,24.6727152306364,30,3
495.537634408602,87.7043010752688,23.9868441072963,24,3
496.069518716578,87.4224598930481,24.2291973059679,19,3
496.864864864865,87.0162162162162,25.2279249483204,28,3
NaN,NaN,NaN,185,3
402.867469879518,244.903614457831,40.5214691831786,NaN,4
402.912790697674,244.941860465116,40.6512924106538,8,4
402.934523809524,244.910714285714,41.1958117742564,6,4
402.748538011696,245.058479532164,40.7869283645186,5,4
402.922155688623,244.874251497006,40.7118207289537,6,4
402.664739884393,245.161849710983,40.5291705870637,8,4
402.766467065868,245.023952095808,40.3573550000858,6,4
402.899408284024,244.887573964497,40.9332693809491,4,4
402.87573964497,245.047337278107,40.042812002349,6,4
402.775147928994,245.029585798817,40.5236671620634,8,4
402.922155688623,244.880239520958,40.8841464100068,6,4
402.798780487805,245.024390243902,40.6559406605096,5,4
402.803571428571,244.988095238095,41.0313017401406,6,4
402.694117647059,245.047058823529,40.7402987603234,4,4
402.795321637427,244.947368421053,40.9301562226135,3,4
402.761627906977,244.994186046512,41.0853146742634,1,4
403.005813953488,244.81976744186,41.4766715858014,10,4
402.821428571429,244.97619047619,41.0008097505234,8,4
402.91124260355,244.917159763314,41.0699767634431,3,4
402.89156626506,244.861445783133,41.1240114206236,11,4
402.824561403509,244.988304093567,41.1127779174176,11,4
402.713450292398,245.146198830409,40.5973970363684,8,4
402.880239520958,245,41.1784599707299,6,4
402.810650887574,244.994082840237,40.8837672841621,4,4
402.825581395349,244.994186046512,41.20318622114,11,4
402.994047619048,244.934523809524,40.6755227450118,8,4
402.755952380952,245,41.0329058503276,8,4
402.714285714286,245.166666666667,40.5520227366229,6,4
402.814371257485,245.083832335329,40.0817013104391,9,4
402.876470588235,245.023529411765,40.4626026815973,9,4
402.782352941176,245.141176470588,40.3555257631832,4,4
403.047337278107,244.923076923077,41.2084350617816,9,4
402.94674556213,244.92899408284,41.3250562899298,12,4
403.011627906977,244.918604651163,40.8158234562903,5,4
403.018072289157,245,40.5825773756252,12,4
402.873493975904,245.012048192771,40.9256294216738,4,4
402.888235294118,244.994117647059,41.1706419853736,10,4
403.313253012048,244.753012048193,41.3625413831746,10,4
402.981818181818,244.927272727273,41.0809087748784,11,4
402.90303030303,244.981818181818,41.2450260491243,6,4
402.775147928994,245.130177514793,40.8308037400254,8,4
403.036144578313,245,40.9038877767292,7,4
402.757225433526,245.098265895954,40.8555041574327,9,4
402.767441860465,245.093023255814,41.2776648937189,3,4
403.055214723926,244.858895705521,41.3059330608561,13,4
402.862275449102,245.083832335329,41.1754815296265,8,4
403.139393939394,244.793939393939,41.6293616195376,12,4
402.96511627907,244.854651162791,41.9571128235396,7,4
402.881656804734,244.881656804734,41.1914360304363,7,4
402.812865497076,244.912280701754,41.1494387785075,4,4
402.760233918129,244.994152046784,41.1612311717053,2,4
402.808139534884,244.976744186047,41.2547872682255,9,4
402.748502994012,245.083832335329,40.9494213700197,9,4
402.745562130178,245.041420118343,40.7295614868158,8,4
402.928571428571,244.994047619048,40.6609930977565,13,4
402.670588235294,245.105882352941,40.4154433481546,10,4
402.932926829268,244.908536585366,41.4379693135293,8,4
402.89696969697,245.042424242424,40.9019919239523,7,4
403.005988023952,244.838323353293,41.2187365535842,8,4
402.759036144578,245.084337349398,40.8735559098579,11,4
402.825301204819,244.94578313253,40.9290398290252,8,4
402.868263473054,245,41.6946663361125,7,4
402.89880952381,244.958333333333,41.3905687978475,3,4
402.814371257485,244.988023952096,41.3747282715334,3,4
402.934911242604,244.940828402367,41.5573517254757,8,4
402.958083832335,244.898203592814,41.6078624392826,8,4
402.892215568862,244.910179640719,41.3007190549219,6,4
402.824242424242,244.981818181818,40.858176187693,8,4
402.838323353293,244.934131736527,41.3129683711007,4,4
402.915662650602,245,41.2056755465013,5,4
402.89880952381,245.005952380952,40.9516213482338,2,4
403.018292682927,244.841463414634,41.147287412038,6,4
403.155688622754,244.760479041916,41.1304125628358,9,4
402.940828402367,244.89349112426,40.5439303022871,8,4
402.881656804734,245,40.8665057786716,12,4
402.87573964497,245.005917159763,40.912685770467,2,4
403.006024096386,244.939759036145,41.0197114298756,13,4
402.981707317073,244.963414634146,41.0588179495613,12,4
402.904191616766,245.02994011976,40.8936804783909,7,4
402.940828402367,245.08875739645,41.5412967909603,10,4
402.714285714286,245.194285714286,41.7089499904088,8,4
404.435897435897,244.711538461538,54.5774467247173,73,4
407.005586592179,244.256983240223,-80.6913463762797,133,4
407.420382165605,242.522292993631,-69.3779283444249,54,4
408.542857142857,242.811428571429,-64.9189435114132,46,4
408.864864864865,243.010810810811,-67.4250276548671,22,4
409.771428571429,243.142857142857,69.1712886155792,63,4
410.764705882353,241.691176470588,60.044205294127,84,4
411.219895287958,241.120418848168,60.2606478736825,45,4
412.601449275362,238.217391304348,64.0091864525786,97,4
413.539007092199,235.439716312057,68.8711534399119,57,4
415.321167883212,229.204379562044,74.0722638928754,104,4
415.743243243243,226.182432432432,64.8239024385844,93,4
416.923728813559,223.076271186441,62.7464719592283,51,4
418.185840707965,218.486725663717,-87.5544465736686,84,4
418.175,216.658333333333,-76.3323208455376,41,4
417.801470588235,212.933823529412,-78.2239261337106,74,4
417.204968944099,210.645962732919,-88.0074889682213,81,4
416.798507462687,208.126865671642,87.4415933619189,53,4
416.685185185185,201.25,-76.0093225454615,102,4
416.085271317829,199.162790697674,-67.8820087089564,45,4
415.194444444444,195.666666666667,-67.40208210308,75,4
414.115384615385,191.512820512821,-78.0395931909189,80,4
413.260162601626,188.951219512195,-86.0676789448083,49,4
412.145038167939,183.167938931298,-72.5010971282973,94,4
411.406666666667,181.58,-66.8852392839728,39,4
409.65306122449,177.197278911565,-58.6992811748673,111,4
407.951724137931,172.68275862069,-72.2408257399571,92,4
406.793650793651,170.873015873016,-80.198911149759,45,4
405.45390070922,166.340425531915,-71.0679921592157,87,4
404.545977011494,164.431034482759,-63.9582182271802,53,4
401.412587412587,158.678321678322,-47.777134997971,131,4
399.082191780822,155.219178082192,-57.1444390832753,87,4
397.565217391304,153.311594202899,-58.7279178389585,44,4
394.267605633803,148.605633802817,-50.4320906115307,100,4
393.15,147.51875,-45.7111227708944,44,4
390.013513513513,144.148648648649,-40.3840101675386,102,4
386.68275862069,140.896551724138,-52.4538869948196,91,4
384.694444444444,139.083333333333,-54.1902433043233,45,4
381.308724832215,135.41610738255,-44.5685940743527,87,4
379.941176470588,134.052941176471,-40.5998368977075,45,4
375.418300653595,130.320261437908,-35.6787409204787,111,4
372.18125,127.75625,-47.0370200439764,97,4
370.503649635036,126.262773722628,-46.2505212792332,49,4
366.284768211921,121.953642384106,-44.7150843994655,100,4
364.545454545455,120.266666666667,-39.5080609226468,58,4
360.886075949367,117.183544303797,-37.7772296193724,97,4
357.411764705882,114.647058823529,-54.5110938657123,99,4
355.764285714286,113.064285714286,-52.196360887421,47,4
351.735099337748,108.582781456954,-46.9750328825592,109,4
350.30625,107.125,-43.3273833841707,47,4
346.258278145695,103.423841059603,-38.6194064740714,103,4
342.557046979866,99.986577181208,-55.6327544137624,98,4
340.852941176471,98.4558823529412,-53.7307113756034,45,4
337.154696132597,93.7127071823204,-47.2901578493146,115,4
335.587443946188,91.3946188340807,-46.914038343217,84,4
331.718614718615,88.7012987012987,-29.3976563294089,112,4
329.609958506224,88.4356846473029,-28.1722425567745,82,4
328.733067729084,87.8764940239044,-17.7337625098719,58,4
325.504237288136,87.5889830508475,-14.7877578684553,101,4
324.400809716599,87.3481781376518,-11.9235884478321,45,4
320.345291479821,86.4798206278027,-6.91497137778065,92,4
316.797356828194,86.2422907488987,-4.6466970358351,82,4
315.873983739837,86.4512195121951,-5.71629754329519,47,4
313.211895910781,86.6951672862454,-5.68389383928766,75,4
311.609665427509,86.724907063197,-5.75470419537451,50,4
310.103202846975,86.5871886120996,-4.5550234250203,76,4
