352.690476190476,249.785714285714,12.3821749113551,NaN,1
352.456692913386,249.795275590551,10.9844505183049,13,1
352.450381679389,249.870229007634,11.2543663027696,6,1
352.173228346457,249.944881889764,11.6819330528123,16,1
352.073170731707,250.008130081301,9.82623178429871,6,1
351.769841269841,249.984126984127,9.18967490843774,11,1
351.992307692308,250.015384615385,10.6396974089758,10,1
351.884615384615,249.930769230769,9.61285417653516,4,1
351.6,250.064,10.9161931832851,9,1
351.30081300813,250.227642276423,9.9997897693478,10,1
351.083333333333,250.291666666667,9.66406912279724,5,1
350.965811965812,250.444444444444,6.93123609604277,7,1
351.008403361345,250.420168067227,7.95594782223441,8,1
352.509202453988,249.19018404908,18.6378226969043,48,1
352.431818181818,248.994318181818,16.2548061131823,33,1
352.292134831461,249.02808988764,12.2990808917871,16,1
352.441860465116,249.645348837209,8.15284269886238,34,1
352.458100558659,249.960893854749,6.37180184145108,19,1
351.494047619048,249.767857142857,39.3419208770133,69,1
351.697674418605,249.470930232558,59.8112252783619,50,1
350.891719745223,249.777070063694,67.3817490665249,37,1
349.265734265734,252.433566433566,67.5870356826694,78,1
347.892857142857,254.607142857143,69.3132992612803,47,1
346.388888888889,258.603174603175,44.4863662248775,92,1
344.11811023622,261.031496062992,47.7248019233162,59,1
342.860655737705,262.286885245902,48.5468725918904,35,1
339.983333333333,265.841666666667,31.0667771094696,84,1
339.015503875969,266.403100775194,25.0061696766489,35,1
337.363636363636,267.590909090909,22.4467542746564,61,1
334.279411764706,269.433823529412,20.7041636192653,76,1
332.484848484848,270.166666666667,20.2259185395521,36,1
329.155555555556,271.592592592593,16.6577981516021,73,1
327.944444444444,271.902777777778,12.1265424079963,33,1
325.171052631579,273.013157894737,12.5043705987395,74,1
321.414285714286,274.164285714286,26.0846268789734,86,1
319.548872180451,274.924812030075,31.1954749727753,43,1
316.584615384615,276.307692307692,14.7506796935569,67,1
315.762237762238,276.853146853147,11.188569201469,35,1
314.162162162162,277.601351351351,13.2578466829972,45,1
311.527397260274,278.472602739726,20.3309321315009,64,1
309.618705035971,279.41726618705,20.7460325956845,43,1
307.376712328767,280,8.90559490695433,53,1
306.445205479452,280.424657534247,4.51444410587698,28,1
304.640522875817,280.790849673203,6.37203808195471,51,1
302.342105263158,280.743421052632,15.810278286263,63,1
302.055555555556,280.753086419753,14.2894226439004,28,1
298.289855072464,281.855072463768,-1.40294096257198,76,1
297.397260273973,281.904109589041,-6.06521496880283,22,1
295.392405063291,281.898734177215,-7.5191395077592,72,1
292.85534591195,281.276729559748,5.44270505586059,77,1
292.024844720497,281.229813664596,5.02803854044224,32,1
289.006369426752,281.394904458599,-1.93966056683737,70,1
287.423841059603,281.443708609272,-8.45132757776622,40,1
285.357142857143,281.266233766234,-5.38144066429704,71,1
282.805031446541,280.937106918239,4.30719753776193,61,1
280.888888888889,280.951388888889,5.19103935651989,47,1
278.703947368421,281.072368421053,-0.924787855025904,60,1
277.36,281.086666666667,-9.53447126751929,44,1
274.677215189873,280.487341772152,-10.9858889435874,82,1
272.151315789474,280.039473684211,-5.29256458606676,66,1
271.518292682927,279.676829268293,-6.23078900270306,40,1
268.444444444444,279.701388888889,-11.9219099692028,68,1
266.737931034483,279.068965517241,-22.2375423508305,53,1
264.851851851852,278.425925925926,-20.071733106003,75,1
262.534161490683,277.76397515528,-12.4997841553841,73,1
261.296774193548,277.432258064516,-10.5813246313226,40,1
258.666666666667,276.81045751634,-17.645376089494,70,1
257.900662251656,276.58940397351,-19.1019208408235,32,1
255.25974025974,276.097402597403,-20.7973032387277,85,1
252.303797468354,275.196202531646,-15.285382273174,82,1
251.276073619632,275.049079754601,-16.9702795409718,39,1
248.9375,274.513888888889,-20.7696148671732,73,1
247.761589403974,273.973509933775,-27.0181010983426,39,1
245.518072289157,273.367469879518,-25.6660117255596,75,1
243.333333333333,272.169590643275,-18.0662943613302,73,1
241.927631578947,271.934210526316,-16.3257198189699,41,1
239.137254901961,270.653594771242,-21.1150763740082,75,1
237.806451612903,270.554838709677,-26.1006954996191,40,1
236.164705882353,270.029411764706,-26.0745627083934,77,1
232.873417721519,268.537974683544,-16.4126604968299,92,1
231.433333333333,268.206666666667,-15.5699430709784,44,1
229.490566037736,267.339622641509,-19.9635006762147,61,1
228.740740740741,267.320987654321,-20.7448169115674,33,1
226.84756097561,266.80487804878,-23.1482174025749,78,1
223.694805194805,265.707792207792,-16.0703585690185,84,1
222.526315789474,265.085526315789,-17.7757890113794,44,1
220.223684210526,264.611842105263,-20.9068397577995,60,1
219.28125,264.2875,-23.6833237567681,34,1
218.045714285714,263.754285714286,-22.0212105137392,83,1
214.391304347826,262.509316770186,-12.3351480523353,100,1
212.82,262.14,-13.4438956330601,41,1
211.034013605442,261.659863945578,-14.807028987086,51,1
210.09375,261.6125,-19.6974052672686,39,1
207.654970760234,260.818713450292,-22.198021364127,85,1
205.011976047904,260.035928143713,-16.3492012136352,90,1
203.959064327485,259.53216374269,-17.4739236726565,42,1
201.911392405063,258.917721518987,-20.2089954279576,67,1
200.4125,258.63125,-27.0625661711039,48,1
198.341176470588,257.611764705882,-31.1622767226977,98,1
196.122905027933,256.284916201117,-21.8890015754253,93,1
194.964285714286,255.738095238095,-24.2212615258728,45,1
192.880239520958,254.652694610778,-28.8081651204209,59,1
191.680722891566,254.198795180723,-33.6484042370626,35,1
189.830409356725,253.134502923977,-36.3626963088249,73,1
188.275132275132,251.962962962963,-28.0969482775058,88,1
186.690476190476,251.309523809524,-25.3868486972781,55,1
184.924855491329,250.300578034682,-32.40400088899,63,1
184.066298342541,249.92817679558,-37.8055143642778,44,1
183.067357512953,249.108808290155,-39.7174044012564,88,1
180.723958333333,247.239583333333,-32.3722475423817,101,1
180.153846153846,246.74358974359,-35.6088550862522,47,1
177.967213114754,245.213114754098,-48.6315533004078,76,1
177.174603174603,244.767195767196,-54.304264543517,50,1
176.065934065934,243.868131868132,-51.0007446939672,81,1
174.232954545455,241.630681818182,-42.5418307481476,98,1
172.957055214724,240.306748466258,-41.1626774421405,51,1
171.320987654321,238.746913580247,-46.4239888530203,65,1
170.325,238.2125,-50.304327474245,46,1
169.39156626506,237.746987951807,-51.2063320483148,66,1
166.88,234.6,-45.0575836204514,86,1
165.772058823529,233.654411764706,-43.0457764904348,36,1
164.007575757576,231.856060606061,-47.0242268216187,58,1
163.465648854962,231.251908396947,-49.0850736647689,23,1
162.503649635037,230.540145985401,-51.1814477866511,64,1
160.396946564885,228.038167938931,-46.2467327660219,78,1
159.276785714286,226.857142857143,-42.2092621311064,31,1
158.017543859649,225.40350877193,-50.2716402722985,46,1
157.475,224.441666666667,-56.8193433827022,32,1
155.666666666667,222.171171171171,-62.9368701477894,55,1
155.396825396825,221.15873015873,-55.1418252661802,47,1
154.765217391304,219.652173913043,-53.8711082523186,31,1
154.159663865546,218.210084033613,-62.1487435720605,42,1
154.148760330579,217.909090909091,-68.2142605154595,26,1
153.688524590164,216.106557377049,-73.6341204868238,39,1
153.554545454545,214.090909090909,-65.754499331225,36,1
153.576271186441,213.491525423729,-67.3570076875434,20,1
153.754098360656,212.795081967213,-77.1573688084602,42,1
153.56,212.4,-82.8839248924465,25,1
153.308333333333,209.858333333333,88.3483039664431,53,1
153.704347826087,208.208695652174,-74.7716305030766,41,1
153.721739130435,207.347826086957,-71.1641256733285,24,1
153.627118644068,205.703389830508,-68.7999616359114,37,1
153.786259541985,204.832061068702,-74.8292303387807,23,1
153.598540145985,203.321167883212,-86.7841803339208,66,1
NaN,NaN,NaN,137,1
405.015503875969,251.054263565891,55.4152244097286,NaN,2
405.0390625,251.1484375,54.8090998172546,7,2
405.22480620155,250.914728682171,55.9189010978588,5,2
405.403225806452,250.935483870968,55.9491246063208,7,2
405.47619047619,251.039682539683,55.9892569021363,8,2
405.520661157025,251.00826446281,56.3785577097709,11,2
405.765625,250.890625,57.2327163212646,13,2
405.752,250.904,56.805154816432,5,2
405.696,251.064,57.5773689423271,14,2
405.834645669291,250.937007874016,57.1016656464918,14,2
405.793650793651,251.174603174603,56.7894968239927,9,2
405.912,251.12,56.5446469933066,7,2
405.854838709677,251.233870967742,55.8869964122938,3,2
405.808,251.32,56.4491020973085,5,2
405.859375,251.375,56.2728914166773,5,2
406.008,251.304,55.8733858584123,5,2
406.312977099237,250.916030534351,58.347609563233,8,2
406.296875,251.09375,56.3268848038803,11,2
406.436507936508,251.02380952381,58.4771148281451,12,2
406.34126984127,251.206349206349,58.2684577052811,8,2
406.314516129032,251.346774193548,57.2539528108215,6,2
406.483333333333,251.525,57.5172807124535,8,2
406.467213114754,251.352459016393,57.2195356806065,4,2
406.645161290323,251.266129032258,57.8957207549492,8,2
406.584,251.472,58.579271217075,3,2
406.652892561983,251.471074380165,58.0636243516645,8,2
406.814516129032,251.459677419355,59.0740025923244,11,2
406.631147540984,251.680327868852,57.6519841567695,10,2
406.716666666667,251.75,57.943203774067,8,2
406.888,251.296,58.4326742856951,7,2
406.975,251.458333333333,58.631778723694,7,2
407.090909090909,251.421487603306,58.387946480935,7,2
407.137096774194,251.395161290323,58.7804008382607,9,2
407.258064516129,251.338709677419,59.2495444920749,6,2
407.262295081967,251.385245901639,58.9887077245225,4,2
407.308943089431,251.439024390244,58.5964169158296,5,2
407.327731092437,251.53781512605,58.2473828435066,6,2
407.415254237288,251.71186440678,58.2098233641099,7,2
407.383333333333,251.616666666667,59.4222106785915,6,2
407.438016528926,251.760330578512,59.1839500442358,5,2
407.528925619835,251.669421487603,59.9082958735819,6,2
407.84375,251.2734375,60.4329713964309,9,2
407.738095238095,251.452380952381,59.8349190914219,6,2
407.707317073171,251.593495934959,59.8753992820967,5,2
407.606299212598,251.527559055118,59.6279114653961,4,2
407.709677419355,251.524193548387,60.2487373554184,5,2
407.60162601626,251.650406504065,59.5575295361713,7,2
407.586776859504,251.842975206612,58.3318708152242,6,2
407.541666666667,251.908333333333,58.1262206048992,3,2
407.65,251.791666666667,58.8855465521998,4,2
407.583333333333,252.041666666667,59.0997266675599,6,2
407.532786885246,251.795081967213,59.2383645216951,10,2
407.666666666667,251.883333333333,59.0571761697142,6,2
407.566666666667,251.975,58.0192793267734,4,2
407.560975609756,251.959349593496,58.3995416277282,3,2
407.762295081967,251.819672131148,58.4573767840327,9,2
407.777777777778,252.102564102564,59.5518450020304,9,2
407.841666666667,251.916666666667,60.0838633501332,7,2
407.741666666667,251.9,59.8976295938049,6,2
407.685483870968,251.895161290323,59.0185608193109,8,2
407.966666666667,251.775,61.2709240858738,14,2
407.777777777778,251.880341880342,59.0488507363231,11,2
407.834710743802,251.933884297521,61.1637657077207,8,2
407.847457627119,251.898305084746,59.3358048099421,11,2
408.026086956522,251.773913043478,61.070217970316,9,2
407.95867768595,251.760330578512,61.305165427286,10,2
408.121739130435,251.730434782609,61.3345488358271,8,2
407.929824561404,251.885964912281,59.3150383599184,7,2
407.948275862069,252.034482758621,59.9630917235497,4,2
407.95867768595,252.01652892562,61.1496942847728,7,2
407.941176470588,251.949579831933,61.1304424131093,8,2
408.051724137931,252.077586206897,60.7678546523049,7,2
408.102564102564,251.940170940171,61.0125491705791,3,2
408.042735042735,252.25641025641,60.660149143956,6,2
408.060344827586,252.310344827586,59.3715693071387,7,2
408.109243697479,252.378151260504,60.9076355406135,7,2
408.436507936508,251.928571428571,60.396872925684,11,2
408.537190082645,252,61.312500701196,15,2
408.767441860465,251.635658914729,61.1218061890476,18,2
408.691729323308,251.639097744361,60.8365667285018,28,2
409.04347826087,251.311594202899,64.9310170976902,47,2
408.872611464968,250.191082802548,88.0604338868335,81,2
408.634730538922,250.646706586826,-79.7251033239925,40,2
408.398773006135,251.58282208589,-67.0350826584671,82,2
409.326530612245,253.700680272109,-53.9607284802209,56,2
410.912751677852,255.58389261745,-61.1843409470875,78,2
413.142857142857,259.238095238095,-66.5873605529699,75,2
413.852173913043,260.304347826087,-61.8483989096744,25,2
414.99173553719,261.834710743802,-55.6733051027687,58,2
416.072580645161,263.362903225806,-59.8267544561156,43,2
417.330769230769,265.676923076923,-80.8799610410231,54,2
418.3,269.4,-82.0402877068686,62,2
418.783333333333,270.575,-79.4218617209852,28,2
419.512,272.656,-74.7658926474303,47,2
419.80303030303,274.106060606061,-71.0638092670134,39,2
420.5,277.626984126984,-80.7234133274888,58,2
421.024,280.688,-78.5429302528448,61,2
421.273504273504,281.666666666667,-76.6245220784513,26,2
421.809523809524,284.309523809524,-69.9148012052999,53,2
421.906976744186,285.193798449612,-65.3243749571128,35,2
422.8203125,287.984375,-68.8004393891838,47,2
424,290.766129032258,-83.2767561363762,60,2
424.25,292.053571428571,-81.1317824627324,26,2
424.752136752137,294.641025641026,-75.4864105070546,47,2
424.991935483871,295.814516129032,-73.7907601240233,27,2
425.248062015504,297.883720930233,-87.4355930997434,53,2
425.338842975207,300.760330578512,80.9169417384875,56,2
425.3,301.475,85.0519593529314,21,2
425.181102362205,303.362204724409,-84.7060018810298,49,2
425.481203007519,304.533834586466,-82.2470228695003,36,2
425.471074380165,308.223140495868,-76.9353555690773,68,2
425.879032258065,310.629032258065,-88.3261277608061,57,2
426.030303030303,312.707070707071,-89.2823203910604,35,2
426.230769230769,314.432692307692,-75.8539287051336,43,2
426.598290598291,315.564102564103,-75.774343042191,31,2
427.165217391304,318.304347826087,-71.7148285656482,54,2
427.83064516129,319.927419354839,-89.166114500332,55,2
427.93137254902,322.450980392157,82.9606787278213,44,2
427.87037037037,324.12962962963,-86.8485738087402,44,2
427.858267716535,325.11811023622,-79.3456326583022,33,2
428.37962962963,328.472222222222,-77.751076389388,63,2
428.672131147541,330.573770491803,89.2897612703725,54,2
428.607476635514,331.728971962617,87.261596929649,33,2
428.268518518519,334.37037037037,-89.1033188988154,55,2
428.091666666667,335.191666666667,-83.0091404608973,26,2
428.785714285714,337.973214285714,-81.6824353597287,60,2
428.810344827586,340.853448275862,-88.7635717993028,58,2
428.840707964602,341.504424778761,88.5828982372648,21,2
428.402173913043,345.239130434783,72.8901825002118,65,2
428.214953271028,346.084112149533,79.3536345854184,27,2
427.85,347.416666666667,84.7298388959445,39,2
427.464285714286,350.223214285714,81.5118153847698,62,2
427,352.411214953271,74.6556868945575,35,2
426.46017699115,353.902654867257,67.7463220196946,44,2
425.982905982906,355.094017094017,66.7501386261651,28,2
425.439024390244,357.390243902439,75.637652037574,48,2
425.01724137931,359.801724137931,82.0251988586313,59,2
424.481818181818,361.781818181818,86.8323671184644,34,2
424.152542372881,363.898305084746,77.0161542615847,50,2
424.055118110236,364.771653543307,73.1997966055826,27,2
422.916666666667,368.212962962963,75.0495997001075,65,2
422.549180327869,369.745901639344,82.171222801234,44,2
422.330357142857,371.035714285714,82.9434404870377,28,2
421.700934579439,374.046728971963,83.5943584583252,53,2
421.447368421053,374.956140350877,78.0757063398391,25,2
420.918918918919,377.504504504504,72.5211000762765,51,2
420.169642857143,379.553571428571,79.7133152052201,45,2
420.125,380.048076923077,78.3607981951763,22,2
419.323232323232,384.20202020202,86.3730013740186,59,2
419.147058823529,385.313725490196,78.8322270311372,21,2
418.705357142857,386.785714285714,72.3079592078054,48,2
417.754716981132,389.660377358491,68.3503748366204,50,2
417.559633027523,390.146788990826,74.7922740055484,21,2
417.243243243243,392.09009009009,81.524940076948,48,2
416.743119266055,394.119266055046,85.7120537376233,34,2
416.482456140351,395.964912280702,75.6849704263312,35,2
415.747899159664,398.218487394958,72.3730480770611,53,2
415.241379310345,399.336206896552,71.0779362455627,25,2
414.826446280992,399.322314049587,74.198544963465,25,2
415.100775193798,398.713178294574,72.2843976209769,22,2
414.55223880597,398.798507462687,66.5738391808496,45,2
413.153846153846,399.846153846154,59.4866560231468,63,2
412.396694214876,399.710743801653,58.1126836842357,30,2
412.097744360902,398.954887218045,56.2299343536186,48,2
412.108695652174,398.5,56.8828214671954,23,2
410.520325203252,400.162601626016,51.4959513811965,51,2
409.1796875,400.7109375,41.1737864742465,43,2
408.330578512397,401.413223140496,33.2106788309588,31,2
406.944444444444,401.388888888889,26.9610601027996,49,2
406.592592592593,401.066666666667,26.2520908670059,25,2
405.253731343284,400.701492537313,31.5530955920581,47,2
NaN,NaN,NaN,134,2
423.869230769231,256.330769230769,-42.9753347415617,NaN,3
423.977099236641,256.106870229008,-43.1390041618728,11,3
424.093023255814,256.333333333333,-42.664317354183,8,3
424.201550387597,256.333333333333,-42.8311549014823,10,3
423.977443609023,256.015037593985,-42.661908887371,10,3
424.740458015267,256.320610687023,-43.8052076697401,22,3
424.753968253968,256.277777777778,-42.6669290005621,19,3
425.162601626016,256.569105691057,-43.8222546795734,13,3
424.9375,256.2890625,-42.8831656972159,9,3
424.880952380952,256.269841269841,-41.9095188543469,8,3
425.116279069767,256.364341085271,-43.2919105373609,11,3
425.284552845528,256.569105691057,-42.9524301066872,6,3
425.104838709677,256.314516129032,-42.3315505517154,7,3
425.07874015748,256.354330708661,-42.748208698119,7,3
425.259842519685,256.236220472441,-42.4791577897961,12,3
425.253968253968,256.269841269841,-42.6512310630152,9,3
425.544715447154,256.357723577236,-41.9085077801941,13,3
425.30081300813,256.227642276423,-41.968159756456,12,3
425.328244274809,256.259541984733,-42.4897630168157,10,3
425.7578125,256.375,-41.3008821458912,13,3
425.858267716535,256.496062992126,-42.1881920897529,11,3
426.062015503876,256.558139534884,-42.2226792366756,10,3
426.201550387597,256.558139534884,-43.1549303944306,8,3
426.061538461538,256.5,-41.9935492551295,7,3
426.2109375,256.5546875,-41.7761440206853,6,3
426.304,256.448,-41.8203962366903,9,3
425.910447761194,256.15671641791,-41.3178813903554,13,3
426.074074074074,256.133333333333,-41.4419397202907,13,3
426.381679389313,256.335877862595,-42.4579065075041,18,3
426.194029850746,256.126865671642,-42.6487033876745,11,3
426.385714285714,256.257142857143,-50.1180802286654,42,3
426.507936507937,257.595238095238,-61.8164889022455,58,3
427.07476635514,258.672897196262,-85.5153004190996,29,3
426.764227642276,260.723577235772,77.8449971209619,56,3
426.57037037037,261.37037037037,80.1497622196609,26,3
425.923664122137,264.389312977099,-87.0299283108234,70,3
425.511450381679,266.923664122137,-77.7659012293219,66,3
425.803149606299,268.496062992126,-78.7747621051816,30,3
425.943548387097,270.983870967742,-89.02262693336,57,3
426.095238095238,272.373015873016,89.9357225861187,40,3
426.605042016807,275.899159663866,-77.3077687283906,59,3
427.140740740741,277.644444444444,-71.5744895921089,42,3
427.636363636364,279.487603305785,-68.613525352477,27,3
427.975,281.2,-74.021659625895,52,3
428.443548387097,282.733870967742,-80.6989368423726,32,3
429.212962962963,286.351851851852,-82.6255262371459,60,3
429.544715447154,288.382113821138,-76.0664296371862,43,3
429.641666666667,289.208333333333,-76.1442294975717,19,3
429.697674418605,290.837209302326,-80.5394318607476,39,3
429.772727272727,292.515151515152,-85.0436663884684,35,3
429.99173553719,295.793388429752,-86.8897999289075,61,3
430.12,297.944,-70.7491235270513,52,3
430.47619047619,298.833333333333,-69.6170302013672,25,3
431.206349206349,301.071428571429,-67.1392989632131,54,3
431.457364341085,301.728682170543,-70.2775332788086,27,3
432.350427350427,304.735042735043,-76.5698518870041,58,3
433.303571428571,307.705357142857,-77.2470254310538,53,3
433.724770642202,308.614678899083,-70.0320346909937,23,3
434.469565217391,310.295652173913,-62.7458399060204,48,3
434.877049180328,311.483606557377,-62.4113856775254,31,3
435.583333333333,313.45,-72.0298225618641,42,3
436.429752066116,316.01652892562,-78.1610589830284,57,3
436.881818181818,318.036363636364,-73.20574377323,43,3
437.584745762712,319.567796610169,-65.3065472442236,48,3
438.151260504202,320.647058823529,-63.2889710409518,33,3
438.960317460317,322.888888888889,-64.1263542504465,61,3
439.870689655172,325.612068965517,-74.6443061939781,60,3
440.611650485437,327.922330097087,-81.3750392796862,43,3
440.894736842105,330.026315789474,-68.4197206256359,55,3
441.266666666667,330.833333333333,-66.0153996461175,26,3
442.290598290598,332.846153846154,-59.7351922308861,55,3
443.121951219512,335.130081300813,-56.3335401499566,60,3
443.554621848739,336.084033613445,-57.59973168108,24,3
444.51724137931,337.853448275862,-67.8238894174595,53,3
445.321739130435,339.878260869565,-72.5181130570861,37,3
446.009009009009,342.540540540541,-65.3808674552434,56,3
446.959677419355,344.258064516129,-61.8790434120623,45,3
447.336134453782,345.420168067227,-59.9661026845593,31,3
447.927419354839,347.435483870968,-65.9232417763395,51,3
448.396551724138,348.353448275862,-69.8410868591826,26,3
448.76724137931,350.387931034483,-78.5317161871784,52,3
449.3,353.772727272727,-77.4020940917473,62,3
449.436363636364,354.2,-75.8010406422868,14,3
449.840707964602,355.884955752212,-72.4870019510636,37,3
450.041666666667,356.958333333333,-72.4770970563193,27,3
450.591304347826,359.878260869565,-73.9532984420238,49,3
451,362.183486238532,-81.4848340389223,42,3
451.292929292929,364.131313131313,-88.6464646738031,30,3
451.466666666667,365.847619047619,-81.6485292894405,32,3
451.657894736842,366.482456140351,-80.8420289893897,23,3
451.765765765766,367.747747747748,-77.3580004625209,35,3
452.321428571429,370.857142857143,-76.1001027211934,51,3
452.324324324324,371.477477477477,-80.0660003762959,15,3
452.407407407407,373.685185185185,-87.426452428139,39,3
452.451923076923,375.423076923077,88.3810448930147,32,3
452.68,377.85,86.8181650656917,40,3
452.514851485149,379.534653465347,-86.004959103534,35,3
452.631578947368,380.368421052632,-83.0467134717069,20,3
452.926315789474,383.768421052632,-79.5469782999097,46,3
452.948453608247,384.742268041237,-81.6821687128501,16,3
452.777777777778,386.787878787879,-87.532976330556,44,3
452.78021978022,390.10989010989,87.6137595787504,48,3
452.978723404255,390.585106382979,-88.9783419220959,15,3
453.09375,392.1875,-82.7672697577238,30,3
453.386138613861,393.673267326733,-76.1283747553624,27,3
453.714285714286,396.061224489796,-74.4920121673341,43,3
453.782178217822,397.990099009901,-80.9033047063638,35,3
453.848484848485,399.323232323232,-85.0950137006162,26,3
454.111111111111,400.363636363636,89.7573932176248,34,3
454.1875,401.010416666667,-89.4276584770808,13,3
454.423076923077,400.480769230769,-85.8725923667464,26,3
454.663716814159,400.504424778761,-81.5201286712012,21,3
454.733944954128,400.899082568807,-77.7532639120905,18,3
454.752293577982,400.834862385321,-75.2092456931856,22,3
454.756756756757,400.603603603604,-75.6014583953792,8,3
455.076923076923,401.144230769231,-77.7319589671276,15,3
455.355140186916,400.897196261682,-72.2417911182769,21,3
455.518518518519,400.888888888889,-69.8375851727737,9,3
455.945945945946,401.198198198198,-60.6837870129926,27,3
456.068965517241,401.163793103448,-57.8566135093276,21,3
456.823008849558,401.681415929204,-44.8327461079424,41,3
458.684210526316,402.305263157895,-50.2297172682688,40,3
458.979591836735,401.918367346939,-51.9337908221914,17,3
459.717391304348,401.75,-44.8801239508665,34,3
458.533333333333,400.914285714286,-35.6868246837404,35,3
