423.820512820513,233.858974358974,-56.7117716633569,NaN,1
423.974358974359,234.076923076923,-57.9252428818511,10,1
423.910256410256,234.070512820513,-58.0888644477447,8,1
423.993630573248,234.101910828025,-58.2568736987862,7,1
423.941935483871,233.903225806452,-58.0695334956839,6,1
423.918238993711,234.012578616352,-58.0154855256289,8,1
423.789808917197,233.777070063694,-57.5882046756983,8,1
423.852564102564,233.762820512821,-57.3616137900225,3,1
423.41847826087,235.369565217391,-71.5012946021363,34,1
423.625698324022,234.966480446927,-65.7851611074701,19,1
423.904191616766,234.479041916168,-62.4607355107619,30,1
424.525,234.93,-62.8097536349025,79,1
424.165829145729,234.899497487437,-73.3494552973495,49,1
423.502564102564,233.589743589744,84.8427399326986,90,1
423.525114155251,232.977168949772,80.4433397965855,54,1
425.152542372881,230.779661016949,-83.7374757685111,121,1
424.604316546763,222.805755395683,-55.1626135601436,165,1
424.408759124088,223.138686131387,-59.7837813873773,70,1
421.302816901408,217.640845070423,-66.4097138968323,113,1
420.442857142857,216.214285714286,-66.1326941141075,42,1
418.566433566434,213.412587412587,-44.3089537068343,73,1
417.224852071006,212.479289940828,-37.4208415754132,74,1
416.069620253165,211.759493670886,-34.2557780886885,33,1
413.5,210.012987012987,-34.5233822633778,62,1
412.73417721519,209.582278481013,-35.515411261333,24,1
410.82,208.673333333333,-40.1673332397333,54,1
409.155405405405,207.952702702703,-43.5123693902003,48,1
408.417808219178,207.534246575342,-43.154041077953,24,1
406.756944444444,206.451388888889,-41.5394130956655,48,1
406.140939597315,206.167785234899,-40.499621214264,19,1
405.320261437908,205.875816993464,-40.460687045978,34,1
404.227272727273,205.136363636364,-40.9646334789824,35,1
404.217948717949,205.051282051282,-42.8770862489671,20,1
403.02,204.02,-46.7651288659065,42,1
402.187919463087,203.362416107383,-49.7689288599288,23,1
400.756944444444,202.222222222222,-52.5216248946633,37,1
399.849673202614,201.607843137255,-50.3834601574946,33,1
399.37908496732,201.111111111111,-49.2726932186214,20,1
398.174496644295,200.161073825503,-43.6797848033909,34,1
397.852564102564,199.935897435897,-43.652919234062,19,1
396.770186335404,198.987577639752,-41.6012860024401,33,1
395.37012987013,197.928571428571,-40.0424146434164,37,1
394.771812080537,197.395973154362,-39.0428086962036,19,1
393.020833333333,196.152777777778,-40.15257674585,41,1
392.383561643836,195.821917808219,-40.4613914496484,14,1
391.039215686275,194.908496732026,-39.730996565311,33,1
389.928104575163,194.071895424837,-35.0618745452364,32,1
389.358974358974,193.737179487179,-33.9607188046047,25,1
388.106918238994,193.289308176101,-29.697978285995,33,1
387.389937106918,192.735849056604,-28.507711667134,22,1
386.019108280255,192.006369426752,-25.1903498854772,34,1
384.164473684211,191.118421052632,-23.1997920969373,43,1
383.431506849315,190.719178082192,-22.8270304366704,16,1
381.861842105263,190.184210526316,-24.3080314637204,32,1
381.105263157895,189.914473684211,-24.990326628129,16,1
379.421052631579,189.236842105263,-24.2425752215327,34,1
378.215189873418,188.911392405063,-20.2086841392517,28,1
377.608974358974,188.75,-17.0614868210053,22,1
376.557575757576,188.424242424242,-13.5757512483589,29,1
375.561728395062,188.296296296296,-12.5160039951435,27,1
373.653846153846,188.038461538462,-7.98182994575893,48,1
371.557823129252,187.727891156463,-4.91459061162078,37,1
371.012903225806,187.767741935484,-5.59501327554126,18,1
369.41059602649,187.615894039735,-6.66484025697565,32,1
369.047297297297,187.527027027027,-5.59187616060823,15,1
367.42,187.553333333333,-7.75660861477027,30,1
366.708860759494,187.70253164557,-6.11021451838256,22,1
365.935483870968,187.567741935484,-6.19391748426077,19,1
364.672955974843,187.622641509434,-4.15059118260571,24,1
364.253012048193,187.728915662651,-3.13994888353911,13,1
363.067484662577,187.779141104294,-0.377597908271848,27,1
361.805882352941,187.870588235294,3.46945543264313,29,1
361.14201183432,188.03550295858,5.68977597365615,21,1
360.037037037037,188.08024691358,7.40219945903892,23,1
359.232704402516,188.138364779874,7.8178254175864,17,1
358.203703703704,188.358024691358,10.8110676784366,23,1
357.245398773006,188.58282208589,11.5131849222198,25,1
356.335483870968,188.812903225806,11.5999402598989,24,1
355.101265822785,189.120253164557,12.1162686448952,25,1
354.651315789474,189.203947368421,13.667150629989,12,1
353.913043478261,189.478260869565,13.6235323721704,21,1
353.243902439024,189.664634146341,13.4518783164935,19,1
352.705521472393,189.779141104294,14.3378353957035,11,1
351.943396226415,190.03144654088,15.7273294790397,18,1
351.229299363057,190.28025477707,16.0168141139218,18,1
350.430379746835,190.626582278481,18.6384161249888,25,1
349.701298701299,190.928571428571,19.9907276797367,22,1
349.385620915033,191.124183006536,19.9645871427307,13,1
348.646666666667,191.2,22.1515681602079,25,1
348.156862745098,191.562091503268,22.0473036389843,25,1
347.440789473684,191.703947368421,24.5339806643781,23,1
346.746753246753,192.097402597403,23.8205690680954,20,1
346.358974358974,192.25641025641,24.1926660826616,8,1
345.777070063694,192.643312101911,25.067940005187,17,1
345.288590604027,192.89932885906,25.370075020907,10,1
344.789115646258,193.12925170068,25.5439836261608,10,1
344.213333333333,193.36,25.197595021484,13,1
343.765517241379,193.710344827586,25.7562585221125,15,1
343.52027027027,193.885135135135,25.9573707003578,11,1
343.198675496689,194.132450331126,27.1628032028794,9,1
342.909090909091,194.344155844156,27.5323170115136,13,1
342.266233766234,194.655844155844,26.8515299775198,16,1
342.038709677419,194.883870967742,27.2337158631353,9,1
341.917721518987,195.044303797468,27.3135691915659,11,1
341.477419354839,195.354838709677,28.8022904407619,17,1
341.105263157895,195.342105263158,28.1576714201707,13,1
340.947712418301,195.437908496732,27.1994270484274,11,1
340.471337579618,195.764331210191,28.545248192341,14,1
340.141025641026,195.903846153846,28.3929982555824,11,1
339.887417218543,196.251655629139,29.6862161438552,13,1
339.666666666667,196.326923076923,29.5008599449969,5,1
339.112582781457,196.655629139073,30.1568855976688,13,1
339.058823529412,196.725490196078,30.3614053010589,8,1
338.81045751634,196.81045751634,29.8935696709816,10,1
338.532894736842,196.940789473684,31.0473591754828,9,1
338.391025641026,197.051282051282,30.2854232280501,10,1
338.193548387097,197.116129032258,30.6629440668512,9,1
337.849673202614,197.424836601307,32.7545506884956,12,1
337.503144654088,197.603773584906,32.2173799244959,16,1
337.407643312102,197.636942675159,32.0169657515867,4,1
337.22641509434,197.716981132075,32.311277562372,6,1
336.962025316456,197.993670886076,32.0782796523793,11,1
336.879746835443,197.949367088608,31.5840633328823,4,1
336.778481012658,198.094936708861,31.7675138149305,10,1
336.582278481013,198.120253164557,31.2600910483816,10,1
336.251612903226,198.425806451613,32.4606970567898,9,1
336.012987012987,198.584415584416,32.7512852855731,13,1
335.910828025478,198.528662420382,31.9659581149989,9,1
335.414012738854,198.789808917197,32.5386528333838,16,1
335.532051282051,198.75641025641,32.3451307705557,11,1
335.307692307692,198.884615384615,31.9894091057097,8,1
335.140127388535,198.917197452229,31.8534310400229,5,1
334.929487179487,199.153846153846,32.7017847400334,9,1
334.49375,199.51875,32.4376547816256,12,1
334.722222222222,199.351851851852,33.0876198580506,6,1
334.3125,199.54375,34.0494521737586,10,1
334.146496815287,199.700636942675,33.4694889096742,9,1
334.051282051282,199.74358974359,33.637375491243,3,1
NaN,NaN,NaN,156,1
430.42735042735,244.547008547009,-7.37816896516855,NaN,2
430.223175965665,244.459227467811,-6.41893446928161,9,2
430.323144104803,244.475982532751,-5.69603175431955,16,2
430.193965517241,244.556034482759,-6.20895396002827,15,2
430.226086956522,244.417391304348,-5.46236689283564,12,2
430.176991150442,244.269911504425,-4.74590739818104,12,2
430.25,244.267543859649,-4.8882818171136,8,2
429.995555555556,244.177777777778,-4.55126868181115,11,2
429.89592760181,244.022624434389,-3.84194161501952,10,2
430.013513513513,244.063063063063,-4.11979380609607,13,2
429.958904109589,244.073059360731,-4.31952188681142,13,2
430.126696832579,244.10407239819,-5.04035962468739,8,2
430.109090909091,244.086363636364,-4.5399737336548,9,2
429.923076923077,244.058823529412,-4.24308142237643,9,2
429.925110132159,244.15859030837,-3.7438723754354,8,2
429.942222222222,244.146666666667,-4.29944203255691,8,2
429.717488789238,244.19730941704,-4.47772661325037,6,2
429.92,244.177777777778,-4.53853547453671,6,2
429.878378378378,244.207207207207,-4.97645329003668,9,2
429.771300448431,244.215246636771,-4.33155323697906,5,2
429.875,244.25,-4.72141029099366,9,2
429.866071428571,244.25,-5.02566333203092,6,2
430.026548672566,244.203539823009,-4.88901011302986,4,2
429.919282511211,244.224215246637,-5.37478466214356,9,2
429.991150442478,244.283185840708,-4.81839516096172,7,2
429.977777777778,244.36,-4.15284275547322,7,2
430.022421524664,244.273542600897,-4.45654148340498,8,2
429.928571428571,244.290178571429,-4.2672051706518,13,2
429.924444444444,244.311111111111,-5.01453137342201,13,2
430,244.364864864865,-4.92326578835607,7,2
429.875555555556,244.351111111111,-4.89535656094601,7,2
429.775229357798,244.325688073395,-4.14712049486509,11,2
429.460093896714,244.107981220657,-4.14203923513311,17,2
429.5,244.090476190476,-3.5784787959991,11,2
429.583732057416,244.047846889952,-2.82767370413053,7,2
429.634615384615,243.985576923077,-2.82036447215018,7,2
429.626213592233,243.927184466019,-3.33590897331282,8,2
429.198979591837,243.790816326531,-1.1950738448635,18,2
429.172588832487,243.629441624365,-1.79078071987001,13,2
429.445544554455,243.633663366337,-1.8524812117402,5,2
429.71921182266,243.605911330049,-2.21494168592065,7,2
429.704433497537,243.625615763547,-1.97046050478882,2,2
429.525,243.615,-1.6714813415947,9,2
429.712871287129,243.772277227723,-1.73753189262339,12,2
429.65671641791,243.671641791045,-2.42435747405568,9,2
429.658415841584,243.668316831683,-1.91420308585449,5,2
429.472906403941,243.605911330049,-1.64262442222744,9,2
429.63,243.555,-1.45156503388357,9,2
429.610256410256,243.528205128205,-1.25698873448023,13,2
429.634517766497,243.53807106599,-1.1676020169875,6,2
429.605911330049,243.487684729064,-0.950408462271572,12,2
429.63184079602,243.47263681592,-0.193143580621068,8,2
429.567164179104,243.398009950249,0.223282665249058,14,2
429.385,243.35,0.16223586687213,7,2
429.517587939699,243.331658291457,0.281864906960944,7,2
429.545,243.355,0.583972346787891,7,2
429.7,243.265,0.360232845219782,6,2
429.490099009901,243.331683168317,0.0211907955135466,10,2
429.48,243.38,1.04624017954779,8,2
429.555,243.35,0.715095893759381,8,2
429.681592039801,243.333333333333,1.07240447431157,11,2
429.921951219512,243.287804878049,1.31791383422822,10,2
430.083333333333,243.406862745098,0.926120713934268,9,2
429.505102040816,243.40306122449,1.19092086623848,14,2
429.632352941176,243.357843137255,2.10413658262443,12,2
429.492462311558,243.356783919598,1.59125739677678,11,2
429.428571428571,243.177339901478,2.92594843918579,12,2
429.366336633663,243.148514851485,4.76667155846367,15,2
429.075757575758,243.040404040404,5.75290712030146,16,2
429.170731707317,242.912195121951,6.62002645726026,15,2
429.085858585859,243.060606060606,5.17783735653966,17,2
429.112244897959,243.071428571429,5.65424278900877,10,2
428.833333333333,243.198924731183,3.76281084464971,14,2
428.733333333333,243.030769230769,3.97524617420448,17,2
428.776595744681,243.11170212766,3.40321124392038,9,2
428.621621621622,243.205405405405,1.81656924318028,13,2
428.645502645503,243.248677248677,2.36082903547991,12,2
428.701086956522,243.342391304348,2.74273689047862,9,2
428.593406593407,243.362637362637,1.58759622984496,8,2
428.821989528796,243.282722513089,3.45947177803226,15,2
428.908163265306,243.280612244898,4.75985846029517,13,2
428.876288659794,243.242268041237,4.75273998715693,4,2
428.881443298969,243.319587628866,2.6384312085612,26,2
429.018779342723,242.835680751174,-3.38391596172376,41,2
427.492610837438,242.453201970443,-8.64962351075963,50,2
422.314720812183,241.167512690355,-14.6762930341441,122,2
420.752577319588,240.685567010309,-10.8936788260644,49,2
417.454545454545,240.062200956938,-9.97091083836596,101,2
411.189944134078,238.798882681564,-34.2010803724855,146,2
408.5625,237.903409090909,-31.4878954925438,69,2
404.421875,236.244791666667,-22.0772651222536,114,2
403.411483253589,235.688995215311,-17.1486532922168,61,2
396.909090909091,233.738636363636,-11.6773958798569,141,2
393.819672131148,232.666666666667,-20.4413944460373,87,2
391.497237569061,231.845303867403,-25.5428134441661,54,2
388.189349112426,230.378698224852,-21.3089442637172,76,2
386.763736263736,229.445054945055,-22.0060316898519,49,2
384.474285714286,228.331428571429,-22.231881581398,59,2
381.947674418605,226.848837209302,-26.7323724447669,55,2
380.902298850575,226.270114942529,-30.0994097915791,42,2
378.728915662651,225.030120481928,-28.9442852365404,54,2
377.449704142012,224.082840236686,-27.2566416666324,31,2
376.142857142857,223.047619047619,-23.1214634126146,45,2
375.480225988701,222.367231638418,-22.9188273528285,35,2
374.771428571429,221.988571428571,-26.7932074032438,32,2
374.084848484848,221.70303030303,-28.833046506503,28,2
373.07100591716,221.100591715976,-31.0925316213842,26,2
371.187096774194,220.006451612903,-37.4922020866621,56,2
369.692307692308,218.788461538462,-34.6567336205262,47,2
368.721854304636,218.033112582781,-30.860803212271,31,2
367.91875,217.5375,-29.5217807422055,37,2
367.361963190184,217.134969325153,-32.208531130817,27,2
366.103896103896,216.38961038961,-36.7808931437929,49,2
364.24,214.953333333333,-41.4879050089088,50,2
362.894736842105,213.960526315789,-41.8297354425747,30,2
361.462585034014,213.238095238095,-37.9177001997099,41,2
360.814569536424,212.602649006623,-38.8480105660958,24,2
359.535947712418,211.614379084967,-35.8835779496551,44,2
357.929032258065,210.148387096774,-35.9848829984893,50,2
356.570469798658,208.953020134228,-38.3451999396361,36,2
355.006896551724,207.951724137931,-39.5813586506349,38,2
353.797297297297,207.195945945946,-41.7566727514275,29,2
352.214765100671,206.020134228188,-40.8135713479206,41,2
350.910256410256,205.083333333333,-37.3526497287845,37,2
350.149350649351,204.383116883117,-36.840005286427,30,2
348.529411764706,203.196078431373,-33.6025666076228,47,2
347.851351351351,202.689189189189,-34.2474272155276,23,2
345.986754966887,201.470198675497,-35.0583778860246,45,2
343.48322147651,200.127516778523,-41.3925500604834,46,2
342.611111111111,199.527777777778,-39.9120144250335,25,2
340.927631578947,198.098684210526,-40.0758425913392,46,2
340.607843137255,198.006535947712,-38.1939312810196,17,2
338.894039735099,196.695364238411,-35.6570225495422,48,2
337.041958041958,195.216783216783,-36.3478100096167,50,2
336.13475177305,194.609929078014,-38.3427806194466,26,2
334.694805194805,193.344155844156,-44.5572620048163,43,2
333.827814569536,192.728476821192,-48.3741465852776,27,2
332.267605633803,191.380281690141,-52.7804593466016,37,2
331.086092715232,190.245033112583,-52.4625931789902,43,2
330.368421052632,189.453947368421,-50.8572481256588,23,2
329.5,188.767123287671,-49.2104175680185,32,2
328.809210526316,187.697368421053,-50.8011575525763,28,2
327.872483221477,186.295302013423,-54.1237650571343,35,2
327.020547945205,185.212328767123,-58.2777183829634,35,2
326.289655172414,184.096551724138,-60.7833788790777,27,2
325.109589041096,182.260273972603,-65.459209227898,43,2
324.604166666667,181.513888888889,-66.8465665667863,20,2
323.869863013699,180.143835616438,-64.2094286467941,36,2
323.106918238994,178.74213836478,-62.7244854088069,35,2
322.448275862069,177.620689655172,-59.8424099120825,26,2
321.616438356164,176,-59.6858945804947,37,2
321.312925170068,175.115646258503,-60.4570437869503,25,2
320.337837837838,173.695945945946,-61.8018799770376,33,2
319.181208053691,171.697986577181,-65.0339333821383,43,2
318.611111111111,170.951388888889,-63.0431575842738,19,2
317.706666666667,169.593333333333,-59.0208905583765,36,2
317.202614379085,169.16339869281,-55.8436503541525,15,2
316.204968944099,167.944099378882,-51.5884873173705,44,2
314.939597315436,166.214765100671,-46.5162830781297,46,2
314.393333333333,165.606666666667,-46.4703813567755,21,2
313.270833333333,164.201388888889,-47.4975663782773,36,2
312.544827586207,163.4,-49.4611997303576,23,2
311.462068965517,162.351724137931,-51.9028280511574,34,2
309.847222222222,160.652777777778,-53.9163610646605,39,2
309.246376811594,160.079710144928,-52.4410669666055,18,2
308.579310344828,158.979310344828,-51.8752084592179,35,2
308.253246753247,158.720779220779,-50.5792469969655,19,2
307.26,157.486666666667,-50.1777279313015,30,2
306.358620689655,156.358620689655,-51.3669043259926,31,2
305.953642384106,155.761589403974,-52.5478986356975,18,2
305.256756756757,154.682432432432,-54.077271654712,31,2
304.945945945946,154.256756756757,-55.8279209374549,12,2
303.919463087248,153,-57.7787801666854,37,2
303.061224489796,151.836734693878,-59.452999573382,28,2
302.582781456954,151.423841059603,-58.3046677298316,14,2
301.845637583893,150.228187919463,-58.2504414755809,32,2
301.446666666667,149.613333333333,-57.245872560312,15,2
300.767741935484,148.593548387097,-56.9156428095673,27,2
300.378205128205,147.519230769231,-59.2711250612957,27,2
300.108974358974,147.025641025641,-60.9713017551633,16,2
299.691275167785,146.087248322148,-63.9692141625879,27,2
299.53642384106,145.430463576159,-65.6478864414642,20,2
299.027027027027,143.972972972973,-71.8476959678144,31,2
298.52380952381,142.605442176871,-75.7180290982642,33,2
298.244604316547,141.812949640288,-78.8085084439428,20,2
297.678571428571,140.314285714286,-78.8906129921617,27,2
297.577464788732,139.633802816901,-78.7674271858589,16,2
297.486111111111,138.4375,-78.5988386248594,22,2
297.211920529801,137.708609271523,-78.0293754043845,23,2
297.165517241379,136.627586206897,-78.7071135053289,20,2
296.923611111111,135.048611111111,-82.1849570803256,31,2
297.135714285714,134.8,-83.1200384485431,14,2
296.986013986014,133.356643356643,-86.2374047164323,25,2
296.709219858156,132.049645390071,-89.5348559693869,30,2
296.598591549296,131.478873239437,-89.7661849362131,15,2
296.489510489511,130.062937062937,89.1885618304409,25,2
296.388489208633,129.496402877698,89.8002946913635,18,2
296.297101449275,127.934782608696,-88.193928788511,31,2
296.241379310345,127.096551724138,-87.6098780539781,19,2
296.31654676259,126.143884892086,-86.7588264068756,16,2
296.458333333333,125.083333333333,-86.9681253252925,23,2
296.404255319149,124.468085106383,-86.0061128632583,13,2
296.558620689655,123.337931034483,-87.5708512132523,28,2
296.458333333333,122.305555555556,-87.737668707348,25,2
296.486111111111,121.513888888889,-88.8872754480105,14,2
296.464285714286,120.478571428571,89.1142378626815,28,2
296.438848920863,120.129496402878,88.7845360322195,9,2
296.489510489511,119.188811188811,88.9953832131921,24,2
296.323943661972,118.352112676056,89.1033536455339,17,2
296.35,117.821428571429,88.7641968665752,14,2
296.290780141844,116.58865248227,-89.5900306686067,29,2
296.26618705036,115.978417266187,-88.7841322892143,14,2
296.233576642336,115.262773722628,-87.1490730310059,16,2
296.326241134752,114.531914893617,-86.0457175498892,18,2
296.355072463768,113.95652173913,-85.5277390816872,9,2
296.251748251748,113.125874125874,-85.3720931788268,21,2
296.321917808219,112.993150684932,-85.1457720510505,13,2
296.271428571429,112.164285714286,-85.9953554558949,14,2
296.356643356643,111.741258741259,-85.5729899310589,15,2
296.194444444444,111.138888888889,-85.4920269179842,11,2
296.267605633803,110.612676056338,-86.5690893729464,10,2
296.255172413793,110.386206896552,-86.8652354922711,7,2
296.262411347518,109.666666666667,-86.8884705502847,14,2
296.181818181818,109.104895104895,-87.2108752315608,14,2
296.13986013986,108.601398601399,-88.1589538936693,10,2
296.095238095238,108.006802721088,-88.5064213801872,18,2
296.028571428571,107.357142857143,-89.5641137949486,13,2
295.993006993007,106.993006993007,-88.5297302959172,9,2
295.921985815603,106.354609929078,-87.3204668858719,12,2
295.892086330935,106.201438848921,-86.770758382886,4,2
295.671328671329,105.629370629371,-85.6423039614192,24,2
295.664335664336,105.293706293706,-85.7292041355019,6,2
295.594202898551,104.376811594203,-83.9826624936144,17,2
295.531034482759,103.889655172414,-84.5920907346745,15,2
295.444444444444,103.486111111111,-84.3307094843278,7,2
295.305555555556,103.118055555556,-84.745655137464,16,2
295.289855072464,102.840579710145,-84.3842048203525,10,2
295.116788321168,102.189781021898,-84.736800971185,15,2
294.861111111111,101.722222222222,-83.2900557225867,19,2
294.601449275362,101.057971014493,-81.5433926937585,16,2
294.41726618705,100.194244604317,-78.5883387880538,29,2
294.227941176471,99.4632352941177,-75.3317459304761,11,2
293.909090909091,98.7552447552448,-69.2567768799424,25,2
293.548611111111,97.7083333333333,-65.5752285272175,33,2
293.462068965517,97.4068965517241,-63.0738519733647,15,2
292.979020979021,96.2587412587413,-61.1209251824296,32,2
292.944827586207,95.8965517241379,-61.648348591066,12,2
292.304054054054,94.5743243243243,-64.4361296288518,35,2
291.571428571429,93.530612244898,-64.110382970824,31,2
291.225165562914,93.1523178807947,-64.7334607669717,20,2
290.415584415584,91.8636363636364,-61.6497680642713,33,2
289.967105263158,91.2697368421053,-60.91294071172,18,2
288.980392156863,89.7777777777778,-55.8924633098492,33,2
288.539877300614,89.361963190184,-51.6970024928338,38,2
288.257142857143,89.0857142857143,-52.1011742944846,24,2
287.802259887006,88.5254237288136,-49.63916094686,32,2
287.611111111111,88.0777777777778,-49.741139859019,17,2
286.95652173913,87.4184782608696,-47.5131831114921,36,2
286.541436464088,86.939226519337,-46.3153843782675,19,2
285.972067039106,86.4525139664805,-45.13358347492,18,2
285.439153439153,86.1322751322751,-42.5872277538396,26,2
284.885245901639,85.672131147541,-40.0776050160063,22,2
284.170212765957,85.3882978723404,-35.897618224587,23,2
283.616161616162,84.8282828282828,-28.7143857057868,32,2
283.391959798995,84.5929648241206,-26.5239037903146,17,2
282.585858585859,84.2474747474748,-21.0538258913444,27,2
282.461165048544,84.0970873786408,-19.5835507747581,16,2
281.71568627451,83.8676470588235,-16.1006595787704,30,2
281.075471698113,83.8254716981132,-14.7175830456685,30,2
280.647342995169,83.7246376811594,-12.5775719046729,19,2
279.99512195122,83.7512195121951,-12.2949692397663,30,2
279.674528301887,83.811320754717,-11.6120111350319,17,2
279.280373831776,83.7056074766355,-10.7245793486742,20,2
278.233009708738,83.6844660194175,-10.2145862128493,26,2
277.701923076923,83.6201923076923,-9.07696197185824,24,2
276.720379146919,83.563981042654,-7.26659102068864,29,2
276.3961352657,83.5942028985507,-6.28330946374489,16,2
274.89552238806,83.2935323383085,-1.0941700606786,34,2
274.176470588235,83.3333333333333,2.72318389832534,25,2
274,83.2079207920792,2.75027065403218,14,2
272.845771144279,83.1890547263682,5.94426602269695,27,2
272.645631067961,83.1747572815534,5.12549835929887,11,2
271.951923076923,83.0432692307692,5.34724907309166,24,2
271.091346153846,83.1923076923077,4.81081353423653,26,2
270.928909952607,83.2227488151659,5.10530208150554,11,2
269.633333333333,83.3857142857143,4.9797084401756,31,2
269.46511627907,83.3953488372093,5.96053006600936,17,2
NaN,NaN,NaN,215,2
430.606666666667,242.793333333333,57.4213541849015,NaN,3
430.555555555556,242.928104575163,57.7372978983298,5,3
430.509554140127,242.942675159236,58.7153367227192,8,3
430.642857142857,242.993506493506,58.2227528848346,11,3
430.683870967742,242.961290322581,58.783813215327,5,3
430.671052631579,242.986842105263,58.5233575697643,7,3
430.730769230769,242.923076923077,58.4297958628245,6,3
430.745098039216,243.058823529412,58.0111146735707,7,3
430.787096774194,242.948387096774,58.9375628060745,6,3
430.751633986928,243.065359477124,57.822408031458,8,3
430.829113924051,243.03164556962,58.7713059418851,9,3
430.826923076923,243.044871794872,58.6491646712062,6,3
430.839743589744,243.166666666667,58.5345581039611,8,3
430.94701986755,243.099337748344,57.4029868364389,7,3
430.901960784314,243.320261437908,58.6296533365073,4,3
430.973509933775,243.205298013245,58.2213245671127,6,3
430.910828025478,243.28025477707,58.5499626973543,6,3
431.037735849057,243.169811320755,58.8454832016901,8,3
430.975,243.51875,59.794285054023,9,3
431.11801242236,243.285714285714,58.582015173375,13,3
431.28025477707,243.191082802548,58.5379727978157,14,3
431.372670807453,243.285714285714,58.5058480529024,12,3
431.341772151899,243.259493670886,57.9996784571024,7,3
431.647058823529,242.895424836601,57.183722649054,13,3
431.522292993631,243.152866242038,57.7997435819262,16,3
431.3,243.405882352941,57.4239461486348,39,3
431.150289017341,243.50289017341,58.6816778230594,31,3
431.331606217617,243.533678756477,40.3111333769551,40,3
426.5,251.925,-3.40337492291267,115,3
425.571428571429,251.857142857143,-0.54508910561552,62,3
438.066298342541,239.259668508287,42.4184936457262,135,3
438.698113207547,239.061320754717,46.0038114254694,77,3
442.994285714286,234.868571428571,41.7330725175632,113,3
444.946428571429,233.767857142857,33.2778729871167,51,3
446.111111111111,233.388888888889,24.8197035627786,32,3
448.266666666667,232.533333333333,12.6048752471493,51,3
449.149700598802,232.293413173653,8.37497551595542,28,3
450.793103448276,231.954022988506,3.8339310206295,55,3
453.093567251462,231.713450292398,-2.63398148931851,47,3
453.397790055249,231.646408839779,-4.04257475905618,22,3
455.170588235294,231.947058823529,-0.802693806126484,49,3
455.873493975904,232.030120481928,0.172846116907612,26,3
457.365714285714,232.365714285714,-3.0480617753396,41,3
458.923529411765,232.552941176471,-9.00565506679605,37,3
459.876470588235,232.788235294118,-16.6669026245097,24,3
461.9875,233.81875,-30.9266802732479,54,3
462.527272727273,234.10303030303,-32.3586608290725,29,3
464.459627329193,235.006211180124,-32.44051792495,50,3
466.228915662651,235.83734939759,-30.7062920163336,37,3
467.391304347826,236.55900621118,-30.1045685285944,37,3
469.660714285714,237.684523809524,-24.3672551577819,53,3
470.252747252747,237.89010989011,-24.6669693201162,30,3
472.724550898204,239.287425149701,-27.0177894078443,63,3
474.827380952381,240.363095238095,-35.0031190631146,59,3
475.79012345679,241.271604938272,-35.9678121474791,44,3
478.211538461538,242.564102564103,-35.4664307674138,52,3
479.25625,243.05,-34.2067041020406,24,3
480.570552147239,244.006134969325,-28.171001001146,45,3
482.846625766871,245.20245398773,-24.5810143441221,50,3
483.658823529412,245.676470588235,-26.4747625308373,23,3
485.689440993789,246.484472049689,-28.3384254061521,51,3
487.072847682119,247.317880794702,-29.3478960465088,34,3
488.926666666667,248.44,-30.4234956535381,51,3
490.575163398693,249.359477124183,-31.7405357271205,43,3
491.2875,249.73125,-29.7963860591621,19,3
492.96449704142,250.414201183432,-28.6036677636681,39,3
493.870588235294,250.811764705882,-26.0182109523228,31,3
495.494117647059,251.611764705882,-26.3201133777051,42,3
497.584795321637,252.502923976608,-27.2652388860662,49,3
498.293103448276,252.994252873563,-30.2528045098826,27,3
500.717791411043,254.20245398773,-31.6920773527274,55,3
501.430303030303,254.575757575758,-34.0369546545081,24,3
503.101796407186,255.502994011976,-32.4163545209997,42,3
504.888235294118,256.417647058824,-28.2918732909266,43,3
505.729411764706,256.770588235294,-26.636604728673,22,3
507.598837209302,257.831395348837,-26.9771218291916,54,3
508.583333333333,258.172222222222,-29.3100692702598,30,3
510.333333333333,259.140350877193,-34.403318029326,47,3
512.329192546584,260.434782608696,-37.8336440017657,52,3
513.633136094675,261.301775147929,-38.8032779560057,30,3
515.39156626506,262.271084337349,-36.4162095094641,43,3
516.132530120482,262.819277108434,-35.3440196369683,22,3
517.964071856287,264.005988023952,-31.9486544122321,49,3
519.830409356725,265.210526315789,-31.6022481480527,50,3
520.94578313253,265.789156626506,-32.331366834605,25,3
522.752941176471,266.894117647059,-38.7016007625243,48,3
523.396341463415,267.628048780488,-40.3917969030118,28,3
525.373417721519,269.037974683544,-43.1310637116039,50,3
527.274509803922,270.647058823529,-43.5043584074298,47,3
528.165605095541,271.216560509554,-41.5301042213495,24,3
529.3,271.93125,-38.6415312490571,43,3
530.055214723926,272.447852760736,-37.1965039888133,29,3
531.817073170732,273.884146341463,-39.953866353364,49,3
533.480769230769,275.435897435897,-41.5022986566606,46,3
534.43137254902,276.222222222222,-47.3562788626892,31,3
535.97385620915,277.477124183007,-48.5501743387181,40,3
536.855263157895,278.407894736842,-49.9461654297922,27,3
538.320512820513,279.935897435897,-47.8863924859429,42,3
539.450617283951,281.037037037037,-46.1334739421678,42,3
539.962962962963,281.41975308642,-44.3179762741196,16,3
541.32298136646,282.919254658385,-45.1977128165885,45,3
541.957831325301,283.825301204819,-46.7630013678282,21,3
543.343558282209,285.386503067485,-48.7491258153116,43,3
544.967948717949,287.070512820513,-50.5868308509238,45,3
545.733766233766,287.701298701299,-48.8763196829731,22,3
547.490445859873,289.31847133758,-46.3214529192327,47,3
547.975155279503,289.627329192547,-44.7130724673968,22,3
549.34756097561,290.908536585366,-42.7410880316612,47,3
550.712574850299,292.455089820359,-44.4276325994512,49,3
551.412121212121,293.048484848485,-44.3848346151356,26,3
553.006211180124,294.751552795031,-48.5809705510689,50,3
553.836477987421,295.786163522013,-50.5019488629115,32,3
555.575949367089,297.443037974684,-50.7694483498343,45,3
557.245283018868,298.893081761006,-46.3364747796426,57,3
557.777070063694,299.541401273885,-44.0363211548238,20,3
559.326923076923,301.25641025641,-44.1117572918133,49,3
560.023391812865,301.801169590643,-48.7629974815033,35,3
561.605095541401,304.140127388535,-55.2201165256273,66,3
563.551282051282,306.26282051282,-60.2865768100855,55,3
564.220858895706,307.134969325153,-54.693551732485,31,3
565.962264150943,309.276729559748,-47.7406767236402,58,3
566.621118012422,310,-46.4283033908467,34,3
568.364779874214,312.25786163522,-47.7817411610808,54,3
569.880503144654,313.465408805031,-53.8217220510104,54,3
570.8,314.735483870968,-54.2619617317862,38,3
572.257668711656,316.509202453988,-56.0280832139541,48,3
573.076923076923,317.647435897436,-57.029633172668,33,3
574.37106918239,319.176100628931,-53.0362468269887,47,3
575.451219512195,320.682926829268,-50.2293938249254,49,3
576.337662337662,321.480519480519,-48.6063338330993,24,3
577.289473684211,323.072368421053,-53.4342054861003,48,3
577.875776397516,324.04347826087,-57.0067665777572,27,3
579.259036144578,325.680722891566,-58.7746955173481,47,3
580.6125,327.46875,-58.8672583925055,48,3
581.220858895706,328.263803680982,-55.9285712706414,29,3
582.077922077922,329.512987012987,-50.4301467367097,43,3
582.871165644172,330.662576687117,-50.5394533701621,29,3
584.263803680982,332.300613496932,-53.084252425372,52,3
585.445161290323,334.496774193548,-55.4371182699883,54,3
586.073825503356,335.134228187919,-56.8119276053057,20,3
587.477124183006,336.97385620915,-59.3103691003572,48,3
588.283870967742,338.277419354839,-60.7663522188066,28,3
589.339869281046,339.843137254902,-59.1136903215701,48,3
590.184210526316,341.394736842105,-58.7534272377032,33,3
590.726666666667,342.133333333333,-58.6110733684662,26,3
591.687074829932,344.170068027211,-61.1746188697451,47,3
592.033333333333,344.706666666667,-62.1351010764583,19,3
593.219178082192,346.458904109589,-66.1032105649814,46,3
594.221476510067,348.476510067114,-67.5044265642026,41,3
594.648648648649,349.087837837838,-65.2776530738272,17,3
595.686274509804,350.849673202614,-61.3321214203507,47,3
596.108974358974,351.852564102564,-61.7321482842472,27,3
596.949367088608,353.664556962025,-60.8812182143967,44,3
NaN,NaN,NaN,158,3
412.471337579618,243.324840764331,-44.6284197496952,NaN,4
412.455696202532,243.379746835443,-44.619017082228,7,4
412.278481012658,243.221518987342,-44.1611390637215,4,4
412.360248447205,243.341614906832,-44.8773017507556,7,4
412.46875,243.525,-44.7419822486538,5,4
412.391304347826,243.434782608696,-44.8010094312643,5,4
412.462962962963,243.561728395062,-45.645950587116,5,4
412.349693251534,243.466257668712,-45.3496895996003,7,4
412.180124223602,243.409937888199,-45.1909465138759,8,4
412.282208588957,243.460122699387,-45.4907513765962,4,4
412.302469135802,243.339506172839,-45.5241097797561,7,4
412.25,243.4,-45.0020834828877,6,4
412.404761904762,243.738095238095,-49.5384830336222,14,4
412.583815028902,244.104046242775,-50.8310096404374,21,4
412.553571428571,243.821428571429,-48.6650438365443,17,4
412.697142857143,244.445714285714,-52.3964012492986,21,4
412.697674418605,244.093023255814,-49.6725735084154,13,4
412.747126436782,244.034482758621,-49.0034063111016,12,4
412.896551724138,244.201149425287,-47.2299435319217,16,4
412.797752808989,244.241573033708,-48.822684131868,32,4
412.436046511628,244.720930232558,-59.6978836412401,64,4
411.793296089385,244.418994413408,-69.1382639349321,51,4
410.215053763441,242.467741935484,-78.4233154771322,95,4
409.452229299363,236.286624203822,-53.398708735974,139,4
407.890625,233.9375,-45.7616653359484,87,4
405.848275862069,231.324137931034,-57.2282620359889,71,4
404.529411764706,229.83660130719,-65.1658573807823,42,4
402.980769230769,226.775641025641,-59.6309222274933,73,4
402.233532934132,225.790419161677,-53.613625560917,55,4
401.407407407407,224.851851851852,-50.2453759010421,33,4
399.788461538462,222.903846153846,-48.3090607217106,60,4
399.21568627451,222.176470588235,-48.9190863962587,25,4
398.027210884354,220.904761904762,-48.5321571770324,42,4
396.61935483871,219.535483870968,-50.6311241586599,46,4
395.891719745223,218.847133757962,-49.6541939407833,26,4
394.553459119497,217.937106918239,-43.3808919251415,42,4
394.082278481013,217.664556962025,-39.2572017648337,17,4
392.69696969697,217.006060606061,-32.7352764578641,45,4
391.397590361446,216.28313253012,-29.7730515349045,47,4
390.553571428571,215.946428571429,-29.4304165196306,26,4
388.105263157895,214.407894736842,-32.9358378685264,62,4
387.171232876712,214.006849315069,-35.765554110167,28,4
385.695364238411,213.377483443709,-34.3891613334187,39,4
383.794871794872,212.583333333333,-29.3442565494859,45,4
382.758169934641,212.16339869281,-24.9859908480724,27,4
381.012195121951,211.25,-23.0916534870641,49,4
380.076923076923,210.903846153846,-20.9444818049606,34,4
377.870967741935,210.148387096774,-21.2908649702267,49,4
375.687074829932,209.285714285714,-26.9847474190846,54,4
374.744827586207,209.013793103448,-28.4409632666417,28,4
372.458064516129,207.922580645161,-31.561232114402,48,4
371.372549019608,207.398692810458,-31.5401181083194,26,4
369.745222929936,206.490445859873,-29.6605417704823,42,4
368.263157894737,205.927631578947,-27.4630565765136,39,4
367.267973856209,205.385620915033,-27.2780317234734,25,4
365.533783783784,204.574324324324,-27.8527935183129,47,4
364.639455782313,204.176870748299,-29.1438039279419,23,4
362.927152317881,203.476821192053,-33.6639095317492,52,4
360.873333333333,202.6,-35.3596619230036,45,4
359.986928104575,202.032679738562,-33.9387514554145,21,4
358.673202614379,201.313725490196,-28.6717506101936,40,4
357.893081761006,201.157232704403,-27.123763375908,20,4
356.49375,200.46875,-24.7531032411604,43,4
354.849397590361,199.692771084337,-25.1328301589034,44,4
353.7,199.30625,-24.8052039500718,36,4
351.5,198.4,-25.9782724409191,46,4
350.557823129252,197.897959183673,-28.1169416120026,27,4
349.181818181818,197.519480519481,-25.9112578765459,35,4
347.38125,196.74375,-21.1127525923834,48,4
346.246835443038,196.322784810127,-17.5636046371127,24,4
344.905063291139,195.911392405063,-14.16007730964,38,4
343.805031446541,195.465408805031,-12.5337758611294,33,4
341.76282051282,194.929487179487,-11.6118052289258,47,4
339.962732919255,194.627329192547,-12.9195309845859,37,4
338.565789473684,194.217105263158,-14.3242215364177,31,4
336.89375,194.04375,-15.2736787869267,32,4
335.68,193.62,-15.9587904593056,32,4
334.240506329114,193.354430379747,-12.9965476358892,30,4
332.253164556962,193.025316455696,-9.35194562575936,44,4
331.363057324841,192.866242038217,-6.67549959894494,29,4
329.544871794872,192.596153846154,-4.09556174551675,39,4
328.981595092025,192.558282208589,-4.59067643386053,17,4
326.801242236025,192.372670807453,-7.38530251881318,42,4
325.153846153846,192.083333333333,-10.298706050048,37,4
324.325,192.05,-9.11195549763358,20,4
322.37012987013,191.753246753247,-9.28188520598239,44,4
321.66875,191.70625,-9.00197197559832,16,4
320.031055900621,191.465838509317,-5.25255576625557,39,4
318.294117647059,191.382352941176,-2.89652703791538,39,4
316.777777777778,191.222222222222,-2.94629474654021,35,4
315.269938650307,191.01226993865,-4.84577953219105,36,4
314.60248447205,190.88198757764,-6.51127512947566,30,4
312.331168831169,190.538961038961,-12.3234696968201,47,4
310.654545454545,190.393939393939,-12.839874118187,45,4
309.303797468354,190.139240506329,-10.2464618519109,29,4
306.767741935484,189.651612903226,-3.10110789086837,57,4
306.062111801242,189.44099378882,-2.91899988462519,26,4
303.962962962963,189.246913580247,-5.77503238874342,47,4
301.378881987578,188.919254658385,-16.7882870413563,59,4
300.231707317073,188.713414634146,-17.7788005122799,27,4
297.786163522013,188.025157232704,-16.883774120059,53,4
296.481481481481,187.345679012346,-15.501626135976,35,4
294.245508982036,186.808383233533,-9.43440138192911,59,4
292.1,186.070588235294,-11.2026816182061,59,4
290.739393939394,185.684848484848,-15.4153225637728,33,4
288.447204968944,185.055900621118,-25.4830186670008,64,4
287.155688622754,184.562874251497,-28.5173208868644,34,4
285.251428571429,183.708571428571,-30.5187340984907,64,4
283.4,182.451428571429,-22.6727402704963,56,4
282.212290502793,181.59217877095,-21.096023096962,36,4
280.730337078652,181.039325842697,-19.0606049630406,45,4
279.548571428571,180.485714285714,-20.7145847615725,33,4
277.64880952381,179.52380952381,-26.2319088870675,53,4
275.520467836257,178.713450292398,-29.7709932180405,53,4
274.351515151515,178.060606060606,-27.5670412785975,32,4
272.44578313253,177.060240963855,-23.7494826660334,53,4
271.815950920245,176.668711656442,-20.2439316892947,29,4
270.398773006135,175.730061349693,-20.4811342345413,52,4
268.754601226994,175.061349693252,-24.8625630442949,44,4
267.448051948052,174.61038961039,-25.428940556015,31,4
265.317073170732,173.207317073171,-28.3233500122031,68,4
263.987878787879,172.678787878788,-26.7103134673072,33,4
262.754385964912,172.175438596491,-22.8083170432511,46,4
260.46783625731,170.93567251462,-22.7232556764708,62,4
259.815028901734,170.531791907514,-26.7207432917751,36,4
257.120481927711,168.861445783133,-35.9943951977693,63,4
256.525714285714,168.72,-38.4783822321036,29,4
253.890909090909,166.848484848485,-39.9834122773211,64,4
252.39226519337,165.696132596685,-35.0455119018237,54,4
251.230337078652,164.623595505618,-32.8678332350477,37,4
248.754601226994,162.822085889571,-36.339705484854,63,4
248.607142857143,162.708333333333,-36.9186299334678,25,4
246.526315789474,161.198830409357,-38.919277619461,59,4
244.78612716763,159.907514450867,-35.3227458824776,52,4
244.011363636364,159.375,-30.8257383032568,25,4
242.127906976744,157.720930232558,-25.3182595009235,64,4
240.770588235294,157,-24.0997416811121,36,4
239.705555555556,156.305555555556,-29.4660124194703,44,4
237.612021857924,155.07650273224,-32.1459643656866,61,4
236.462765957447,154.43085106383,-32.3774425039884,39,4
233.747126436782,152.931034482759,-26.7642570851591,56,4
233.194444444444,152.538888888889,-25.3361124649775,32,4
231.472826086957,151.277173913043,-18.7029727702903,64,4
230.5,150.78021978022,-21.7537501813628,46,4
229.313513513514,150.378378378378,-24.115429786581,39,4
227.617486338798,149.770491803279,-24.7545833438191,60,4
226.35393258427,149.35393258427,-25.4067341338174,27,4
223.976608187135,148.19298245614,-18.9393151501645,55,4
222.789189189189,147.713513513514,-13.6419974240779,42,4
222.144444444444,147.455555555556,-11.9566751392684,29,4
220.849462365591,146.951612903226,-11.8919448352225,46,4
220.326530612245,146.928571428571,-11.729275689491,28,4
218.216666666667,146.3,-13.7035057426213,56,4
215.846153846154,145.945054945055,-11.9809513292748,46,4
215.072222222222,145.733333333333,-9.47494078875518,26,4
213.247252747253,145.428571428571,-5.34600830423323,42,4
212.228260869565,145.25,-0.93179581784853,30,4
211.083769633508,145.083769633508,-1.08373432612364,39,4
209.954314720812,144.888324873096,-1.68621572396581,38,4
208.641025641026,144.948717948718,-2.87794918371982,32,4
206.217171717172,144.752525252525,-5.63607976266309,57,4
205.514423076923,144.956730769231,-4.55446509258405,34,4
203.509900990099,144.722772277228,-2.2736118434907,54,4
201.83,144.7,6.17951010014734,50,4
200.979695431472,144.431472081218,5.08619664863301,35,4
199.34328358209,144.467661691542,2.23724190220548,50,4
199.049773755656,144.461538461538,0.757874081332468,30,4
196.441048034935,144.615720524017,-4.79203486083434,74,4
193.292237442922,144.401826484018,-3.15103425950224,80,4
192.14,144.64,1.18541409727421,49,4
189.876237623762,144.787128712871,0.449378185454788,68,4
188.693069306931,144.960396039604,-5.44946684925133,38,4
185.925373134328,144.81592039801,-8.68609867036425,77,4
182.478021978022,144.225274725275,-2.65541699695787,71,4
181.175141242938,144.101694915254,-0.290901115230046,43,4
178.739884393064,144.080924855491,-1.86108309602328,52,4
177.265432098765,144,-5.51995323440672,37,4
175.68023255814,143.645348837209,-5.27488446163597,54,4
173.958333333333,143.75,-7.85221675271246,60,4
173.075,143.64375,-2.38018200364431,30,4
173.25,143.488095238095,-0.0340148120061946,32,4
173.539772727273,143.710227272727,-1.21714764110012,22,4
175.043243243243,143.556756756757,-5.2630969249317,49,4
175.977653631285,144.016759776536,-8.33403820784726,54,4
175.314285714286,143.834285714286,-9.05031050531367,28,4
174.715083798883,143.675977653631,-8.31148077378958,36,4
172.933333333333,143.030303030303,2.34819768466916,34,4
174.265536723164,143.045197740113,2.28870488716002,38,4
175.231182795699,142.97311827957,1.1977553307046,33,4
NaN,NaN,NaN,186,4
444.846666666667,252.393333333333,77.0109168180512,NaN,5
444.806666666667,252.313333333333,77.2882791658795,6,5
444.820512820513,252.352564102564,77.2443992220517,6,5
444.741721854305,252.503311258278,78.0497435244955,9,5
444.761589403974,252.350993377483,76.7520934019459,8,5
444.691780821918,252.513698630137,77.8688193811825,7,5
444.756578947368,252.328947368421,77.3439706291253,8,5
444.773333333333,252.306666666667,77.1196077013361,6,5
444.782894736842,252.296052631579,77.1816408296589,8,5
444.693333333333,252.386666666667,76.9877751326274,12,5
444.738562091503,252.300653594771,76.8887417975769,5,5
444.746835443038,252.145569620253,77.8533286897937,11,5
444.68152866242,252.101910828025,77.5709536000649,13,5
444.598765432099,252.086419753086,78.6461434973057,19,5
444.646706586826,251.48502994012,75.6703630571406,53,5
444.497237569061,251.585635359116,82.6362349135645,38,5
444.788732394366,250.49765258216,-66.9287779783198,84,5
444.631313131313,252.393939393939,-45.9663936443785,109,5
445.707692307692,253.548717948718,-46.3371630681224,55,5
447.188172043011,255.908602150538,-58.5997582877257,93,5
449.128048780488,258.890243902439,-77.4310587494501,78,5
450.329192546584,262.826086956522,-71.8171962804712,81,5
451.030303030303,266.648484848485,-65.6139779719975,86,5
451.217948717949,267.923076923077,-65.4435826666658,33,5
451.987261146497,271.350318471338,-76.4638829545343,67,5
452.074074074074,272.648148148148,-80.5057043369238,33,5
452.196078431373,275.575163398693,-87.695129864058,67,5
452.312056737589,278.439716312057,-88.5038692721363,54,5
452.194630872483,279.046979865772,-86.4715550120148,22,5
451.965517241379,281.303448275862,-88.2308138001789,50,5
451.730496453901,282.028368794326,-87.728739175933,24,5
451.168918918919,284.148648648649,76.647168062219,47,5
450.20987654321,285.549382716049,54.7000822287134,50,5
449.590062111801,286.223602484472,45.0092198845772,27,5
448.151515151515,287.49696969697,34.605803143889,58,5
447.394117647059,287.888235294118,33.3808196428157,31,5
445.861271676301,288.618497109827,36.8266695518966,49,5
443.409638554217,290.042168674699,43.1876261690605,61,5
442.526315789474,290.678362573099,43.3194447934738,33,5
439.689440993789,292.571428571429,36.6731655833161,66,5
438.612121212121,293.278787878788,33.3650574332867,36,5
436.567073170732,294.512195121951,27.0959663242135,69,5
434.776397515528,295.670807453416,30.3164984403759,47,5
434.107594936709,296.012658227848,31.8013695635773,21,5
431.567741935484,297.729032258065,42.256215470733,67,5
430.283870967742,298.832258064516,47.1734326886206,36,5
428.151898734177,300.689873417722,43.0001288407988,55,5
426.503144654088,302.283018867925,38.380526314454,47,5
425.936305732484,302.71974522293,35.1016681505408,18,5
424.28025477707,304.140127388535,34.7631820834389,54,5
423.435294117647,304.876470588235,37.8289430553015,29,5
421.873493975904,306.192771084337,43.693231141347,54,5
419.695364238411,308.271523178808,42.1572859696537,61,5
418.839743589744,308.929487179487,39.1128544243239,21,5
417.05625,310.33125,35.9957621344726,46,5
416.731707317073,310.628048780488,32.6916446200756,24,5
415.160714285714,311.72619047619,30.0030868761678,48,5
413.348837209302,312.883720930233,31.1116661937746,50,5
412.060975609756,313.768292682927,32.4207353409943,32,5
410.105590062112,314.975155279503,34.9816913615659,47,5
408.748427672956,315.85534591195,33.9650859076173,34,5
406.721212121212,317.060606060606,28.9526504746136,44,5
404.958083832335,317.946107784431,24.5113019392597,54,5
403.814371257485,318.568862275449,22.3132327733601,30,5
402.323529411765,319.170588235294,18.3908582322396,45,5
401.395348837209,319.558139534884,20.8995372702142,30,5
399.063953488372,320.401162790698,27.150415408412,64,5
396.464705882353,321.647058823529,26.2425962681361,58,5
395.176829268293,322.012195121951,23.691260756899,32,5
393.037267080745,322.95652173913,15.8748973057031,55,5
392.092592592593,323.20987654321,13.9200271546796,25,5
389.950310559006,323.95652173913,11.7293347318999,57,5
387.846153846154,324.426035502959,13.0846553746794,44,5
386.428571428571,324.767857142857,16.1098566808945,29,5
384.825581395349,325.302325581395,17.7042508971661,46,5
383.460606060606,325.618181818182,18.2443706331083,33,5
381.088607594937,326.430379746835,13.3013878763995,55,5
379.074534161491,326.807453416149,7.59018742884334,47,5
378.072727272727,327.024242424242,5.21977271126787,26,5
375.760479041916,327.502994011976,4.36586617400109,54,5
374.754385964912,327.573099415205,6.00973984446735,24,5
372.34756097561,327.768292682927,9.59649663866091,53,5
370.434523809524,328.107142857143,12.653574660442,44,5
368.988304093567,328.157894736842,13.5144880105741,29,5
367.017964071856,328.658682634731,10.046194943603,50,5
365.835365853659,328.908536585366,7.54386968275644,23,5
364.091463414634,329.128048780488,3.91176246149603,42,5
361.90243902439,329.310975609756,2.99024376930318,42,5
360.844720496894,329.310559006211,3.97852114016643,25,5
358.968944099379,329.515527950311,7.40167156036726,48,5
357.913043478261,329.577639751553,8.49200879543682,24,5
356.173652694611,329.568862275449,7.9812146887595,36,5
353.75641025641,329.852564102564,4.41176323374663,43,5
352.675496688742,329.781456953642,-0.217816137030602,29,5
350.922619047619,329.857142857143,-2.44389204323343,35,5
349.94375,329.94375,-4.29621858579179,28,5
347.727848101266,329.829113924051,-2.48298031554333,50,5
345.679245283019,329.798742138365,0.390965423286655,41,5
344.85625,330.01875,2.75598319160579,29,5
342.88622754491,329.976047904192,5.08318716997585,35,5
342.313953488372,329.860465116279,6.8312618569063,27,5
339.932515337423,330.128834355828,1.98851433940621,47,5
338.353658536585,330.109756097561,-2.18260908594225,39,5
337.469879518072,330.307228915663,-2.40096903664455,22,5
334.480263157895,330.355263157895,-2.55244737689231,54,5
333.714285714286,330.329192546584,-2.28305142483404,19,5
331.987878787879,330.127272727273,4.25064844062922,42,5
329.993865030675,330.251533742331,5.05910669547693,42,5
328.85625,330.3375,4.76305746639128,23,5
326.929936305732,330.382165605096,1.72842920231797,37,5
326.359756097561,330.34756097561,1.15200629564918,21,5
324.808383233533,330.443113772455,-4.3180218028049,47,5
322.774390243902,330.371951219512,-6.49610585101857,41,5
321.730061349693,330.490797546012,-4.22811295089394,29,5
319.45,330.3625,-0.13294301725292,45,5
318.59880239521,330.179640718563,1.55772675177508,23,5
316.982352941176,330.147058823529,3.16928636414847,41,5
315.041916167665,330.167664670659,3.85484550114127,39,5
314.042424242424,330.230303030303,2.14067697106855,22,5
312.651162790698,330.127906976744,-1.25290510161984,31,5
311.465838509317,330.329192546584,-2.95079706145023,31,5
309.50303030303,330.115151515152,-5.73797260786414,40,5
307.537974683544,330.069620253165,-4.25559079367805,39,5
306.762195121951,330.225609756098,-1.54213159300837,24,5
305.222222222222,330.12865497076,0.967108979298604,31,5
304.350877192982,330.081871345029,1.55770438841544,22,5
303.132183908046,329.890804597701,1.39129611685169,29,5
301.362573099415,329.836257309942,-1.91389966298965,41,5
300.714285714286,329.834285714286,-3.10246633360245,16,5
298.887573964497,329.89349112426,-6.53716727219384,38,5
297.748502994012,329.922155688623,-8.15489542009088,26,5
295.68125,329.7625,-7.28185621240936,39,5
294.420731707317,329.530487804878,-5.49388759085921,34,5
293.482142857143,329.39880952381,-2.79953796307441,20,5
292.209580838323,329.263473053892,-1.66982968860835,31,5
291.421686746988,329.126506024096,-1.75667277074957,17,5
290.232142857143,329.017857142857,-4.50794246118094,32,5
289.130952380952,328.964285714286,-7.97415832756149,28,5
288.341176470588,328.647058823529,-10.0224220435085,32,5
286.111111111111,328.537037037037,-14.3621315262551,42,5
285.03125,328.31875,-15.6435510562758,26,5
283.54375,328.1,-15.5978078600362,28,5
282.03125,327.74375,-12.9253075068347,32,5
281.471698113208,327.415094339623,-12.0310248356163,21,5
280.710843373494,327.180722891566,-11.2362764085407,21,5
279.946107784431,326.862275449102,-11.4460344011538,21,5
278.786585365854,326.69512195122,-12.360701500401,27,5
277.831325301205,326.39156626506,-14.1089880731845,26,5
277.111111111111,326.253086419753,-16.5592752111194,20,5
275.398773006135,325.840490797546,-19.4199651204728,39,5
274.9875,325.61875,-21.2031913364294,21,5
273.196202531646,325.215189873418,-24.5322512314323,34,5
272.248366013072,324.862745098039,-23.1744633269652,27,5
271.58064516129,324.645161290323,-22.6511221333061,14,5
270.805031446541,324.40251572327,-20.2308333822531,20,5
270.260869565217,324.111801242236,-20.5350352605095,22,5
269.542682926829,323.689024390244,-17.9344294700404,29,5
268.656626506024,323.343373493976,-16.0504145463679,22,5
268.151515151515,323.09696969697,-16.1875357707745,13,5
267.128048780488,322.865853658537,-16.8096067387344,23,5
266.746987951807,322.765060240964,-16.1822028700104,10,5
266.168604651163,322.581395348837,-16.8985700963489,18,5
265.190476190476,322.172619047619,-18.930043419132,22,5
264.697674418605,322.110465116279,-18.0261565238745,12,5
263.650306748466,321.773006134969,-20.4805945635251,25,5
263.439024390244,321.628048780488,-20.4849921432814,9,5
262.740963855422,321.343373493976,-21.2576818740746,24,5
261.732919254658,320.981366459627,-20.1654924366754,25,5
261.384146341463,320.829268292683,-19.4708265176248,13,5
260.545454545455,320.563636363636,-17.4956918163011,23,5
260.060975609756,320.390243902439,-16.7513030962516,11,5
259.383233532934,320.023952095808,-14.7057054675553,17,5
258.676646706587,319.832335329341,-13.1693432921678,22,5
258.409356725146,319.695906432749,-12.5872236923573,14,5
258.011834319527,319.520710059172,-12.7654960953085,18,5
257.682634730539,319.293413173653,-11.8751598013318,16,5
256.821428571429,319.059523809524,-14.3985009376848,21,5
256.219512195122,318.920731707317,-15.6026134676685,16,5
256.01226993865,318.815950920245,-16.4858365901471,15,5
255.042424242424,318.557575757576,-18.4935416821152,22,5
254.736526946108,318.532934131737,-20.4386085576317,22,5
253.672727272727,318.278787878788,-21.4969913298529,26,5
252.283018867925,317.836477987421,-21.5035192320672,24,5
251.554140127389,317.643312101911,-20.6733342692626,20,5
250.345911949686,317.25786163522,-15.2040540262462,30,5
250.28313253012,317.289156626506,-15.0319119925247,17,5
249.375,316.892857142857,-9.69817648471583,30,5
248.672316384181,316.553672316384,-4.96645070960078,31,5
247.954285714286,316.462857142857,-6.39315531602183,24,5
247.377906976744,316.244186046512,-6.11921267818842,29,5
246.837209302326,316.383720930233,-7.19341156113291,16,5
245.744444444444,316.294444444444,-9.22724994294072,36,5
243.5,316.170588235294,-10.6283663486629,44,5
242.420118343195,316.183431952663,-8.31465034822036,27,5
241.205555555556,316.027777777778,-2.99479068771873,43,5
240.411428571429,315.857142857143,2.11877914486118,21,5
239.553191489362,315.88829787234,7.91568808760021,33,5
238.124324324324,316.064864864865,15.0815876891973,39,5
237.251366120219,316.27868852459,13.066192999206,22,5
236.387434554974,316.549738219895,13.2908992656467,40,5
235.739361702128,316.808510638298,13.5259739947792,27,5
234.659685863874,316.994764397906,11.265565546346,33,5
233.021390374332,317.417112299465,10.9418283492585,44,5
231.938547486034,317.603351955307,13.1592988779027,26,5
230.764705882353,318.139037433155,17.8943796512336,32,5
230.10582010582,318.216931216931,19.6605279972386,22,5
228.989583333333,318.640625,23.3565342076869,33,5
227.764705882353,319.122994652406,24.5570121427116,31,5
227.417989417989,319.343915343915,24.8329052562343,20,5
226.235294117647,319.946524064171,24.1711839764511,36,5
226.058823529412,319.967914438503,22.5430332194565,18,5
224.521276595745,320.829787234043,21.0850310531258,39,5
223.342105263158,321.321052631579,20.7884146193034,44,5
222.94923857868,321.507614213198,22.1482251936443,21,5
221.605263157895,322.147368421053,26.4876657014821,31,5
220.818652849741,322.481865284974,29.469568612647,23,5
219.848958333333,322.958333333333,33.3396896849679,29,5
218.761658031088,323.647668393782,37.2252705693477,33,5
218.354166666667,324.041666666667,36.0261213910971,19,5
217.089947089947,324.904761904762,37.1318000839489,35,5
216.62962962963,325.089947089947,35.2172661129391,18,5
215.831578947368,325.915789473684,30.958397326503,35,5
214.979487179487,326.651282051282,28.8212136503055,39,5
214.466321243523,327.041450777202,29.3761408926198,24,5
213.59793814433,327.577319587629,27.6616124320295,31,5
212.989583333333,328.140625,29.9702113580481,20,5
211.317204301075,328.935483870968,34.959703093913,44,5
210.101604278075,329.614973262032,36.3837885198197,37,5
210.042780748663,329.807486631016,36.6475210759388,26,5
208.905263157895,330.857894736842,34.4161580201048,41,5
208.376288659794,331.015463917526,32.9013436972237,26,5
207.471502590674,331.849740932642,28.5671112009209,43,5
206.188481675393,332.764397905759,22.8752879712063,52,5
205.883248730964,332.771573604061,20.6876868352249,24,5
204.556097560976,333.69756097561,20.887928026183,46,5
203.673076923077,333.8125,19.3257815458135,25,5
202.536585365854,334.419512195122,23.2523654111498,37,5
201.631578947368,334.885167464115,26.9767637479793,24,5
201.057692307692,335.201923076923,27.8671863491432,23,5
199.942028985507,335.855072463768,28.1506775889208,33,5
199.507317073171,336.239024390244,29.2142522608641,20,5
198.990147783251,336.551724137931,27.0213405861123,32,5
198.063106796117,337.305825242718,25.97169173521,37,5
197.035532994924,337.852791878173,24.8731231966318,25,5
195.618811881188,338.638613861386,25.2035496607972,43,5
195.840375586854,338.615023474178,24.6144086554861,15,5
194.175,339.085,30.4291326913235,43,5
193.309178743961,339.492753623188,37.6192930670627,35,5
192.951219512195,339.80487804878,39.1058411129271,22,5
192.049504950495,340.445544554455,38.9579916727535,39,5
191.53,340.78,38.0386064023785,22,5
190.834951456311,341.354368932039,35.0866089180242,30,5
189.738693467337,342.366834170854,26.8496539985575,45,5
189.49756097561,342.712195121951,24.7131515918823,22,5
188.384236453202,343.768472906404,18.5163993044171,48,5
187.592233009709,344.276699029126,16.0390596182448,29,5
186.375634517766,344.670050761421,14.7969588243682,43,5
185.180327868852,345.021857923497,18.828901814701,38,5
184.611111111111,345.138888888889,19.8382126083859,21,5
183.630434782609,345.190217391304,24.8749101362414,38,5
183.065573770492,345.448087431694,26.8927949218295,27,5
182.116666666667,345.688888888889,27.0984738750174,37,5
181.281081081081,346.275675675676,25.1460603322638,35,5
180.967914438503,346.48128342246,23.7023553869787,20,5
180.151832460733,346.942408376963,22.351972435813,40,5
179.649214659686,347.251308900524,21.2032909402958,30,5
177.638418079096,347.887005649718,24.8658330074945,50,5
176.28323699422,348.346820809249,28.390472736321,38,5
175.214285714286,348.720238095238,30.6676638737496,19,5
174.561403508772,348.923976608187,32.845547044812,39,5
174.111111111111,349.239766081871,31.8820867305793,20,5
173.443181818182,349.840909090909,30.5860460274004,23,5
172.624309392265,350.580110497238,28.9893995330264,35,5
172.387640449438,350.955056179775,28.3184946045804,17,5
171.505555555556,351.6,27.7252306193321,34,5
171.573033707865,351.651685393258,27.1035481274899,18,5
170.841807909605,352.039548022599,31.22421819968,31,5
170.318181818182,352.386363636364,33.6032152252101,17,5
169.873563218391,352.620689655172,36.4534113223581,16,5
169.398843930636,352.959537572254,40.5905749279617,33,5
169.005952380952,353.220238095238,46.101267575072,21,5
168.586419753086,353.913580246914,52.820271110777,28,5
168.574850299401,354.305389221557,56.2890521872094,25,5
168.762195121951,354.493902439024,57.7253055643596,19,5
168.921686746988,354.819277108434,58.9070086620125,30,5
169.09696969697,355.127272727273,57.4110341184214,17,5
169.421052631579,355.502923976608,58.5926979124301,28,5
169.362573099415,356.210526315789,58.8012083929119,48,5
169.247126436782,356.666666666667,61.4624471238302,23,5
168.58024691358,358.216049382716,70.0909481113877,42,5
168.158536585366,358.914634146341,76.5039863867393,28,5
168.168674698795,360,79.8467340349511,44,5
168.037735849057,361.37106918239,80.9874758246893,39,5
168.03821656051,361.700636942675,75.6098929064984,22,5
168.358024691358,362.475308641975,71.1864759149881,39,5
168.573170731707,362.890243902439,67.2104397498157,22,5
168.635220125786,363.465408805031,65.883029142151,25,5
168.768292682927,363.969512195122,63.1736575799914,29,5
168.660493827161,364.29012345679,61.8205429884469,16,5
168.573248407643,365.12101910828,60.0864997405396,25,5
168.424050632911,365.430379746835,59.2340778310549,17,5
168.086956521739,366.285714285714,62.7870492664744,27,5
167.83850931677,366.546583850932,67.133529395052,28,5
167.80487804878,366.853658536585,68.3949032117941,13,5
167.512820512821,367.717948717949,73.0188386537575,26,5
167.481012658228,367.677215189873,74.3390497778379,10,5
