377.071428571429,251.607142857143,-87.147327344941,NaN,1
377.152941176471,251.658823529412,-85.8793409770434,3,1
377.252873563218,251.609195402299,-84.7854408776198,4,1
377.25,251.670454545455,-86.0376620833309,3,1
377.425287356322,251.620689655172,-84.3187457012192,5,1
377.383720930233,251.337209302326,-84.7897357918332,7,1
377.453488372093,251.46511627907,-85.342053103505,2,1
377.547619047619,251.785714285714,-87.1988770068693,6,1
377.602272727273,251.647727272727,-86.4497306456768,4,1
377.722891566265,251.602409638554,-86.367343771152,5,1
377.788235294118,251.741176470588,-85.033067112052,2,1
377.761904761905,251.583333333333,-85.5396708815934,3,1
377.825581395349,251.604651162791,-85.2230424810598,2,1
377.8,251.647058823529,-84.846832860222,1,1
377.825581395349,251.604651162791,-85.2230424810598,1,1
377.847058823529,251.658823529412,-85.5309121720238,1,1
377.89156626506,251.771084337349,-86.1951217137154,2,1
377.940476190476,251.619047619048,-85.23847202725,3,1
377.951807228916,251.867469879518,-87.0902289994839,3,1
377.951807228916,251.867469879518,-87.0902289994839,0,1
378.025,251.875,-85.9916361576958,5,1
378.036585365854,251.69512195122,-86.6449110408876,2,1
378.0375,251.8125,-86.0569969558105,6,1
378.05,251.9,-87.0060363689368,2,1
377.987804878049,251.80487804878,-86.2629420295464,2,1
378.102564102564,251.884615384615,-86.6618887547011,4,1
378.102564102564,251.923076923077,-86.9490463569217,4,1
378.111111111111,251.679012345679,-87.2162350969809,3,1
378.259259259259,251.876543209877,-87.1484316040157,4,1
378.1375,251.725,-87.5830324960037,3,1
378.164556962025,251.810126582278,-88.2804799197038,1,1
378.30487804878,251.890243902439,-86.8830385232905,3,1
378.375,251.95,-87.05747189349,2,1
378.275,251.9125,-89.2916980707344,4,1
378.275,251.925,-89.0755283912317,2,1
378.240506329114,251.949367088608,-88.8134474237532,3,1
378.268292682927,251.731707317073,-88.0201105931486,3,1
378.320987654321,251.950617283951,-88.6116439203847,5,1
378.317073170732,251.817073170732,-88.9576216047778,3,1
378.259259259259,252.061728395062,-88.9749490606957,5,1
378.271604938272,251.802469135802,-89.2119985798182,4,1
378.160493827161,251.975308641975,89.9657240056394,4,1
378.197530864198,251.851851851852,89.5972694487525,2,1
378.37037037037,251.654320987654,-87.1909603574171,6,1
378.385542168675,251.686746987952,-87.0269132357036,4,1
378.345238095238,251.738095238095,-87.7767610813225,1,1
378.40243902439,251.80487804878,-87.5128560888123,2,1
378.428571428571,251.690476190476,-86.9350322780943,2,1
378.469879518072,251.686746987952,-86.9126262949561,1,1
378.376470588235,251.470588235294,-86.9730144112515,4,1
378.428571428571,251.738095238095,-87.6804035835793,5,1
378.488636363636,251.806818181818,-88.3688072719188,4,1
378.476744186047,251.406976744186,-87.2337380513068,6,1
378.476744186047,251.406976744186,-87.2337380513068,0,1
378.505617977528,251.516853932584,-87.7416938230522,3,1
378.505747126437,251.367816091954,-87.6125731984735,2,1
378.51724137931,251.425287356322,-87.0261158903896,6,1
378.511363636364,251.352272727273,-86.5825446380956,3,1
378.613636363636,251.5,-85.1029596942829,4,1
379.048192771084,252.10843373494,-74.3824207530959,25,1
379.130952380952,252.630952380952,-70.5132041341008,17,1
379.505882352941,253.411764705882,-73.0672776979158,31,1
379.788888888889,254.6,-88.9086868599293,25,1
379.622222222222,256.855555555556,64.4685022769093,50,1
378.52380952381,260.238095238095,72.6858105345727,52,1
378.038961038961,261.155844155844,74.2725721722885,21,1
376.97619047619,264.690476190476,77.5129360222529,49,1
376.392857142857,266.238095238095,69.3532131732221,24,1
374.770114942529,269.402298850575,64.4304983796029,57,1
373.426829268293,273.256097560976,88.5980632224532,57,1
373.056338028169,274.323943661972,-89.0444345949467,19,1
372.486842105263,277.631578947368,84.5049542215853,51,1
371.96511627907,279.058139534884,78.7601747679547,28,1
371.131868131868,282.351648351648,69.7318213487444,53,1
370.428571428571,285.488095238095,82.0748710275363,53,1
370.049382716049,286.962962962963,80.0958794963568,23,1
369.183908045977,290.597701149425,68.8120858573334,54,1
368.847826086957,291.630434782609,63.3477025662621,25,1
368.034482758621,294.333333333333,68.2045406408095,47,1
366.872093023256,297.837209302326,76.1898502809918,51,1
366.3625,299.675,66.1372628010219,28,1
364.880952380952,302.214285714286,45.8064280487406,46,1
364,303.769230769231,47.6659413900206,35,1
361.966292134831,306.101123595506,52.1051665612379,50,1
359.807228915663,308.771084337349,53.0869688231247,52,1
358.910112359551,309.685393258427,46.4061275344355,20,1
356.693181818182,311.534090909091,35.6579183615121,49,1
355.739130434783,312.423913043478,38.4414918018508,22,1
353.516853932584,314.516853932584,54.5604324301273,47,1
351,316.939759036145,49.8715547239573,56,1
349.744186046512,318.03488372093,39.4341931482348,25,1
347.61797752809,319.707865168539,34.8915948761039,47,1
347.021978021978,320.373626373626,38.4632533358423,20,1
344.494252873563,322.540229885057,50.9899215054821,48,1
342.179775280899,324.561797752809,44.9121553469382,48,1
341.010869565217,325.532608695652,36.2381911141577,27,1
338.746835443038,326.848101265823,31.2873599195662,43,1
337.764705882353,327.894117647059,43.0144966584372,26,1
335.4875,330.0625,58.5676405889306,49,1
333.746987951807,331.927710843374,45.4677442771359,43,1
332.862068965517,332.448275862069,36.5836769241707,18,1
330.912087912088,333.769230769231,34.6949233911855,46,1
329.558139534884,334.883720930233,35.5890636440505,31,1
327.904761904762,336.452380952381,42.6602874821004,38,1
325.372093023256,338.43023255814,46.6547162634429,52,1
324.467391304348,339.119565217391,41.9992570521509,26,1
322.168539325843,340.808988764045,25.4299484638796,49,1
321.31914893617,341.404255319149,26.207650514618,25,1
318.470588235294,343.129411764706,35.5542957284373,55,1
316.352272727273,344.636363636364,41.4798475580111,45,1
314.988505747126,345.781609195402,39.5841657602783,27,1
312.693181818182,347.045454545455,27.511320737084,39,1
311.736842105263,347.757894736842,29.0021868758295,27,1
309.3125,349.302083333333,31.8912483342841,45,1
307.358695652174,350.923913043478,41.3262758434039,46,1
306.06976744186,351.709302325581,42.5042401124142,24,1
303.204301075269,353.784946236559,41.3283322941383,55,1
302.144329896907,354.494845360825,38.0129804392411,28,1
299.934065934066,356.340659340659,39.7760070911914,46,1
297.904255319149,358.265957446808,54.0706807596835,49,1
296.733333333333,359.233333333333,50.0040898685812,28,1
293.724137931034,362.195402298851,34.8208499514004,65,1
292.393617021277,363.021276595745,29.8949392375363,29,1
289.416666666667,365.354166666667,36.4182578140881,60,1
286.25,368.178571428571,54.6775195404828,68,1
284.375,370.1875,37.1120638630372,38,1
282.719101123596,371.14606741573,25.7101425025184,39,1
281.397959183673,372.224489795918,27.5755010178288,31,1
278.610526315789,374.273684210526,34.02102915215,57,1
275.795698924731,376.258064516129,44.5872201952602,54,1
274.162790697674,377.802325581395,41.344042296913,35,1
271.921348314607,379.202247191011,22.9583667945922,45,1
270.731958762887,380.288659793814,24.3861595752681,28,1
268.350515463918,381.855670103093,27.1156698033433,48,1
265.565217391304,383.45652173913,37.963502316974,51,1
263.809523809524,384.595238095238,33.86057631715,30,1
261.9375,385.604166666667,30.2331396103694,34,1
260.666666666667,386.430107526882,25.0616243818364,25,1
258.32183908046,387.597701149425,30.0571657666946,42,1
256.744444444444,388.566666666667,35.7623123558275,33,1
255.544444444444,389.433333333333,38.56792075105,24,1
253.602409638554,390.530120481928,35.7632323990478,35,1
252.547619047619,391.238095238095,32.4985451921356,17,1
250.464285714286,392.357142857143,26.8046950632429,38,1
248.976470588235,393.294117647059,31.1167190714488,31,1
247.708860759494,394.012658227848,35.1944096541852,22,1
245.652777777778,395.861111111111,47.5690484490839,41,1
244.666666666667,396.69696969697,45.3299985329469,20,1
243.016129032258,398.145161290323,34.6270170559042,34,1
241.196721311475,399.704918032787,31.5410942224195,37,1
240.15625,400.421875,32.8968367896115,19,1
238.323076923077,401.692307692308,40.5496437007062,33,1
237.55,402.15,43.208998028632,13,1
235.25,403.089285714286,35.3214298050182,32,1
234.070175438596,402.929824561404,24.591389768119,27,1
232.785714285714,403.196428571429,16.1233993280672,15,1
NaN,NaN,NaN,56,1
396.979591836735,244.479591836735,3.72298587557838,NaN,2
397.040816326531,244.530612244898,4.08713952349044,2,2
396.821052631579,244.484210526316,3.22768079883816,5,2
396.666666666667,244.427083333333,3.69065776746728,3,2
397.114583333333,244.520833333333,3.10029939838473,8,2
396.917525773196,244.515463917526,3.13790161594026,3,2
396.897959183673,244.336734693878,3.99709470748154,5,2
397.09900990099,244.366336633663,4.81393262646429,7,2
397.06,244.33,5.23151119692564,1,2
397.083333333333,244.21875,5.53074870953712,6,2
396.989795918367,244.326530612245,4.75220836715437,6,2
397.050505050505,244.282828282828,4.2076410658982,7,2
396.938144329897,244.319587628866,4.72280844011286,4,2
397.030927835052,244.319587628866,4.15787002181219,6,2
397.029702970297,244.19801980198,4.88839383070951,6,2
397.136842105263,244.231578947368,4.94747616834491,6,2
397.373737373737,244.171717171717,4.68700576562234,6,2
397.063157894737,244.168421052632,5.42082064843485,6,2
397.18085106383,244.148936170213,5.1405734358259,1,2
397.164948453608,244.237113402062,4.43929606703184,3,2
397.16,244.21,4.6848388289203,5,2
397.103092783505,244.164948453608,4.68299448205201,5,2
396.887755102041,244.19387755102,5.58952442820635,3,2
396.959183673469,244.040816326531,7.24656182812873,6,2
397.309278350515,244.092783505155,5.42366193776868,5,2
397.19,244.18,5.25633472662043,5,2
397.041666666667,244.0625,6.60946337672919,4,2
397.132653061225,243.979591836735,7.62784299360055,2,2
397.232323232323,244.080808080808,7.10180620255929,3,2
397.082474226804,244.020618556701,7.08439702799493,4,2
397.144329896907,243.948453608247,7.49614294261984,2,2
397.336734693878,243.908163265306,6.83242798329139,3,2
397.28125,243.989583333333,8.25075643466152,6,2
397.242424242424,243.979797979798,7.42387975305149,5,2
397.383838383838,243.989898989899,7.27798387561263,6,2
397.088235294118,244.078431372549,7.7570670112846,5,2
397.166666666667,243.958333333333,7.43764519546527,8,2
397.515789473684,243.915789473684,8.42471549398343,5,2
397.574468085106,244,7.45157145744964,3,2
397.515789473684,243.978947368421,7.98706227496766,5,2
397.4375,243.947916666667,8.96871673317212,3,2
397.531914893617,244.021276595745,7.7956103259127,4,2
397.382978723404,244,8.25603865898322,2,2
397.432989690722,244.030927835052,8.05568544385305,5,2
397.204081632653,244.112244897959,9.38681231697977,5,2
397.442105263158,244.042105263158,7.54944003325242,5,2
397.051546391753,244.082474226804,8.50258486996203,6,2
397.494623655914,244.021505376344,9.43021730053557,6,2
397.175257731959,243.948453608247,8.27503719755567,8,2
397.051546391753,244.051546391753,9.44428663576445,6,2
397.295918367347,244.020408163265,9.40554579041137,5,2
397.414893617021,243.936170212766,7.92740290361714,8,2
397.291666666667,243.9375,8.90522840932914,4,2
397.357894736842,243.789473684211,9.01945067768354,7,2
397.040816326531,243.969387755102,9.37941178303418,7,2
397.136842105263,243.947368421053,10.6529344361651,3,2
397.353535353535,243.919191919192,9.69180054890036,8,2
397.237113402062,243.814432989691,10.4550616158136,4,2
396.871287128713,243.891089108911,10.9035403356667,4,2
396.86,243.89,10.3426466483735,5,2
397.15,243.85,11.3351141971355,4,2
397.27,243.85,11.7306814810037,4,2
397.188118811881,243.732673267327,11.6147571909723,9,2
397.171428571429,243.752380952381,12.5410669151629,6,2
397.009523809524,243.828571428571,11.6368575010608,4,2
397.313131313131,243.767676767677,10.3371701294939,8,2
397.19,243.85,10.734498912816,5,2
397.237113402062,243.814432989691,10.4550616158136,3,2
397.377551020408,243.683673469388,10.6301807749084,5,2
397.277227722772,243.782178217822,11.0120580443669,3,2
397.118811881188,243.782178217822,11.8780594685389,4,2
397.038461538462,243.682692307692,11.8494610939486,7,2
397.147058823529,243.78431372549,10.8166673647108,6,2
397.151515151515,243.545454545455,11.978996822722,7,2
397.107843137255,243.745098039216,13.1002734523588,9,2
397.191919191919,243.636363636364,12.3728568824503,5,2
396.79797979798,243.79797979798,13.1808388670148,8,2
396.68,243.8,13.2315996107911,3,2
397.04,243.68,11.9371589071287,8,2
397.144329896907,243.690721649485,12.3894584033889,5,2
397.09,243.75,12.1119368272539,3,2
396.920792079208,243.732673267327,12.2608048982758,3,2
396.754901960784,243.78431372549,12.8031164134958,3,2
397.089108910891,243.70297029703,12.5334015268216,5,2
396.80198019802,243.792079207921,13.0402327113988,4,2
397.16,243.67,12.0883006979135,5,2
397.051546391753,243.701030927835,11.5680642038487,3,2
397.051546391753,243.659793814433,12.3094427782398,4,2
397.252631578947,243.484210526316,13.5376122274128,8,2
396.939393939394,243.626262626263,13.9999995081071,6,2
396.8,243.53,14.8468894318181,5,2
396.833333333333,243.676470588235,14.1581495500755,4,2
396.888888888889,243.666666666667,13.8497364040276,5,2
396.735294117647,243.56862745098,14.3145862824098,5,2
396.939393939394,243.555555555556,14.4011302299854,5,2
396.772277227723,243.554455445545,14.7990283213391,8,2
396.95,243.44,15.0441927646853,5,2
396.73786407767,243.563106796117,14.3786095160186,9,2
396.811881188119,243.50495049505,15.0226133477221,6,2
397.060606060606,243.464646464646,14.8081042713426,8,2
396.862745098039,243.56862745098,15.2927212678647,3,2
396.950495049505,243.574257425743,14.6155750708669,5,2
396.704761904762,243.666666666667,14.2939972731704,8,2
396.782178217822,243.544554455446,14.9254372074702,10,2
396.881188118812,243.554455445545,14.8695223240749,4,2
396.792079207921,243.554455445545,14.9964761414251,8,2
396.980392156863,243.539215686275,15.4851725897864,9,2
397.27,243.44,16.4400418215258,6,2
397.333333333333,243.333333333333,23.5022670160529,21,2
398.0625,243.208333333333,24.2329029821604,27,2
398.770833333333,242.958333333333,20.3795637006494,18,2
401.373626373626,242.32967032967,2.57873429485604,43,2
402.148936170213,242.478723404255,2.26957614895034,19,2
405.430107526882,242.086021505376,14.8185900834694,53,2
408.39,241.81,23.0365806116003,63,2
410.358695652174,241.445652173913,16.1361445091081,34,2
414.395604395604,240.978021978022,-3.80534651254241,59,2
416.252631578947,241.042105263158,-2.85009202521351,34,2
420.030303030303,241,14.2106448167809,64,2
424.159574468085,240.404255319149,15.0148294991608,69,2
426.554347826087,239.913043478261,2.51789531197414,38,2
430.425531914894,240.170212765957,-1.4160884369276,64,2
432.291666666667,240.125,2.92296428654321,32,2
436.064516129032,239.935483870968,15.3727015929356,63,2
440.36170212766,239.510638297872,2.51207387729509,67,2
442.4375,239.385416666667,-7.54688583821905,34,2
446.197802197802,240.032967032967,-2.12315056207366,61,2
448.020408163265,239.979591836735,3.50114599429762,31,2
451.922330097087,240.174757281553,7.10895976379629,71,2
455.046296296296,240.435185185185,-3.50530685929716,59,2
457.326732673267,240.831683168317,-9.17765767545096,37,2
460.601941747573,241.097087378641,-7.30342493628907,50,2
462.35,241.58,2.99265659734037,37,2
465.677083333333,241.739583333333,0.557010644436554,60,2
469.645161290323,242.161290322581,-8.47446905100093,63,2
471.688888888889,242.222222222222,-5.53786819590844,33,2
475.042105263158,242.578947368421,7.63542197050106,53,2
476.56043956044,242.593406593407,11.9193356425468,28,2
479.905263157895,242.684210526316,3.04094557885988,52,2
483.855555555556,242.977777777778,-9.35575624112499,59,2
485.202127659574,243.244680851064,-3.84761027038806,22,2
489.161290322581,243.096774193548,14.4722433507441,61,2
490.547368421053,243.210526315789,16.599712347923,32,2
493.978494623656,243.129032258065,3.74382560184957,56,2
497.196078431373,243,-3.65705305283524,57,2
499.207920792079,242.673267326733,2.75854403565358,35,2
502.396226415094,242.764150943396,7.3538280726401,51,2
504.448979591837,242.591836734694,9.97090430117843,32,2
507.481132075472,242.509433962264,1.50891860583024,52,2
511.4,242.421052631579,-2.32141399527893,63,2
513.322580645161,242.516129032258,4.94854598885225,28,2
516.7,242.277777777778,12.366352956257,51,2
517.717171717172,241.989898989899,12.0204711909169,29,2
520.616161616162,241.707070707071,1.74443977611085,46,2
524.103092783505,241.701030927835,0.263439257902211,56,2
525.649484536082,241.701030927835,5.57967497356969,24,2
528.78021978022,241.450549450549,9.43330218826536,54,2
530.381443298969,241.319587628866,12.6585624832567,30,2
532.979797979798,241.393939393939,1.46122210758135,48,2
536.326315789474,241.263157894737,0.370218263214685,54,2
537.518867924528,241.169811320755,10.2622442575602,27,2
540.381443298969,240.886597938144,11.2942452209578,51,2
541.686274509804,240.862745098039,12.9254917758249,25,2
544.333333333333,240.757575757576,0.049917070870484,41,2
547.285714285714,240.847619047619,-6.67267113249236,58,2
548.835051546392,241.175257731959,-5.40701365635478,32,2
551.530612244898,241.255102040816,0.630526399950229,45,2
553.07,241.29,8.23580073935719,28,2
556.5,241.41,4.7145187532692,58,2
559.436893203884,241.320388349515,-5.03210896535298,55,2
561.488888888889,241.455555555556,-6.06735668657107,35,2
563.565656565657,241.636363636364,-0.281371041718009,41,2
565.040816326531,241.581632653061,7.65033701741096,33,2
568.112244897959,241.530612244898,12.0313243415001,52,2
570.936170212766,241.691489361702,2.45823625027857,52,2
572.625,241.708333333333,-5.25088999717319,38,2
575.920454545455,241.840909090909,-4.59547226346511,56,2
577.545454545455,242.034090909091,0.696591987785513,32,2
580.13829787234,242.074468085106,6.40855870253424,52,2
582.840425531915,242.148936170213,3.52100663160944,48,2
584.463157894737,242.252631578947,-1.02968228122032,31,2
587.010101010101,242.474747474747,-9.84455534352077,50,2
588.274509803922,242.558823529412,-10.634478090322,27,2
591.18085106383,242.840425531915,0.362627921820301,56,2
593.854166666667,242.927083333333,6.33955874570928,44,2
595.092783505155,243.216494845361,2.84142521076084,25,2
597.37962962963,243.324074074074,-3.6972458765944,37,2
598.643564356436,243.435643564356,-6.36618846703838,25,2
601.407407407407,243.675925925926,-3.70236786169981,47,2
603.280373831776,243.616822429907,-0.500235520232228,41,2
605.694736842105,243.863157894737,6.3557831835099,38,2
607.261682242991,244.009345794393,3.59614733921177,32,2
608.362745098039,244.156862745098,1.48211069070098,25,2
611.140186915888,244.07476635514,-4.01907490973801,41,2
614.106796116505,244.203883495146,-3.23319881125836,42,2
615.196261682243,244.364485981308,-0.374941377209142,26,2
618.174757281553,244.398058252427,6.17181086687836,44,2
619.694736842105,244.336842105263,8.81515841512068,30,2
621.47572815534,244.223300970874,5.85580701896789,26,2
624.548076923077,244.115384615385,-4.5488289646163,47,2
626.018518518518,244.12962962963,-1.28071953810409,28,2
629.16,244.29,6.43188023947415,46,2
629.738317757009,244.084112149533,7.69975363586652,25,2
632.970588235294,243.950980392157,11.6066002248552,49,2
635.761904761905,244.12380952381,3.51605460895353,45,2
636.917431192661,243.97247706422,2.04770805190257,26,2
639.895652173913,243.895652173913,-2.26848744777747,48,2
642,243.794642857143,2.85938970684242,45,2
644.258992805755,244.05035971223,6.46788458941422,49,2
648.601123595506,243.668539325843,7.03294568157206,93,2
649.862637362637,243.664835164835,8.06479861677394,36,2
651.819095477387,243.844221105528,-2.19343516935638,53,2
652.487922705314,243.830917874396,-4.35505711579438,36,2
651.783251231527,244.147783251232,-6.41861636672497,28,2
652.625615763547,243.926108374384,-10.2376112109059,32,2
652.485294117647,243.539215686275,-2.73023827488827,27,2
652.880952380952,243.542857142857,1.67166427308775,30,2
653.051162790698,243.897674418605,-1.99876649118923,23,2
653.647058823529,244.090497737557,-8.6148199768428,32,2
653.536697247706,244.192660550459,-5.31812882360858,21,2
NaN,NaN,NaN,218,2
421,229.70297029703,27.756231739324,NaN,3
421.028846153846,229.721153846154,28.0804526644485,3,3
421.020408163265,229.673469387755,27.3474571386632,6,3
421.126213592233,229.747572815534,27.0655962055388,7,3
421.08,229.64,26.8023067350377,7,3
420.960784313725,229.813725490196,27.3977448914474,6,3
421.028846153846,229.721153846154,28.0804526644485,4,3
421.155339805825,229.679611650485,28.5596951296671,3,3
421.11,229.71,27.2568949729122,7,3
421.059405940594,229.752475247525,26.9503218118099,3,3
421.067961165049,229.747572815534,27.267784197326,4,3
421.029126213592,229.766990291262,27.7952845557362,2,3
421.060606060606,229.757575757576,27.7182851300638,4,3
420.941176470588,229.764705882353,28.1781770953538,3,3
421.030612244898,229.602040816327,27.2242114473267,4,3
420.941176470588,229.764705882353,28.1781770953538,4,3
421.061224489796,229.714285714286,27.7287544277092,4,3
421,229.787878787879,28.0494670437214,5,3
421.07,229.59,27.4971328138728,5,3
421.08,229.63,27.9576873288384,2,3
420.960784313725,229.686274509804,28.2662375718233,2,3
420.86,229.69,28.2935717985635,4,3
420.809523809524,229.838095238095,29.0362933255284,5,3
421.050505050505,229.676767676768,27.8185834071968,6,3
421,229.776699029126,27.6398296787236,4,3
421.070707070707,229.686868686869,27.6106546068547,4,3
421.03,229.74,27.5491539369979,3,3
420.960396039604,229.851485148515,28.2240664925443,5,3
421.25,229.63,27.1082479808644,7,3
421.128712871287,229.831683168317,27.7510735154024,5,3
421.197916666667,229.78125,28.4663331383089,5,3
421.15306122449,229.857142857143,27.5373026681696,4,3
421.137254901961,229.93137254902,27.7878525138114,6,3
421.039215686275,230.078431372549,28.6648144963946,8,3
421.087378640777,230.097087378641,28.3008848232281,1,3
421.108910891089,230.049504950495,28.8441461401638,2,3
421.108910891089,230.059405940594,28.9905661695599,4,3
421.237623762376,230.079207920792,28.5547311509243,6,3
421.214285714286,230.132653061224,28.7953623276541,3,3
420.980582524272,230.271844660194,28.1444876778439,5,3
421.128712871287,230.188118811881,27.7895734716698,6,3
421.197916666667,230.135416666667,28.0362058237652,5,3
421.07,230.26,29.3970499530759,4,3
421.252427184466,230.165048543689,27.2692346398114,9,3
421.352941176471,230.088235294118,28.7560622388482,5,3
421.39603960396,230.128712871287,28.3327856002555,3,3
421.254901960784,230.264705882353,28.4919924625138,3,3
421.254901960784,230.264705882353,28.4919924625138,0,3
421.117647058824,230.313725490196,29.0645024496162,4,3
421.09900990099,230.257425742574,28.7842606695301,5,3
421.346534653465,230.108910891089,29.5508977038356,6,3
421.103773584906,230.377358490566,29.8475859592558,7,3
421.281553398058,230.252427184466,29.3221351558926,5,3
421.126213592233,230.378640776699,30.0146638659748,4,3
420.796116504854,230.563106796117,30.2496701214967,6,3
421.19801980198,230.207920792079,29.749583519393,8,3
421.18,230.26,29.3210360576586,1,3
421.135922330097,230.456310679612,29.4621271001789,5,3
421.247524752475,230.356435643564,28.7564247221143,2,3
421.06862745098,230.5,29.3472279621024,3,3
421.188118811881,230.445544554455,28.4789154772414,3,3
421.009708737864,230.572815533981,29.2243589039115,2,3
421.088235294118,230.509803921569,29.0120136470224,3,3
421.19,230.48,28.8833934179625,4,3
421.059405940594,230.564356435644,28.5179485643283,3,3
421.059405940594,230.564356435644,28.5179485643283,0,3
421.135922330097,230.456310679612,29.4621271001789,2,3
421.238095238095,230.495238095238,28.6143290286132,2,3
421.32,230.4,29.5432178178336,5,3
421.26213592233,230.446601941748,29.3215913855763,3,3
421.135922330097,230.456310679612,29.4621271001789,2,3
421.188118811881,230.475247524752,29.2085201196913,2,3
421.265306122449,230.489795918367,28.7801141356858,3,3
420.87619047619,230.733333333333,30.9873629455055,7,3
421.171717171717,230.545454545455,28.8922241904602,6,3
421.009708737864,230.68932038835,29.3839280691969,4,3
421.037735849057,230.622641509434,30.477756962759,5,3
421.019607843137,230.627450980392,29.8973308820609,6,3
421.10101010101,230.50505050505,28.9800968878127,5,3
421.06862745098,230.617647058824,30.3231541991925,5,3
421.029702970297,230.633663366337,29.055741481307,3,3
421.205882352941,230.529411764706,28.5718094783558,3,3
421.06862745098,230.5,29.3472279621024,4,3
421.148514851485,230.465346534653,29.5763572931277,1,3
421.058823529412,230.539215686275,30.2106493940681,1,3
421.237623762376,230.435643564356,29.1665525162952,3,3
421.11,230.44,29.824524602609,3,3
421.151515151515,230.40404040404,29.5031111170065,3,3
421.04854368932,230.52427184466,29.2267433898838,8,3
421.138613861386,230.524752475248,29.1435362772447,2,3
421.165048543689,230.378640776699,29.4874344380378,4,3
421.138613861386,230.39603960396,29.3932511174903,2,3
421.029411764706,230.509803921569,30.6798607191831,3,3
421.526315789474,230.242105263158,21.9538246940347,27,3
421.125,230.114583333333,14.2847940387189,17,3
421.945054945055,230.494505494505,-26.7567743438608,49,3
422.03125,230.739583333333,-29.247073881823,27,3
425.3,232.444444444444,-33.0678749334357,60,3
428.020408163265,233.959183673469,-15.3358594329596,56,3
430.102272727273,234.863636363636,-17.5655423817383,36,3
433.068965517241,236.425287356322,-31.4326710734141,55,3
434.888888888889,237.666666666667,-46.8630697485568,37,3
437.75,239.95652173913,-28.872941550101,58,3
441.4375,241.677083333333,-9.57386005687515,74,3
443.636363636364,242.738636363636,-13.0311981277433,48,3
446.652631578947,243.389473684211,-13.707470978496,49,3
449.336842105263,244.442105263158,-20.8353381820489,48,3
452.449438202247,245.47191011236,-5.00752612324804,54,3
456.445652173913,246.054347826087,-2.52020114392335,63,3
458.457446808511,246.372340425532,-13.0008514919012,32,3
461.928571428571,247.010204081633,-19.0846837174605,60,3
463.634615384615,247.307692307692,-22.5344404500819,32,3
467.377358490566,248.160377358491,-9.68338676313582,62,3
471.754901960784,248.911764705882,-14.9715623543764,70,3
473.727272727273,249.686868686869,-20.4484969323158,41,3
477.326530612245,250.744897959184,-23.4484568844188,57,3
478.73786407767,251.233009708738,-22.5359897923184,27,3
482.305555555556,252.518518518519,-15.1318256254313,63,3
485.582524271845,253.718446601942,-20.6467880705993,59,3
487.078431372549,254.294117647059,-24.1377641581271,29,3
490.371134020619,255.855670103093,-27.2972961356772,59,3
491.64,256.4,-20.5277040891378,27,3
495.010309278351,257.690721649485,-15.32960582301,59,3
498.210526315789,258.757894736842,-22.4315500750908,50,3
499.729166666667,259.572916666667,-23.1898932561309,29,3
502.235294117647,260.588235294118,-20.2087913537442,50,3
503.509615384615,260.990384615385,-14.9115309290759,24,3
506.29,262.2,-16.6521716212022,52,3
509.460784313725,263.529411764706,-32.759317996335,54,3
510.8125,264.270833333333,-31.1697740814312,30,3
513.81,266.09,-30.9804213773157,58,3
514.950495049505,266.831683168317,-24.4158310917816,27,3
517.823529411765,268.598039215686,-32.013361640883,53,3
520.22,270.32,-43.5762624384262,50,3
521.875,271.583333333333,-43.556994918717,34,3
523.711340206186,272.865979381443,-31.6925570412016,39,3
525.058252427184,274.009708737864,-25.8672892325644,34,3
527.51,275.9,-26.7148741193685,55,3
530.010638297872,277.436170212766,-36.2502974151817,46,3
531.159574468085,278.212765957447,-34.7646156341304,26,3
533.40625,280.145833333333,-32.4767335218459,50,3
534.365591397849,280.569892473118,-27.2811557750173,19,3
536.989010989011,282.406593406593,-22.8024901324997,52,3
538.969072164948,284.020618556701,-31.8796045039486,42,3
539.818181818182,284.454545454545,-33.630895128651,23,3
542.113402061856,286.113402061856,-36.8047734133959,49,3
543.559139784946,287.333333333333,-34.6725315718602,30,3
545.20202020202,288.59595959596,-27.4086615265631,44,3
547.802083333333,290.333333333333,-24.0285522807195,51,3
548.319587628866,290.618556701031,-24.0958294485954,15,3
551.020618556701,292.185567010309,-31.2179788135249,52,3
552.489361702128,293.159574468085,-37.3940897718251,29,3
554.59375,294.4375,-28.6753408566455,44,3
556.55,295.7,-20.7973988098478,44,3
558.829545454545,296.931818181818,-17.8428771437748,40,3
560.62,298.07,-27.6899029971684,38,3
562.10101010101,298.777777777778,-33.3768819142296,31,3
564.436170212766,300.191489361702,-34.9816336698334,51,3
566.927083333333,301.5625,-27.1761300279707,44,3
567.752577319588,302.175257731959,-25.7810221826931,31,3
570.516853932584,303.191011235955,-20.332412750367,38,3
571.81,304.12,-26.7017124187601,31,3
573.868686868687,305.030303030303,-31.1318514737709,41,3
576.505376344086,306.698924731183,-37.4141304634606,52,3
577.627659574468,307.117021276596,-30.9289694437541,19,3
579.28431372549,308.362745098039,-26.9224235811701,42,3
580.65,309,-23.3814804030697,26,3
583.430107526882,310.559139784946,-25.5281249506696,51,3
585.685393258427,311.831460674157,-39.5326407926491,44,3
586.634408602151,312.236559139785,-35.5792546756234,20,3
589.172043010753,313.956989247312,-37.345928810916,50,3
589.957446808511,314.510638297872,-32.9329746908381,17,3
592.135416666667,315.770833333333,-23.7907555805231,42,3
594.282828282828,317.10101010101,-26.5545628004058,47,3
595.484848484848,317.727272727273,-28.4291110187186,28,3
597.855670103093,319.20618556701,-36.0555419024469,48,3
599.084210526316,319.968421052632,-40.2687772497064,30,3
600.887640449438,321.393258426966,-35.9817644841268,38,3
603.113402061856,322.79381443299,-27.3676957086111,46,3
604.816091954023,324.057471264368,-26.4300332014725,34,3
607.060975609756,324.853658536585,-27.6743728301927,39,3
608.141176470588,326.247058823529,-34.712059165142,33,3
610.2,327.488888888889,-41.2372246672997,43,3
612.340909090909,328.625,-34.0684450159525,40,3
613.093023255814,329.058139534884,-29.9652581619088,24,3
615.866666666667,330.888888888889,-21.5520710111235,44,3
616.804347826087,331.239130434783,-22.172680108511,18,3
618.9,332.344444444444,-27.4627794030936,48,3
620.720430107527,333.537634408602,-33.1406620298049,45,3
622.166666666667,334.27380952381,-35.7098669300283,25,3
624,335.555555555556,-30.6772613745778,35,3
625.047058823529,335.858823529412,-27.4718572929864,18,3
626.752808988764,336.988764044944,-25.2597926249867,38,3
629.18085106383,338.170212765957,-24.1606899541132,43,3
630.464285714286,338.809523809524,-27.7435339257968,20,3
632.080459770115,340,-36.3241025237746,39,3
632.923076923077,340.681318681319,-39.7344154821044,24,3
634.804347826087,342.260869565217,-41.7508416910412,37,3
636.445652173913,343.423913043478,-34.4649565868747,34,3
637.663157894737,344.231578947368,-30.8330183442586,25,3
639.3125,345.25,-29.4115412435243,33,3
640.313131313131,345.969696969697,-31.4273661461687,25,3
641.522123893805,346.672566371681,-31.3198027542007,32,3
644.069230769231,348.053846153846,-33.2224686770852,57,3
649.173267326733,349.029702970297,-11.6298887925275,94,3
649.605633802817,349.610328638498,-13.4027526716215,75,3
650.806722689076,349.714285714286,-8.94766200286735,73,3
652.059701492537,351.15671641791,-22.3267548517141,84,3
653.340067340067,352.548821548822,-20.6343001520581,83,3
653.393835616438,352.835616438356,-29.186762532676,43,3
653.814126394052,353.71375464684,-23.5289718018924,49,3
653.955882352941,354.926470588235,-43.9169629759931,59,3
653.84,355.661818181818,-43.7270433490127,53,3
654.205035971223,356.172661870504,-55.1326848419968,45,3
654.224080267559,356.377926421405,-69.6352649313953,51,3
654.506711409396,357.496644295302,-72.5358419343491,61,3
654.448763250883,357.858657243816,-71.6589466746347,37,3
654.776315789474,359.519736842105,-77.9419861670328,65,3
654.347670250896,360.311827956989,-68.6744493314964,53,3
654.308474576271,360.508474576271,-70.5558964798925,36,3
654.561056105611,362.148514851485,-74.9108264521575,74,3
654.722222222222,363.006535947712,-74.2782216441803,45,3
655.033444816053,364.297658862876,-77.5623592523343,47,3
655.240549828179,364.855670103093,-74.4159815049666,40,3
655.384353741497,365.887755102041,-75.9102358721986,49,3
