417.258064516129,243.05376344086,56.5089401841663,NaN,1
417.193548387097,243.215053763441,57.2977536426074,2,1
417.265957446808,243.117021276596,57.0410249695316,1,1
417.265957446808,243.117021276596,57.0410249695316,0,1
417.170212765957,243.18085106383,57.5655233840852,4,1
417.252631578947,243.189473684211,57.5517168892605,3,1
417.244680851064,243.127659574468,57.0424417080783,1,1
417.25,243.145833333333,57.7974691914055,2,1
417.284210526316,243.105263157895,56.8182146625129,3,1
417.28125,243.0625,57.0571435281075,1,1
417.216494845361,243.123711340206,57.807125074982,3,1
417.265957446808,243.117021276596,57.0410249695316,3,1
417.265957446808,243.117021276596,57.0410249695316,0,1
417.193548387097,243.322580645161,57.6411076890624,3,1
417.18085106383,243.287234042553,57.8318921010921,1,1
417.301075268817,243.150537634409,57.1756466409368,3,1
417.329896907216,243.010309278351,58.4843827229008,4,1
417.083333333333,243.3125,58.4397921064309,9,1
417.54954954955,242.513513513514,54.7170962465897,19,1
417.411764705882,242.546218487395,50.6005931907074,20,1
418.327731092437,242.302521008403,36.9966550698654,36,1
418.154471544715,242.032520325203,74.5550130575657,52,1
418.049180327869,241.983606557377,-76.8743759357596,25,1
417.90625,242,-61.4648554350235,46,1
417.9921875,242.5859375,-63.5359300504255,36,1
419.7,246.58,-69.9833619629109,70,1
420.213483146067,248.752808988764,72.1844174736089,61,1
420.16091954023,249.287356321839,65.8944312594794,24,1
419.307692307692,252.351648351648,67.7555225605042,56,1
418.894736842105,254.221052631579,76.490020389444,32,1
417.855670103093,257.680412371134,83.6897196788759,48,1
417.122448979592,259.959183673469,75.7959624546876,37,1
416.546511627907,261.348837209302,61.1178339227554,28,1
414.604938271605,265.308641975309,64.0506278687459,63,1
414.170212765957,266.787234042553,70.8552797521252,29,1
413.05,269.52,-89.9259989102498,54,1
412.165048543689,272.873786407767,-85.9598652810433,61,1
411.903846153846,273.961538461538,86.9925280085212,27,1
411.035714285714,277.535714285714,67.5784541048684,66,1
410.647058823529,279,75.963389213762,32,1
409.79347826087,282.858695652174,87.7462449693912,58,1
408.708737864078,285.47572815534,82.4083602462278,47,1
408.142857142857,286.704081632653,71.2513403641655,27,1
406.386363636364,289.784090909091,48.2810251483737,58,1
405.494845360825,291.103092783505,53.9088666774814,31,1
403.597826086957,293.717391304348,76.8995916507321,51,1
402.650602409639,296.819277108434,79.8777855547339,49,1
402.104651162791,297.790697674419,63.8764800422747,19,1
400.943181818182,300.136363636364,43.1253952993493,48,1
400.069306930693,301.633663366337,42.4758906482272,35,1
398.40625,304,58.3321577740406,49,1
396.698795180723,307.542168674699,73.0824290365055,57,1
395.83908045977,309.034482758621,60.1652734948005,26,1
394.831460674157,310.483146067416,40.6720711505993,34,1
393.794117647059,311.990196078431,41.6935131180825,35,1
392.1,314.02,59.838466163811,48,1
390.56043956044,317.021978021978,83.5142264550888,53,1
390.14606741573,318.595505617978,81.4037563892326,24,1
389.5,321.261363636364,64.4236265936908,47,1
389.04,322.29,57.573536289763,24,1
387.89898989899,324.727272727273,57.5854042547717,47,1
386.84,327.51,85.1776975392475,51,1
386.689655172414,329,88.2914941588817,27,1
386.530120481928,331.686746987952,81.626222910565,42,1
386.295918367347,333.163265306122,70.8254429868029,31,1
385.886597938144,335.505154639175,66.7949539255158,49,1
385.285714285714,338.241758241758,-88.7596668223909,44,1
385.469879518072,339.33734939759,-77.9792329849538,22,1
386.190476190476,342.678571428571,-76.347193954755,53,1
386.322222222222,343.688888888889,-85.0638245823143,20,1
386.459183673469,345.489795918367,86.5453242222085,44,1
386.609756097561,349.475609756098,-80.2326145181159,56,1
386.948717948718,350.217948717949,-69.5359101102612,18,1
388.259259259259,352.925925925926,-60.6228245940054,51,1
389.035714285714,354.5,-64.2125802955503,31,1
389.625,356.5,-81.5088343618705,38,1
390.380952380952,359.797619047619,-81.9301907616422,50,1
391.036585365854,361.548780487805,-67.0624496536532,28,1
391.987654320988,363.938271604938,-53.9833311370489,43,1
392.459770114943,365.183908045977,-57.1327377371661,30,1
393.518072289157,368.048192771084,-82.7372313805161,50,1
393.715909090909,371.170454545455,81.5713421014044,51,1
393.615384615385,372.98717948718,89.6330214680272,28,1
393.775,375.2125,-72.8873605193598,46,1
394.179775280899,376.516853932584,-69.8244256705493,29,1
395.134146341463,380.012195121951,-76.9484131713526,51,1
395.120481927711,382.373493975904,83.9792927290356,41,1
395.082191780822,383.616438356164,80.6548778665527,18,1
395.2375,387.125,-75.0961670412851,47,1
395.440476190476,388.202380952381,-64.3849137150197,20,1
396.184210526316,390.578947368421,-66.488081681554,40,1
397.065789473684,393.065789473684,89.9754592561429,40,1
397.1875,394.296875,84.1650506762267,18,1
397.287671232877,397.068493150685,-81.4366528108757,37,1
397.27027027027,397.635135135135,-72.7555372314851,13,1
398.121621621622,400.054054054054,-66.3701053203184,42,1
398.858974358974,401.089743589744,-72.4229012029666,24,1
398.819277108434,400.602409638554,-73.8017516753101,17,1
399.626506024096,401.060240963855,-69.9461861836412,44,1
400.283783783784,402.256756756757,-60.1615114604054,25,1
400.860759493671,402.316455696203,-49.8351294834067,37,1
402.552941176471,402.047058823529,-46.2508980920024,54,1
403.035714285714,401.797619047619,-49.5475418625745,17,1
404.0625,401.625,-48.9952382154064,52,1
404.641791044776,402.029850746269,-41.4471700355282,29,1
407.213333333333,403.026666666667,-29.3697472912581,44,1
409.368421052632,403.447368421053,-13.8920252356033,47,1
410.930555555556,403.666666666667,-12.4505362550399,22,1
413.056338028169,403.225352112676,-28.5170392437786,41,1
413.928571428571,403.142857142857,-43.3679749681718,23,1
414.943661971831,403.267605633803,-40.7000800479769,33,1
NaN,NaN,NaN,71,1
399.06862745098,245.892156862745,-28.6906318659235,NaN,2
399.294736842105,246.147368421053,-28.4705712627548,9,2
399.41935483871,246.204301075269,-28.4428655126282,2,2
399.202127659574,246.053191489362,-29.0766171537819,3,2
399.318681318681,246.120879120879,-28.8539573058552,5,2
399.322916666667,246,-29.4735007777407,5,2
399.294736842105,246.031578947368,-29.5905548548716,1,2
399.237113402062,245.989690721649,-28.9830423715951,4,2
399.168421052632,245.989473684211,-29.3592062472814,6,2
399.305263157895,246.021052631579,-29.1500850684003,2,2
399.221052631579,246.084210526316,-29.438804546752,6,2
399.010204081633,245.84693877551,-30.1649556129103,5,2
399.123711340206,245.979381443299,-29.8548101803939,3,2
399.154639175258,246,-30.2867759780072,2,2
399.260416666667,245.979166666667,-29.412595466923,3,2
399.145833333333,246.020833333333,-29.3126685358613,4,2
398.938144329897,245.80412371134,-30.1460451067021,5,2
399.073684210526,245.905263157895,-29.8686191144174,2,2
399.010204081633,245.84693877551,-30.1649556129103,3,2
399.070707070707,245.838383838384,-29.6668912190743,1,2
399.020618556701,245.824742268041,-30.4026368202079,4,2
399.020618556701,245.824742268041,-30.4026368202079,0,2
398.918367346939,245.765306122449,-30.3867249628666,1,2
399.080808080808,245.828282828283,-30.6614964068585,3,2
399.113402061856,245.907216494845,-30.1559935856123,2,2
399.041666666667,245.864583333333,-30.135732071111,1,2
399.021052631579,245.894736842105,-30.1637322536003,1,2
399.20618556701,245.938144329897,-29.3714708006791,4,2
399.010204081633,245.84693877551,-30.1649556129103,3,2
399.113402061856,245.907216494845,-30.1559935856123,1,2
399.142857142857,245.877551020408,-30.0312827004596,1,2
399.295918367347,245.908163265306,-29.3226822285135,4,2
399.354166666667,245.895833333333,-29.0669807967568,4,2
399.15306122449,245.836734693878,-30.1429404102819,6,2
399.308510638298,245.86170212766,-29.9371818524239,4,2
399.309278350515,245.814432989691,-30.750266258577,7,2
399.292929292929,245.727272727273,-31.8724113741704,10,2
399.020408163265,245.724489795918,-32.7860206744355,9,2
399.125,245.645833333333,-33.2338079793747,6,2
399.166666666667,245.666666666667,-33.2464226529006,4,2
399.34375,245.739583333333,-34.1599860658807,8,2
399.295918367347,245.714285714286,-33.9435259632816,6,2
399.2,245.4,-31.6886970331379,12,2
399.2,245.684210526316,-22.3141062665994,29,2
399.063157894737,245.621052631579,-8.12681842656848,22,2
398.357798165138,245.073394495413,35.4356440699709,38,2
399.279569892473,244.537634408602,56.7485051092162,44,2
400.313953488372,243.5,58.4094140746688,27,2
401.651162790698,241.848837209302,50.647097170869,36,2
402.063829787234,241.170212765957,47.6170767492351,20,2
403.01,239.95,37.7075805725079,38,2
404.283018867925,238.650943396226,34.7727278733598,38,2
405.060606060606,237.949494949495,32.4455127299575,19,2
406.626262626263,236.767676767677,36.3160125904379,32,2
407.019417475728,236.378640776699,38.2693651997832,16,2
408.069306930693,235.60396039604,44.2034261274791,24,2
408.968421052632,234.873684210526,49.9012967488105,22,2
409.524752475248,234.207920792079,52.5670974644171,16,2
410.5,233.393617021277,56.7290531986543,21,2
410.757575757576,233.060606060606,57.0870890664975,13,2
411.489583333333,232.229166666667,60.4994605041245,23,2
412.021052631579,231.410526315789,69.4617518611043,13,2
412.234693877551,231.040816326531,75.6928660564523,11,2
412.375,230.489583333333,83.1214594024689,10,2
412.688172043011,229.94623655914,-88.1261471397846,15,2
413.075268817204,229.290322580645,-79.7135829536641,20,2
413.13829787234,228.478723404255,-73.5843391038486,19,2
413.197802197802,227.901098901099,-71.1430675388285,13,2
413.157303370787,227.033707865169,-68.5869261138195,14,2
413.057471264368,226.459770114943,-68.0663046000645,12,2
412.847826086957,225.5,-65.456420538155,21,2
412.556818181818,224.715909090909,-65.8690985052953,16,2
412.162790697674,223.604651162791,-64.8867355164753,16,2
411.781609195402,222.850574712644,-61.6670001879742,13,2
411.602272727273,222.681818181818,-57.4010131789713,13,2
411.157303370787,221.842696629213,-46.049910903767,23,2
410.989690721649,221.536082474227,-39.3725316923167,18,2
410.616161616162,221.212121212121,-35.4240199734474,14,2
410.103092783505,220.721649484536,-31.1635078180639,18,2
409.525773195876,220.247422680412,-27.8801222367472,14,2
409.24,220.18,-27.3919562315356,17,2
408.343137254902,219.725490196078,-25.9228335833702,16,2
408.1875,219.572916666667,-26.2310010058766,14,2
407.28431372549,219,-26.8525751296941,14,2
407.049504950495,218.970297029703,-26.950858016446,11,2
406.05,218.41,-26.6970620120833,19,2
405.547169811321,218.066037735849,-28.1837736267075,14,2
405.192307692308,218.096153846154,-26.8316093488726,14,2
404.397959183673,217.816326530612,-26.252163541158,14,2
404.030612244898,217.65306122449,-26.416982775044,10,2
403.732673267327,217.346534653465,-26.270929323852,11,2
403.22641509434,217.028301886792,-27.1334698092167,11,2
402.740384615385,217,-26.7457591820796,14,2
402.56,216.9,-26.7635552052621,6,2
402.271844660194,216.834951456311,-24.5408159579281,9,2
401.64,216.52,-24.400753317065,15,2
401.323529411765,216.450980392157,-24.183535927798,8,2
401.112244897959,216.397959183673,-22.8828341608172,6,2
400.685185185185,216.111111111111,-22.7168846389485,12,2
400.523364485981,216.158878504673,-22.2409118502284,7,2
400.179245283019,215.924528301887,-22.666216004769,9,2
399.428571428571,215.685714285714,-21.4127502278881,13,2
399.240384615385,215.730769230769,-22.0232759711972,5,2
399.209523809524,215.466666666667,-22.2139090738482,9,2
398.96261682243,215.542056074766,-21.9330820107963,6,2
398.733333333333,215.380952380952,-20.1865890973083,12,2
398.514018691589,215.364485981308,-21.1788751228184,8,2
398.155339805825,215.291262135922,-19.5376613937258,10,2
397.590476190476,215.095238095238,-17.998850255191,12,2
397.436893203883,215.067961165049,-18.4204979053864,2,2
397.254901960784,215.009803921569,-18.0733874054754,7,2
396.871559633028,214.880733944954,-18.2479551952698,9,2
396.919642857143,215.035714285714,-18.6450409251141,7,2
396.779816513761,215.009174311927,-17.8644494722761,5,2
396.616822429907,214.906542056075,-18.1097364085276,4,2
396.471153846154,214.903846153846,-18.1603540027242,5,2
396.222222222222,214.861111111111,-18.134012611854,10,2
395.962962962963,214.935185185185,-17.0778411425254,6,2
395.638888888889,214.87962962963,-17.6091730078512,8,2
395.605504587156,214.678899082569,-17.0101996754883,11,2
395.577981651376,214.779816513761,-18.5201811743087,8,2
395.067307692308,214.682692307692,-16.8293298813367,9,2
394.962264150943,214.650943396226,-19.0822414474396,10,2
394.625,214.644230769231,-16.9455103679056,6,2
394.519230769231,214.586538461538,-18.080283623051,6,2
394.311926605505,214.532110091743,-18.4406777520799,5,2
394.192660550459,214.48623853211,-17.3749504920226,4,2
394.148148148148,214.5,-17.6553257302716,1,2
394.081818181818,214.418181818182,-18.2715766232096,2,2
393.954128440367,214.467889908257,-18.0292641812261,3,2
393.768518518519,214.462962962963,-17.2323260845299,5,2
393.637168141593,214.41592920354,-17.2307253251021,5,2
393.45871559633,214.440366972477,-17.0973812359243,4,2
393.518181818182,214.418181818182,-17.7481994844639,3,2
393.454545454545,214.436363636364,-17.4911779323368,2,2
393.348623853211,214.284403669725,-17.3941168978792,7,2
393.02752293578,214.348623853211,-17.1962616114601,10,2
393.036036036036,214.333333333333,-17.2654245307332,4,2
393.027777777778,214.324074074074,-16.3406184070441,7,2
392.943925233645,214.242990654206,-16.6916619369515,3,2
392.761467889908,214.275229357798,-15.5931026023215,6,2
392.607476635514,214.093457943925,-15.4962908830774,8,2
392.754545454545,214.154545454545,-16.2058490388763,9,2
392.467889908257,214.091743119266,-15.3918271641859,7,2
392.259259259259,213.972222222222,-14.7556984190576,3,2
392.361111111111,214.046296296296,-14.9531146702504,2,2
392,213.980952380952,-14.291157727203,5,2
392.047619047619,213.933333333333,-14.0711567526332,2,2
392.018867924528,213.88679245283,-14.4812165949858,1,2
391.899082568807,213.97247706422,-14.4144810549722,5,2
391.872727272727,213.881818181818,-15.056186958757,3,2
391.863636363636,213.890909090909,-14.2093430300556,4,2
391.943396226415,213.88679245283,-14.6497686887297,6,2
391.981132075472,213.877358490566,-15.4438758237871,6,2
391.862385321101,213.844036697248,-14.2641985225661,5,2
391.607476635514,213.915887850467,-14.2368349900465,6,2
391.547169811321,213.858490566038,-14.2294843670183,5,2
391.476635514019,213.934579439252,-14.039648866514,7,2
391.523364485981,213.88785046729,-13.6123611277175,4,2
391.449541284404,213.834862385321,-13.6112648782023,2,2
391.321428571429,213.866071428571,-11.5522548495873,7,2
391.160377358491,213.594339622642,-11.5291463373329,8,2
391.376146788991,213.844036697248,-13.4847473697523,9,2
391.418181818182,213.736363636364,-13.1330741460731,7,2
NaN,NaN,NaN,110,2
407.020202020202,256.757575757576,-55.9974554805638,NaN,3
407.596153846154,257.788461538462,-57.9650895941763,13,3
407.725663716814,258.398230088496,-59.6511768543353,11,3
408.184210526316,258.394736842105,-55.8566423994185,25,3
408.6,258.552,-53.0099951040206,31,3
406.79,256.57,-62.4717842579012,40,3
406.792079207921,255.891089108911,-76.1662734493747,54,3
406.65306122449,255.632653061224,-80.7479191055565,41,3
406.237113402062,254.505154639175,-78.6978097638939,43,3
405.924731182796,252.41935483871,-64.8664131044093,52,3
405.695652173913,251.586956521739,-59.2229495729902,23,3
404.287234042553,248.542553191489,-61.2792327673855,48,3
403.960396039604,247.584158415842,-65.0236952111451,17,3
402.755555555556,244.344444444444,-73.5952789060845,55,3
402.093023255814,241.139534883721,-69.5174342759194,44,3
401.588235294118,240.341176470588,-64.1469725826488,19,3
400.282608695652,238.076086956522,-59.3611260511542,47,3
399.591836734694,236.826530612245,-60.4957002865075,22,3
397.666666666667,234.222222222222,-62.7737529392607,50,3
396.064516129032,231.559139784946,-64.2686369966666,45,3
395,230.134146341463,-54.3577134175268,27,3
393.280898876404,227.932584269663,-39.8004775637824,47,3
392.548387096774,227.387096774194,-37.7165742081641,20,3
390.8,225.95,-43.4414684109057,41,3
388.641975308642,223.395061728395,-72.0879141498115,59,3
388.089743589744,222.358974358974,-70.743359771524,19,3
386.95,219.55,-57.3284001614092,46,3
386.478723404255,218.648936170213,-52.7395351099823,22,3
384.774193548387,216.322580645161,-43.3202964940554,53,3
383.271739130435,214.304347826087,-56.3585970762839,43,3
382.37037037037,212.666666666667,-73.4784415971441,27,3
381.5375,210.2875,-72.7049579945207,41,3
381.091954022988,208.816091954023,-70.2786318657162,27,3
380.10752688172,206.849462365591,-59.3755970032248,44,3
378.916666666667,204.510416666667,-56.4807270870368,51,3
378.159090909091,202.840909090909,-68.697833292677,28,3
377.785714285714,200.642857142857,84.3807621668752,42,3
377.943181818182,199.068181818182,80.232354104497,28,3
377.810526315789,196.631578947368,-84.0880416873159,43,3
377.505263157895,194.568421052632,-69.5757236098284,46,3
377.21978021978,193.131868131868,-65.6255689789067,28,3
376.546511627907,190.767441860465,-73.8270354619444,43,3
376.285714285714,188.615384615385,-89.2455500132744,33,3
376.174418604651,185.418604651163,81.335909819821,49,3
376.088888888889,183.311111111111,-83.1775763307179,38,3
376.034482758621,182.724137931034,-80.5012986756734,15,3
375.681818181818,179.738636363636,-74.7419427234602,51,3
375.692307692308,178.659340659341,-77.4002908736408,21,3
375.692307692308,176.230769230769,85.122724505511,42,3
376.036585365854,173.036585365854,70.2432632275928,53,3
376.09756097561,172.646341463415,74.0739648935065,16,3
376.440476190476,170.75,81.0230124220748,38,3
376.630952380952,169.035714285714,87.5378695163851,26,3
377.469135802469,166.753086419753,85.5360449401206,43,3
378.122222222222,164.988888888889,68.7441369032094,39,3
378.752941176471,163.988235294118,54.4899926648238,25,3
379.556818181818,162.454545454545,49.3108428658168,41,3
380.29347826087,161.478260869565,53.3002899419875,28,3
382,158.644444444444,72.3818930114635,50,3
383.190476190476,155.77380952381,77.4676081113448,46,3
383.729411764706,154.905882352941,71.7625818987812,21,3
385,152.202380952381,52.2005002831025,49,3
385.483516483516,151.791208791209,48.084486664692,21,3
387.275862068966,149.379310344828,40.5287906273555,52,3
389.4,147.105882352941,53.7002515240553,50,3
390.186666666667,146,56.3479737269877,22,3
391.961538461538,143.692307692308,54.2313801886294,43,3
392.52380952381,142.928571428571,51.3165112598142,24,3
393.988505747126,141.367816091954,39.7319312991934,43,3
395.987951807229,139.421686746988,33.363708811981,42,3
397.176470588235,138.541176470588,39.5996991299825,24,3
398.756097560976,136.487804878049,54.1373224142423,43,3
399.857142857143,135.298701298701,61.449184390199,25,3
401.471264367816,133.287356321839,47.6990604539554,42,3
403.2,131.768421052632,32.4213779268873,42,3
404.470588235294,130.764705882353,21.403863729155,22,3
407.105263157895,129.026315789474,26.481313479649,57,3
407.814432989691,127.989690721649,45.1621431803045,29,3
410.229885057471,125.252873563218,57.8516117941254,58,3
412.261363636364,122.886363636364,42.2887043280756,49,3
413.204545454545,121.943181818182,35.874945288075,22,3
415.101123595506,120.23595505618,30.4442228643479,41,3
416.118279569892,119.150537634409,34.6882171064114,26,3
418.630952380952,116.488095238095,63.6317462389502,55,3
420.40243902439,113.5,59.2057272623743,50,3
421.469879518072,111.975903614458,44.3601371775326,31,3
422.413043478261,111.141304347826,31.0938580153306,31,3
423.381443298969,110,31.8693661676123,29,3
425.172043010753,107.967741935484,36.0199492198117,46,3
427.35632183908,105.965517241379,55.6823183669169,46,3
428.071428571429,104.857142857143,56.1274472135805,21,3
430.045977011494,102.413793103448,45.1184132531139,47,3
430.460674157303,101.808988764045,39.4206274063307,16,3
432.161290322581,100.043010752688,35.3592387590721,46,3
433.572815533981,98.4174757281553,41.7223099028828,46,3
NaN,NaN,NaN,103,3
NaN,NaN,NaN,0,3
NaN,NaN,NaN,0,3
NaN,NaN,NaN,0,3
NaN,NaN,NaN,0,3
NaN,NaN,NaN,0,3
NaN,NaN,NaN,0,3
NaN,NaN,NaN,0,3
NaN,NaN,NaN,0,3
NaN,NaN,NaN,0,3
NaN,NaN,NaN,0,3
NaN,NaN,NaN,0,3
NaN,NaN,NaN,0,3
NaN,NaN,NaN,0,3
NaN,NaN,NaN,0,3
NaN,NaN,NaN,0,3
NaN,NaN,NaN,0,3
NaN,NaN,NaN,0,3
NaN,NaN,NaN,0,3
NaN,NaN,NaN,0,3
NaN,NaN,NaN,0,3
NaN,NaN,NaN,0,3
NaN,NaN,NaN,0,3
NaN,NaN,NaN,0,3
NaN,NaN,NaN,0,3
NaN,NaN,NaN,0,3
NaN,NaN,NaN,0,3
NaN,NaN,NaN,0,3
NaN,NaN,NaN,0,3
389.59793814433,251.247422680412,-38.9149288631479,NaN,4
389.8,251.421052631579,-38.7671937360371,4,4
389.81914893617,251.382978723404,-39.5081729677603,7,4
390.139784946237,251.655913978495,-39.2138034687009,7,4
390.03125,251.520833333333,-38.6788576493399,3,4
390.085106382979,251.606382978723,-39.0156089646792,2,4
390.422222222222,251.866666666667,-38.0110946572941,6,4
390.236559139785,251.741935483871,-38.4654104895054,7,4
390.451612903226,251.924731182796,-37.3224827525608,10,4
390.731182795699,252.290322580645,-39.1520985143851,8,4
390.791208791209,252.241758241758,-38.4411373695481,4,4
390.923076923077,252.395604395604,-39.3173182089758,4,4
390.882978723404,252.5,-40.5390018797483,5,4
391.097826086957,252.586956521739,-40.3853824700163,4,4
391.148936170213,252.63829787234,-40.0715290082972,2,4
391.336956521739,252.728260869565,-39.3053303547027,6,4
391.421052631579,252.789473684211,-38.8788805330245,7,4
391.515789473684,252.810526315789,-39.2173759713487,2,4
391.6,253.021052631579,-39.9757061458393,4,4
391.726315789474,252.957894736842,-40.0355523083437,8,4
391.606382978723,253.063829787234,-40.9458799911875,5,4
392,253.344086021505,-39.2416737281328,9,4
392.042553191489,253.276595744681,-40.0375754412396,3,4
392.265957446808,253.414893617021,-39.7362804209051,6,4
392.369565217391,253.510869565217,-39.7872656787522,2,4
392.428571428571,253.549450549451,-39.1576417869475,3,4
392.591397849462,253.666666666667,-39.1689839805878,4,4
392.68085106383,253.776595744681,-39.8059867237771,7,4
392.631578947368,253.663157894737,-39.3193607119153,7,4
392.827956989247,253.741935483871,-39.1047565570068,4,4
392.673913043478,253.70652173913,-38.5767166496303,5,4
392.966666666667,253.922222222222,-38.6281509262184,4,4
392.936170212766,254.031914893617,-40.274811712274,8,4
393.347368421053,254.305263157895,-40.9829553803699,11,4
393.354838709677,254.301075268817,-41.4947442858972,6,4
393.565217391304,254.434782608696,-40.3824567150326,5,4
393.577777777778,254.411111111111,-39.3322560949156,8,4
393.609195402299,254.505747126437,-40.4501356920494,5,4
393.826086956522,254.532608695652,-39.5628456796697,7,4
393.860215053763,254.698924731183,-40.4225755317524,9,4
393.901098901099,254.714285714286,-40.8397734596072,6,4
393.988888888889,254.733333333333,-40.2837684730504,3,4
394.04347826087,254.739130434783,-40.3576446233279,4,4
394.130434782609,254.869565217391,-40.9559348199665,4,4
394.420454545455,255.159090909091,-40.5725241437089,8,4
394.397849462366,255.215053763441,-40.8720012038975,9,4
394.484536082474,255.134020618557,-39.8216638895286,4,4
394.382978723404,255.170212765957,-41.1435324053513,5,4
394.556701030928,255.175257731959,-39.7904078355582,3,4
394.852631578947,255.410526315789,-40.1539416316624,8,4
394.752688172043,255.430107526882,-40.8552290671571,2,4
394.806451612903,255.548387096774,-40.5634120153764,2,4
394.913978494624,255.483870967742,-40.6630208947729,4,4
394.881720430108,255.505376344086,-40.007269162583,2,4
394.945652173913,255.673913043478,-41.1489678784908,7,4
395.211111111111,255.955555555556,-41.2798866482993,10,4
395.228260869565,255.989130434783,-41.4476937302065,8,4
395.443181818182,256.193181818182,-41.9933457753681,8,4
395.484210526316,256.2,-41.981292066297,7,4
395.591397849462,256.322580645161,-41.8050875210459,2,4
395.611111111111,256.311111111111,-42.2777336576385,3,4
395.758241758242,256.362637362637,-42.9803457872119,5,4
395.831578947368,256.378947368421,-42.6217363908555,6,4
396.077777777778,256.577777777778,-41.7769988233018,5,4
396.103448275862,256.64367816092,-42.5375167869284,5,4
396.282608695652,256.902173913043,-44.09950374386,13,4
396.40625,257.09375,-46.8029813188842,14,4
396.708737864078,257.990291262136,-54.5949432987407,17,4
397.875,260.3125,86.9816388783469,49,4
398.040816326531,262.632653061225,72.3239938139328,52,4
397.755555555556,263.988888888889,73.5026380875948,24,4
397.52808988764,267.056179775281,-84.0704903246343,45,4
397.810526315789,268.494736842105,-74.2351049609719,24,4
398.53,271.37,-54.2983005324506,59,4
400.448979591837,274.326530612245,-58.6248731927606,58,4
401.30612244898,275.367346938775,-63.1797697655702,24,4
403.307692307692,278.472527472527,-66.6493324033056,63,4
404.841463414634,280.548780487805,-65.7380196443687,39,4
405.934782608696,281.880434782609,-39.7249443572454,52,4
407.942857142857,283.771428571429,-36.1055439480245,41,4
409.29702970297,284.821782178218,-38.7843064300986,22,4
412.076086956522,287.554347826087,-44.3462579319623,63,4
413.455555555556,288.888888888889,-46.2255771283708,30,4
415.5,290.755102040816,-21.0264031441863,56,4
417.464912280702,291.921052631579,-8.91847353926846,50,4
419.009433962264,292.594339622641,-12.6794481734865,32,4
421.603603603604,293.135135135135,-28.2873769027788,57,4
423.136363636364,293.681818181818,-48.82909212606,35,4
426.582417582418,296.824175824176,-36.2009168190276,79,4
428.742574257426,297.910891089109,-19.3310579648854,46,4
430.3,298.96,-13.0788410824078,37,4
433.009615384615,299.663461538462,-17.9502895013772,54,4
434.663366336634,300.237623762376,-33.6683258859367,31,4
437.39175257732,302.010309278351,-45.952551313207,52,4
439.877777777778,303.766666666667,-30.95307663813,49,4
441.095744680851,304.744680851064,-19.2059833308577,30,4
443.534653465347,305.485148514851,-8.48485760515148,49,4
444.95145631068,305.95145631068,-9.89245229079144,28,4
447.24,306.4,-30.3456804122274,47,4
450.522727272727,308.511363636364,-43.6853530818713,60,4
451.441860465116,309.209302325581,-32.5327578215146,18,4
453.565217391304,310.641304347826,-13.665652877997,48,4
454.454545454545,310.949494949495,-7.631619636236,23,4
457.52688172043,311.569892473118,-5.33283611984264,52,4
459.9,311.89,-24.6374082077561,49,4
461.505617977528,312.303370786517,-38.9029126953842,25,4
463.548387096774,314.10752688172,-33.2956464294386,48,4
464.795698924731,314.784946236559,-25.782709861141,26,4
466.656565656566,315.777777777778,-11.6473882783027,46,4
469.553191489362,316.712765957447,-10.0336448530724,49,4
470.260416666667,316.885416666667,-13.5507178848243,14,4
473.054347826087,317.891304347826,-35.9398262031027,54,4
474.305263157895,318.642105263158,-42.8381825785881,31,4
477.034482758621,320.333333333333,-19.1200466446068,52,4
478.645161290323,321.043010752688,-4.28429892022796,38,4
480.454545454545,321.340909090909,-1.52872348106232,29,4
483.111111111111,321.522222222222,-4.12999506161103,42,4
484.468085106383,321.893617021277,-19.8521656365608,26,4
486.93137254902,322.754901960784,-38.5257978288271,44,4
490.467391304348,324.771739130435,-25.3373403637273,66,4
491.726315789474,325.073684210526,-16.6878786312691,21,4
494.572916666667,325.90625,-0.532385123430226,55,4
496.104166666667,325.96875,2.89846577122591,28,4
499.242990654206,325.81308411215,-17.560918239548,61,4
502.0625,326.5,-31.9286593600634,53,4
503.85,327.21,-26.6606447454134,36,4
507.276595744681,328.585106382979,-2.50288456883626,62,4
508.39,328.75,4.17196220389417,24,4
511.65306122449,328.908163265306,6.10063213206289,54,4
514.314285714286,328.571428571429,-10.4598303602234,49,4
516.41052631579,328.863157894737,-19.1070039877748,36,4
518.794117647059,329.460784313725,-15.3072393790156,41,4
520.60824742268,329.969072164948,-8.73169420212152,31,4
523.111111111111,330.282828282828,5.4224995457673,44,4
525.925531914894,330.223404255319,3.90540834285452,47,4
526.967741935484,330.032258064516,-2.84081642438516,17,4
529.168316831683,330,-13.649650728086,46,4
529.95145631068,330.077669902913,-13.6700384419586,16,4
532.695652173913,331.04347826087,-3.55280097444404,53,4
534.663157894737,330.842105263158,11.617631594437,39,4
536,330.776595744681,11.4128438846055,25,4
538.505376344086,330.548387096774,8.67935640038309,39,4
539.863157894737,330.284210526316,-10.4515686042933,32,4
541.899082568807,330.477064220183,-18.9271395902943,54,4
545.458333333333,331.375,-13.7158145400987,65,4
546.459183673469,331.265306122449,-6.12786543712561,26,4
549.747474747475,331.545454545455,14.5866287712558,63,4
551.14,331.34,17.5915750854724,27,4
553.950495049505,330.871287128713,9.39979201501801,53,4
556.607843137255,330.803921568627,-11.4585179662402,55,4
558.326732673267,330.871287128713,-17.8383571540226,29,4
561.395833333333,331.385416666667,-11.2868084880396,53,4
562.683673469388,331.673469387755,-5.83314380449863,30,4
565.30612244898,331.857142857143,8.61744461863342,52,4
568.373626373626,331.857142857143,5.55873471725372,51,4
569.322916666667,331.802083333333,0.0329422804345663,21,4
571.867924528302,331.801886792453,-11.1942162972964,48,4
573.219047619048,331.87619047619,-16.2216238304605,29,4
576.676767676768,332.484848484848,0.61107798640275,60,4
579.067961165049,332.388349514563,12.0931963258141,50,4
580.86,332.46,12.9097748886347,29,4
584.095744680851,331.787234042553,-2.34770676783128,56,4
585.07476635514,331.88785046729,-9.14983201741605,27,4
587.807339449541,332.348623853211,-26.156629127572,58,4
591.063829787234,333.265957446808,-16.4259722694072,55,4
592.386138613861,333.584158415842,-7.49139163580098,23,4
595.774193548387,334.150537634409,-2.57897956154843,54,4
597.147368421053,334.557894736842,-2.97153268708897,26,4
599.711538461538,334.913461538462,-25.8031878565781,49,4
602.388349514563,335.796116504854,-36.6964049511257,49,4
603.817204301075,336.763440860215,-28.6598691404628,30,4
606.142857142857,337.704761904762,-14.2717364937584,44,4
607.108910891089,338.128712871287,-11.407398720394,28,4
610.305263157895,339.084210526316,-12.0827723188966,50,4
611.801886792453,339.641509433962,-25.1775342234894,37,4
613.329896907216,340.19587628866,-29.337745565645,29,4
615.525773195876,341.783505154639,-35.7890050000577,46,4
616.826086956522,342.391304347826,-26.1215026033849,27,4
618.670103092784,343.19587628866,-12.1669883636066,47,4
621.326923076923,344.211538461538,-14.3196333202367,45,4
622.480392156863,344.372549019608,-20.8311521771,22,4
624.485148514852,345.821782178218,-35.9369434181468,49,4
625.69696969697,346.555555555556,-43.8356610541945,30,4
628.020408163265,347.969387755102,-34.6195640512473,45,4
629.838095238095,349.095238095238,-14.4016341163574,51,4
632.054347826087,349.79347826087,-6.17430722266595,35,4
634.529411764706,350.598039215686,-17.5328910157003,54,4
635.563106796116,350.95145631068,-24.2944394130782,23,4
638.309278350515,352,-35.1469998550684,50,4
641.25,353.445652173913,-23.6269746554045,51,4
642.290322580645,353.924731182796,-12.6578561691118,25,4
645.671052631579,354.671052631579,-2.96408965317263,59,4
647.307692307692,355.064102564103,-7.73785896941871,28,4
649.376470588235,355.552941176471,-23.2312163869144,39,4
652.37037037037,356.691358024691,-32.5438831263775,48,4
653.325301204819,357.144578313253,-30.152487454134,14,4
654.431818181818,358.5,-27.5041566846381,43,4
654.588888888889,358.822222222222,-23.7657543551032,14,4
655.078651685393,359.415730337079,-28.135941127685,25,4
655.686046511628,360.127906976744,-34.8778757965172,21,4
655.75,360.375,-37.3533378130562,16,4
656.655172413793,362.252873563218,-45.2020366003176,41,4
656.777777777778,362.755555555556,-43.9807596198472,17,4
657.151162790698,364.186046511628,-37.9097432335135,32,4
657.551020408163,365.081632653061,-52.0521417644476,30,4
657.902173913043,366.173913043478,-58.5846004453834,28,4
658.41975308642,367.864197530864,-79.7365321832683,43,4
658.555555555556,369.098765432099,89.4998170779748,30,4
657.936708860759,371.835443037975,-89.5773064940566,48,4
657.790697674419,373.337209302326,-79.9755166287718,29,4
657.371794871795,373.948717948718,-74.7416242864065,18,4
657.1,375.675,-71.8464864877914,34,4
657.133333333333,377.077777777778,-73.3881118553247,24,4
NaN,NaN,NaN,90,4
390.633333333333,259.677777777778,-81.3830526302364,NaN,5
390.636363636364,259.534090909091,-81.1480099225496,2,5
390.576086956522,259.478260869565,-80.8026113550412,4,5
390.604395604396,259.417582417582,-80.3149515069746,1,5
390.577777777778,259.333333333333,-80.564097076347,1,5
390.659340659341,259.395604395604,-80.5253662788015,3,5
390.630434782609,259.576086956522,-81.2326469078925,3,5
390.630434782609,259.5,-80.5810158498257,2,5
390.630434782609,259.576086956522,-81.2326469078925,2,5
390.619565217391,259.630434782609,-80.9074045652767,2,5
390.612903225806,259.537634408602,-79.6738508883315,5,5
390.736263736264,259.736263736264,-79.7133231928499,4,5
390.651685393258,259.539325842697,-80.3331385983525,4,5
390.719101123596,259.741573033708,-80.1232191967213,2,5
390.755555555556,259.666666666667,-80.6753252781107,3,5
390.739130434783,259.608695652174,-80.8509973218647,2,5
390.739130434783,259.489130434783,-80.6370577050764,2,5
390.784946236559,259.505376344086,-80.3987318401744,1,5
390.784946236559,259.58064516129,-80.6608187356208,2,5
390.908045977012,260.103448275862,-83.0309042093851,10,5
391.298850574713,260.804597701149,-86.1141786854336,24,5
391.28125,260.177083333333,-83.3112508192497,17,5
391.190476190476,260.361904761905,-69.1329451969209,43,5
391.135922330097,260.281553398058,-39.7386956668899,22,5
390.940170940171,259.974358974359,-35.5550936806895,42,5
393.362745098039,261.607843137255,-26.2738906436452,61,5
394.117647058824,261.774509803922,-29.158061740262,24,5
395.880434782609,263.184782608696,-44.2331490062748,44,5
397.18085106383,264.553191489362,-56.6399943712174,30,5
399.484848484848,266.484848484848,-47.0922899628435,53,5
401.788990825688,268.02752293578,-23.5191190355476,62,5
403.254901960784,268.774509803922,-17.2509295411008,31,5
405.967032967033,269.978021978022,-34.8040046956815,53,5
407.282828282828,271.090909090909,-59.7690976554313,36,5
408.931818181818,273.602272727273,-70.925715108152,49,5
410.39603960396,275.564356435644,-56.0219020874057,39,5
410.858490566038,276.056603773585,-42.6452778489583,25,5
412.99,278.21,-30.1965078255295,54,5
413.980952380952,279.285714285714,-37.2471071601512,31,5
415.968085106383,281.106382978723,-62.8749990984159,51,5
418.035294117647,284.741176470588,-69.172524119,61,5
418.775280898876,285.741573033708,-55.1814636713559,24,5
420.271844660194,287.427184466019,-38.378149252645,48,5
421.155339805825,288.194174757282,-34.0230543180095,28,5
423.161904761905,289.47619047619,-42.3330563743736,48,5
425.674418604651,292.453488372093,-69.1061811530695,61,5
426.416666666667,293.404761904762,-65.0483401634507,20,5
427.857142857143,295.967032967033,-52.0174403713814,49,5
428.346534653465,296.712871287129,-42.7751616814866,26,5
430.401960784314,298.549019607843,-30.8421003222017,53,5
432.81,300.23,-44.8649175665012,50,5
433.527472527473,301.10989010989,-45.1237850575691,25,5
435.922222222222,303.966666666667,-59.7507531428274,55,5
436.866666666667,305.3,-53.6361040964772,28,5
438.519607843137,306.990196078431,-31.9817526934227,46,5
440.63,308.71,-30.1212787656588,48,5
441.490196078431,309.274509803922,-36.1705423258877,26,5
443.408163265306,311.785714285714,-53.313737322525,60,5
444.784090909091,313.886363636364,-64.8935734525538,38,5
446.263736263736,315.967032967033,-45.2019758178777,41,5
447.76,317.42,-37.1122699366756,43,5
448.644444444444,318.188888888889,-33.3913074911528,24,5
450.510869565217,320.478260869565,-42.2514073572172,56,5
451.336842105263,321.252631578947,-51.0806503388443,25,5
453.5,324.056818181818,-61.1713561868508,51,5
455.051546391753,326.072164948454,-42.4086439908905,41,5
455.644444444444,326.566666666667,-34.4640444812385,23,5
457.56043956044,328.21978021978,-30.8473857066992,43,5
458.6,329.43,-40.8031895276619,33,5
460.989010989011,331.791208791209,-72.0812633172503,57,5
462.393258426966,334.707865168539,-64.6462605839455,52,5
463.305263157895,335.831578947368,-51.1279852928564,24,5
464.891089108911,337.435643564356,-36.0848396449121,42,5
465.852941176471,338.303921568627,-28.8285009001514,27,5
467.714285714286,339.67619047619,-38.4607431158741,45,5
470.275510204082,342.071428571429,-67.6140669336657,63,5
470.881720430108,343.311827956989,-60.7326358835149,27,5
472.631578947368,345.957894736842,-47.4188415264387,48,5
473.561224489796,346.989795918367,-40.6291802037994,25,5
475.47,348.92,-37.9876133791646,44,5
476.580952380952,350.352380952381,-49.6582405442786,47,5
477.752577319588,351.824742268041,-60.0987416598138,30,5
479.52808988764,355.044943820225,-64.7562457726549,54,5
480.04347826087,355.945652173913,-59.6960627157979,19,5
481.371428571429,357.514285714286,-44.4387964782921,43,5
483.42,359.77,-44.4481596235034,55,5
484.120879120879,360.857142857143,-49.906736881605,33,5
485.225806451613,362.258064516129,-71.7885203692021,42,5
486,364.707317073171,-85.54871818311,37,5
486.597826086957,366.836956521739,-62.532011713336,44,5
488.102040816327,368.84693877551,-52.5352592603746,44,5
488.953488372093,370.151162790698,-43.6548387778736,26,5
490.415730337079,372.707865168539,-55.4297903137212,49,5
491.04347826087,373.815217391304,-68.7980552793579,23,5
492.098901098901,376.450549450549,-81.6179036180191,49,5
493.121951219512,379.646341463415,-70.0174671877884,55,5
493.542168674699,380.168674698795,-59.4678462521902,15,5
494.9875,382.3875,-45.1796504772414,47,5
495.677419354839,383.774193548387,-49.4514631484037,31,5
497.195402298851,386.379310344828,-65.3034313001893,44,5
498.435294117647,389.176470588235,-75.6532162510197,44,5
499.292682926829,390.80487804878,-63.3806383170944,27,5
500.571428571429,392.285714285714,-47.7401192699858,36,5
501.345238095238,393.214285714286,-42.0340566735078,20,5
503,395.164705882353,-39.5764636200746,39,5
505.12987012987,397.350649350649,-65.6134831921783,44,5
505.64,398.226666666667,-72.3443653856687,18,5
506.861111111111,401.305555555556,-71.9865930119038,45,5
507.260273972603,402.082191780822,-63.0008829495582,15,5
509.188405797101,404.217391304348,-31.3972277135856,40,5
510.970588235294,404.441176470588,-25.3359119476399,29,5
512.073529411765,404.279411764706,-26.3549949492696,22,5
513.584615384615,404.246153846154,-30.7258150114885,25,5
514.029850746269,403.985074626866,-33.9795177102916,20,5
515.661538461538,404.723076923077,-24.1392412451288,24,5
517.742424242424,405.393939393939,-3.44929744246189,37,5
518.939393939394,405.363636363636,-3.4369060569806,14,5
521.272727272727,405.181818181818,-3.37880535268771,32,5
522.573770491803,405.032786885246,-15.0799318284432,21,5
523.515625,404.53125,-26.2444667053642,33,5
525.318181818182,404.742424242424,-25.8868096472391,24,5
526.318181818182,404.833333333333,-20.2025457901367,14,5
529.086206896552,405.534482758621,-12.6006745200797,34,5
529.983333333333,405.55,-15.0482280777927,12,5
531.838709677419,405.516129032258,-23.1120412610882,30,5
533.305084745763,405.372881355932,-31.0282095928259,25,5
533.868852459016,405.475409836066,-28.4418151146692,10,5
535.757575757576,405.893939393939,-30.3695931947372,29,5
536.521739130435,406.101449275362,-28.0740285745856,11,5
538.566666666667,406.016666666667,-20.1270742149253,35,5
541.351851851852,406.240740740741,-17.7469849336059,34,5
542.237288135593,405.966101694915,-18.4927311399457,17,5
543.933333333333,405.9,-22.4121290480972,25,5
NaN,NaN,NaN,60,5
414.387755102041,239.714285714286,9.07191223826821,NaN,6
414.322916666667,239.791666666667,8.40773908342061,4,6
414.354166666667,239.71875,8.01021893676131,2,6
414.354166666667,239.71875,8.01021893676131,0,6
414.132653061225,239.744897959184,7.82085578848721,2,6
413.774509803922,239.803921568627,7.4177670202768,4,6
413.90099009901,239.792079207921,7.60634413690577,1,6
413.825242718447,239.73786407767,7.91755393649216,4,6
413.831683168317,239.782178217822,7.68378046461047,2,6
413.575471698113,239.783018867925,7.6942318416737,5,6
413.615384615385,239.807692307692,7.54074951278668,4,6
413.679611650485,239.766990291262,7.30553426558398,5,6
413.619047619048,239.780952380952,7.18981587484964,2,6
413.638095238095,239.752380952381,6.61799186658775,2,6
413.615384615385,239.759615384615,7.4197102872603,7,6
413.708737864078,239.757281553398,8.00445534087686,5,6
413.705882352941,239.794117647059,7.50428314707325,3,6
413.572815533981,239.834951456311,6.98067536246101,3,6
413.52427184466,239.854368932039,6.99898821532949,2,6
413.769230769231,239.817307692308,6.66038783382217,7,6
413.586538461538,239.826923076923,6.73321868830874,6,6
413.682692307692,239.769230769231,6.90437423119013,2,6
413.70297029703,239.881188118812,7.31348048702776,7,6
413.75,239.78,6.8446109870018,5,6
413.56862745098,239.892156862745,6.98097499797343,4,6
413.679611650485,239.766990291262,7.30553426558398,7,6
413.776699029126,239.815533980583,7.71260200434525,4,6
413.735294117647,239.774509803922,7.53858390451389,3,6
413.673076923077,239.740384615385,7.08838066878955,6,6
413.504854368932,239.776699029126,7.21519311325045,3,6
413.647058823529,239.754901960784,6.30581481757783,3,6
413.518867924528,239.688679245283,6.71587994073723,4,6
413.584905660377,239.764150943396,6.76806378006927,6,6
413.638095238095,239.714285714286,6.46463947805988,3,6
413.861386138614,239.782178217822,7.11817343799525,6,6
414.40206185567,239.639175257732,7.21971295610214,10,6
414.762886597938,239.494845360825,12.6294872073136,16,6
414.989583333333,239.8125,23.9144751069055,29,6
415.1875,239.854166666667,48.2818842009146,18,6
415.627659574468,239.627659574468,77.4631051712172,32,6
416.913580246914,237.58024691358,81.7226000065223,43,6
417.608695652174,236.663043478261,67.0001283586262,21,6
418.754716981132,235.5,56.2479444663608,40,6
419.256880733945,234.862385321101,45.2124712929681,31,6
421.098039215686,233.28431372549,-2.39927619540245,57,6
423.822429906542,233.130841121495,10.717601542404,63,6
425.72,233.11,16.8904838788097,37,6
429.115384615385,231.875,31.2907066067752,68,6
430.728155339806,231.223300970874,29.9823392160662,31,6
432.690909090909,230.290909090909,7.76457367672532,43,6
435.358490566038,230.188679245283,-14.3997286020174,62,6
437.838709677419,231.010752688172,-14.1351898476772,41,6
440.826923076923,231.355769230769,9.19425316062267,55,6
441.490909090909,231.463636363636,11.927121755374,24,6
444.62962962963,231.398148148148,13.4591268089024,54,6
447.770642201835,231.348623853211,-6.24797672007914,53,6
449.368932038835,231.631067961165,-15.087297141754,32,6
452.454545454545,232.575757575758,-19.505487871848,52,6
454.081632653061,233.030612244898,-12.4270245967892,31,6
457.188679245283,233.792452830189,1.85825716188645,58,6
460.14,234.34,-11.1023254121106,50,6
461.316326530612,234.520408163265,-20.1499427357264,26,6
463.894230769231,235.528846153846,-36.0026747676876,50,6
465.445544554455,236.465346534653,-41.9811333560484,29,6
467.887755102041,238.377551020408,-28.2811736213337,49,6
470.362745098039,239.911764705882,-15.5494157765758,46,6
471.949494949495,240.606060606061,-18.2071645191359,27,6
474.595744680851,241.765957446808,-33.716283860565,47,6
475.86,242.74,-47.4431992977295,28,6
478.1875,244.875,-50.2165249455752,52,6
480.581632653061,246.602040816327,-31.9260541203583,46,6
481.545454545455,247.191919191919,-21.6627449442551,25,6
484.617021276596,248.81914893617,-20.1467545883439,57,6
485.704761904762,249.285714285714,-34.0476143407103,31,6
488.262626262626,251,-48.8420471473772,56,6
490.922330097087,253.203883495146,-46.7966969629033,56,6
491.801886792453,253.77358490566,-37.3083359773475,23,6
494.542857142857,255.638095238095,-26.5137743615538,61,6
495.663551401869,256.065420560748,-24.1850424898196,24,6
498.441176470588,257.078431372549,-37.5971342930036,55,6
501.15,258.6,-57.65754718387,60,6
502.112359550562,259.898876404494,-48.1065347824122,33,6
504.438775510204,261.755102040816,-44.7743960148598,47,6
505.116504854369,262.446601941748,-36.831167181219,23,6
507.27619047619,264.27619047619,-31.5985231920829,46,6
509.353535353535,266.151515151515,-43.565900467063,48,6
510.104166666667,267.072916666667,-48.6080560395597,23,6
512.011111111111,269.433333333333,-59.8874853679691,50,6
512.75,271,-57.3099522078319,28,6
514.08,272.69,-43.7336160893994,36,6
515.848484848485,274.69696969697,-35.0144093351751,45,6
517.279569892473,276.043010752688,-36.5487592719655,30,6
518.123711340206,277.329896907216,-48.9770049565474,34,6
519.326732673267,279.128712871287,-65.9211792821508,36,6
520.878787878788,281.737373737374,-66.4753601212936,48,6
522.333333333333,283.904761904762,-53.1093118958295,46,6
523.602150537634,285.677419354839,-40.8026428634959,36,6
525.19387755102,287.408163265306,-41.0596790750496,47,6
526.275510204082,288.816326530612,-50.0986279933424,34,6
527.771428571429,290.895238095238,-64.9669930175706,45,6
529.659793814433,293.783505154639,-69.6294884613327,58,6
530.407766990291,295.019417475728,-58.1780697391764,26,6
531.690721649485,296.40206185567,-37.2011806876253,40,6
532.628571428571,297.457142857143,-38.6479455069519,28,6
535.274509803922,299.56862745098,-42.6446244396741,57,6
537,301.688172043011,-57.213134766905,51,6
537.949494949495,302.727272727273,-59.616288593105,26,6
539.968085106383,305.585106382979,-57.3132755643804,57,6
540.731958762887,306.39175257732,-50.083717210421,27,6
542.116504854369,307.932038834951,-36.8298374971459,44,6
544.311320754717,310.018867924528,-36.9699823025852,55,6
545.419047619048,310.952380952381,-44.5870671981871,29,6
547.163461538462,312.711538461538,-57.8793281073845,49,6
548.093457943925,314.046728971963,-63.3960884238933,35,6
549.81308411215,316.392523364486,-52.1471766280968,50,6
551.336448598131,317.981308411215,-39.2220141984594,46,6
552.663157894737,319.463157894737,-34.9372368876703,32,6
554.76,321.06,-46.7904171597177,47,6
555.622448979592,322.336734693878,-61.3307128098854,30,6
557.175257731959,324.80412371134,-76.7168597993548,49,6
558.505376344086,327.451612903226,-68.9526821742256,52,6
558.901098901099,328.120879120879,-58.4057304920231,16,6
560.080459770115,330.275862068966,-46.6146324984229,48,6
561.242424242424,331.838383838384,-48.6662911620515,36,6
562.737373737374,334.505050505051,-68.8002299658667,50,6
564.061855670103,336.938144329897,-79.1265525682139,54,6
564.376344086022,338.333333333333,-76.2960148182688,24,6
565.581632653061,340.642857142857,-63.0462144804458,45,6
566.266666666667,341.295238095238,-59.1040818040672,27,6
567.611650485437,343.796116504854,-47.9447331792676,60,6
569.38,346.21,-58.885763185451,49,6
570.118279569892,347.301075268817,-67.6029060585893,27,6
570.989247311828,349.376344086022,-70.8598458397785,42,6
571.815217391304,351.326086956522,-74.8974135247542,37,6
572.84693877551,353.204081632653,-62.438378833749,38,6
574.326923076923,355.451923076923,-50.0647652739575,54,6
575.610526315789,357.136842105263,-52.7425678348244,31,6
576.73,358.72,-68.6516355484438,35,6
577.009803921569,360.088235294118,-75.4120610588778,34,6
578.469387755102,362.520408163265,-78.6525965889221,52,6
579.441176470588,364.71568627451,-68.1477506866955,38,6
579.757575757576,365.575757575758,-55.1512083413423,23,6
581.19587628866,367.59793814433,-47.5429094787768,48,6
581.990654205607,368.841121495327,-53.0839578785366,24,6
583.725490196078,371.264705882353,-71.0420173729644,51,6
584.887755102041,373.377551020408,-73.8560436335357,44,6
585.695238095238,374.209523809524,-66.6297357074389,23,6
586.854368932039,375.864077669903,-47.0151564565197,38,6
587.678899082569,376.550458715596,-42.7140490404402,26,6
589.960396039604,379.019801980198,-36.7676489876164,58,6
591.785714285714,380.377551020408,-60.5374358333777,43,6
592.236559139785,381.118279569892,-60.5994785603528,23,6
593.604395604396,383.21978021978,-69.5932592228519,46,6
594.688888888889,385.244444444444,-69.9906536104552,35,6
595.904255319149,386.734042553192,-46.6465782598085,40,6
597.411764705882,388.411764705882,-35.7233765540275,48,6
598.721649484536,389.587628865979,-33.8678206172943,29,6
600.0625,390.78125,-49.2877430639477,35,6
600.552083333333,391.6875,-55.1496625070726,22,6
602.122222222222,393.388888888889,-61.3938791424064,46,6
603.75,395.465909090909,-56.2071265750246,40,6
604.481481481482,396.555555555556,-44.3540232672338,25,6
606.041095890411,398.424657534247,-40.2556926968921,40,6
606.961538461538,399.423076923077,-44.079277590156,23,6
607.861111111111,401.069444444444,-52.5690858926711,34,6
609.363636363636,402.103896103896,-56.5347539607111,37,6
610.108108108108,402.72972972973,-53.6595486451078,17,6
611.727272727273,403.984848484848,-35.0798949022595,34,6
612.25,404.205882352941,-33.4069088355333,16,6
614.606557377049,405.344262295082,-23.8380735353503,35,6
616.7,405.65,-22.9796800985905,27,6
617.5,405.833333333333,-22.6406020109658,10,6
618.625,405.890625,-21.1686497314976,22,6
619.333333333333,406.202898550725,-20.1437217025292,13,6
621.436363636364,406.672727272727,-9.16185117219241,30,6
623.603773584906,406.603773584906,-11.1242361021224,26,6
624.592592592593,406.462962962963,-12.8069657829282,13,6
625.982142857143,406.071428571429,-19.3271017059598,24,6
626.413793103448,406.01724137931,-20.4966389494319,8,6
627.727272727273,406.060606060606,-20.8906829315523,22,6
629.349206349206,406.301587301587,-14.8755109008419,23,6
630.016129032258,406.274193548387,-14.2565871965559,9,6
632.692307692308,406.673076923077,-3.8020616150732,34,6
633.59649122807,406.280701754386,-3.51215556356031,17,6
NaN,NaN,NaN,57,6
395.089887640449,267.786516853933,-67.8388545681807,NaN,7
395.168539325843,267.988764044944,-69.326585912754,6,7
395.089887640449,267.876404494382,-68.6458272752236,4,7
395.134831460674,267.865168539326,-66.9957317608122,8,7
395.045454545455,267.761363636364,-67.1888637950548,5,7
395.172413793103,267.931034482759,-68.1502552295104,3,7
395.033707865169,267.696629213483,-68.2942676159916,6,7
395.149425287356,267.747126436782,-67.8900761313641,4,7
395.1,267.711111111111,-68.0427466023435,5,7
395.195402298851,267.942528735632,-68.7907654466214,5,7
395.16091954023,267.954022988506,-68.6845175730474,4,7
395.137931034483,267.931034482759,-68.3503854629951,2,7
395.089887640449,267.797752808989,-67.7665649369743,4,7
395.022471910112,267.640449438202,-67.7675304767183,6,7
395.098901098901,267.78021978022,-68.3320531409333,6,7
395.149425287356,267.885057471264,-68.6349017954557,6,7
395.141176470588,268,-68.5004136703405,4,7
395.149425287356,267.885057471264,-68.6349017954557,4,7
394.966666666667,267.577777777778,-67.748615818118,5,7
394.977272727273,267.647727272727,-67.7886873948135,2,7
395,267.752808988764,-68.1435424521762,3,7
394.977528089888,267.76404494382,-68.6812683280463,4,7
395.067415730337,267.820224719101,-69.0239733665148,4,7
395.16091954023,268.022988505747,-69.6917887974358,6,7
395.297619047619,268.392857142857,-72.7274308111644,9,7
395.634146341463,268.817073170732,-69.0435639138502,18,7
395.774193548387,268.655913978495,-56.8811432805602,31,7
395.6,268.35,-39.1071893462944,25,7
395.757575757576,268.40404040404,-4.36740069144239,45,7
397.407766990291,268.601941747573,0.72469819615221,40,7
399.415841584158,268.742574257426,-7.69862358170203,34,7
401.166666666667,268.166666666667,-34.4929518383972,45,7
401.660377358491,268.660377358491,-45.5379036570874,18,7
403.272727272727,270.272727272727,-60.736998427825,47,7
405.362745098039,272.656862745098,-47.7298184393383,55,7
406.663461538462,273.817307692308,-34.7313570020812,30,7
408.615384615385,275.163461538462,-33.516971430328,50,7
409.626168224299,275.934579439252,-38.8463939416977,23,7
411.343137254902,277.186274509804,-68.7669651069276,47,7
412.410526315789,280.126315789474,-79.0572584333466,51,7
412.968421052632,281.768421052632,-75.4330277611353,30,7
413.576086956522,283.804347826087,-61.1723490831703,33,7
414.212962962963,284.935185185185,-54.8240335304668,30,7
415.326732673267,287.386138613861,-55.9337915717379,47,7
416.53125,290.3125,-76.1803682379717,51,7
417.011494252874,291.873563218391,-89.2469443979452,29,7
416.907216494845,294.010309278351,-81.5123089524994,40,7
417.122448979592,295.061224489796,-76.8386034380933,21,7
418.141414141414,297.828282828283,-65.9901026624132,47,7
418.59,299.76,-64.107295181868,45,7
418.802083333333,300.489583333333,-66.5422910295923,14,7
419.470588235294,304.6,-88.1547645419339,69,7
419.516483516484,305.802197802198,86.1394140363179,30,7
419.495238095238,307.257142857143,-76.9235216697055,46,7
420.326315789474,310.221052631579,-65.6784765804696,58,7
420.752941176471,311.576470588235,-58.2132482973007,22,7
421.927710843374,314.867469879518,-71.473388810447,52,7
421.977272727273,315.875,-78.3055766744757,21,7
422.740740740741,319.432098765432,-89.8205792368256,55,7
423.113402061856,320.907216494845,-67.4468634304122,46,7
423.854166666667,322.28125,-58.1970371125756,27,7
425.602409638554,325.120481927711,-46.2178998359383,59,7
426.322222222222,326.255555555556,-50.7436701287621,25,7
428.065789473684,329.302631578947,-79.3655243036018,48,7
429.27380952381,332.178571428571,-79.4475136757084,44,7
429.89156626506,333.493975903614,-69.653581617775,27,7
431.202127659574,335.308510638298,-51.8267839053185,47,7
431.744897959184,335.979591836735,-48.8347196890755,24,7
434.126315789474,339.021052631579,-52.3230906392801,57,7
435.892857142857,341.880952380952,-84.8627827443218,49,7
436.21686746988,342.963855421687,-81.0643288267025,19,7
437.22619047619,345.714285714286,-69.7752997887716,45,7
437.826086956522,346.869565217391,-64.2394799276371,26,7
438.946808510638,348.606382978723,-54.3784059840952,42,7
440.294736842105,350.852631578947,-53.3905190983768,47,7
441.420454545455,352.375,-66.1778787350468,25,7
442.604938271605,355.148148148148,-79.7403369449383,43,7
443.261363636364,356.761363636364,-78.5658133334228,27,7
444.25,358.795454545455,-57.040499107643,36,7
445.422680412371,360.20618556701,-49.3293455021487,39,7
446.627906976744,361.779069767442,-44.3752708426906,31,7
447.975903614458,363.433734939759,-59.2644187509745,33,7
448.918604651163,365.476744186047,-81.6877810797822,33,7
449.857142857143,367.75,-82.2205611349323,40,7
450.793103448276,370.275862068966,-66.151725194948,39,7
451.208791208791,371.010989010989,-58.2436846427396,20,7
452.441860465116,373.244186046512,-51.0490539026818,43,7
453.229885057471,374.609195402299,-53.7433587618431,25,7
454.727272727273,376.974025974026,-81.4099781977644,42,7
455.493506493507,379.779220779221,-87.2018941017828,44,7
455.844155844156,381.25974025974,-79.3189758177829,22,7
456.80487804878,383.268292682927,-58.4672557988836,39,7
457.5,384.054347826087,-54.0332673465161,22,7
459.361445783133,386.710843373494,-48.828188113608,53,7
461.097222222222,389.138888888889,-77.7193385452394,47,7
461.542857142857,389.857142857143,-79.0491383703726,16,7
462.169230769231,393.646153846154,-86.993841424767,51,7
462.652173913043,394.695652173913,-74.8102791225196,20,7
463.506493506493,396.337662337662,-61.6045976925821,32,7
464.972972972973,398.824324324324,-53.2701558122769,45,7
465.90625,400.0625,-55.9012363030852,26,7
467.164179104478,401.791044776119,-74.6930833796454,35,7
467.626865671642,402.626865671642,-85.1429066857573,16,7
468.211267605634,403.183098591549,-80.9379877067258,22,7
468.728571428571,403.385714285714,-68.7295458745024,25,7
469.144927536232,403.63768115942,-59.0740548614765,19,7
470,404,-47.8498522720163,32,7
470.619718309859,404.070422535211,-44.4299969125743,18,7
471.578125,404.515625,-44.7539715866754,31,7
472.705882352941,405.044117647059,-43.7796511182548,18,7
472.819444444444,405.152777777778,-38.1762199330798,10,7
474.283582089552,405.985074626866,-24.9750049834666,35,7
474.80303030303,405.924242424242,-18.5469314751005,17,7
476.967213114754,406.196721311475,-13.8428804434036,25,7
478.322580645161,405.790322580645,-18.6316041347466,29,7
479.5,405.928571428571,-22.0582106921068,14,7
481.660377358491,406.301886792453,-29.1382819610871,31,7
