392.743055555556,247.25,43.0183694487859,NaN,1
392.713286713287,247.188811188811,43.024704867799,3,1
392.753521126761,247.19014084507,43.1083145136468,3,1
392.666666666667,247.420289855072,43.1705350505846,10,1
392.79020979021,247.202797202797,43.6713261062966,7,1
392.601449275362,247.391304347826,43.5637755788818,9,1
392.823529411765,247.433823529412,43.545001169787,16,1
392.412698412698,247.849206349206,44.4256610270453,34,1
392.162601626016,248.609756097561,61.3432624160306,49,1
391.858407079646,249.389380530973,-88.8827152241472,30,1
392.342105263158,250.473684210526,-57.9324338060674,43,1
393.081967213115,251.155737704918,-58.397633633658,42,1
393.733944954128,252.110091743119,-57.0936878643743,19,1
395.153846153846,254.777777777778,-58.8446160732362,52,1
395.850393700787,255.677165354331,-57.8980300965976,22,1
396.924242424242,257.621212121212,-48.2426005701886,49,1
398.732283464567,259.456692913386,-38.6800866191837,53,1
399.789915966387,260.445378151261,-37.8606390747509,24,1
401.683333333333,262.258333333333,-40.9254973958634,53,1
402.570175438596,263.271929824561,-38.6333990958228,28,1
404.965217391304,264.869565217391,-28.2400428921106,47,1
407.058823529412,265.823529411765,-11.0655525350508,52,1
408.504132231405,266.223140495868,-11.7072815260485,28,1
410.547619047619,266.333333333333,-13.5159988827374,43,1
411.927419354839,266.548387096774,-15.8510032070691,32,1
414.293650793651,266.904761904762,-11.6753092955364,52,1
416.885496183206,267.099236641221,-0.536817659248077,49,1
418.175572519084,267.007633587786,1.16231390865458,28,1
420.9453125,267.1328125,0.903887625463942,49,1
421.969465648855,266.908396946565,-3.10256385439492,23,1
424.30303030303,266.924242424242,-7.15285379228993,47,1
426.409090909091,267.19696969697,-5.35536085606943,42,1
427.630769230769,267.223076923077,-1.2608015312972,28,1
429.792307692308,267.223076923077,1.82561278875651,44,1
430.651515151515,267.378787878788,3.43975255707533,18,1
433.2,267.222222222222,1.0604664469538,47,1
435.308270676692,267.518796992481,-5.20762684031678,46,1
436.587786259542,267.625954198473,-6.30934602856083,24,1
439.09375,267.7890625,-5.04958280359511,49,1
440.255813953488,267.891472868217,-3.39092514123681,21,1
442.637795275591,268.086614173228,2.36440433439159,48,1
445.091603053435,267.977099236641,1.09216448053054,44,1
446.192592592593,268.148148148148,-2.91485690281882,20,1
448.46511627907,268.37984496124,-7.48597001788263,52,1
449.913385826772,268.645669291339,-9.21650966280545,28,1
452.635658914729,268.806201550388,-8.40505961400475,44,1
454.884615384615,269.030769230769,-2.80819119083354,43,1
456.236220472441,269.251968503937,-0.43787836959549,27,1
458.439393939394,269.159090909091,-2.00718978462534,43,1
459.611940298507,269.380597014925,-5.27212805758607,26,1
462.097902097902,269.503496503496,-11.2880099059813,47,1
464.601398601399,270.048951048951,-10.8877167363305,56,1
465.802816901408,270.007042253521,-10.1687004406965,25,1
468.475177304965,270.574468085106,-4.37549732332849,55,1
469.595588235294,270.676470588235,-2.47187243054668,33,1
472.1,270.85,-3.74205028428792,50,1
475.05303030303,271.227272727273,-10.3308650508048,56,1
476.818897637795,271.535433070866,-14.8199713654468,35,1
479.204545454545,272.083333333333,-8.79281831092044,47,1
480.580152671756,272.152671755725,-5.46518926541147,25,1
482.918518518519,272.355555555556,1.69898993348787,58,1
486.110294117647,272.367647058824,-0.75309824039225,57,1
487.510489510489,272.391608391608,-3.93851083100454,25,1
490.379562043796,272.525547445255,-8.74134342932259,52,1
491.485507246377,272.804347826087,-6.96057770285737,25,1
494.419847328244,273.015267175573,0.462951870056592,53,1
497,272.970149253731,4.7946155063853,51,1
498.594202898551,272.934782608696,3.40157808243314,36,1
501.571428571429,272.585714285714,-3.36836072593829,54,1
502.950354609929,272.489361702128,-7.22125695618718,31,1
505.860465116279,272.798449612403,-0.169334963981189,60,1
508.215384615385,272.661538461538,4.46794440763854,57,1
510.144,272.824,6.79595726010991,35,1
513.471014492754,272.478260869565,-6.77169695058674,71,1
514.751724137931,272.331034482759,-11.250427973766,33,1
518.485507246377,272.739130434783,-6.69659888999005,69,1
521.0625,273.104166666667,6.84911671782737,58,1
523.558139534884,272.883720930233,8.39250680363801,45,1
526.812030075188,272.436090225564,4.09066116304952,60,1
528.352941176471,272.139705882353,-2.82155584233229,37,1
531.413533834586,271.932330827068,-4.03576114107118,55,1
533.977777777778,271.562962962963,4.77223957381923,52,1
535.828125,271.359375,9.16373857362694,37,1
538.701492537313,270.888059701493,7.55939737967967,54,1
540.3359375,270.625,3.9670438891696,30,1
542.666666666667,270.269503546099,1.65836652167923,45,1
544.772727272727,270.212121212121,5.42876538020615,45,1
545.909722222222,269.916666666667,9.47700371263253,26,1
548.068702290076,269.213740458015,12.2413727069328,57,1
549.242424242424,269.136363636364,13.5059113484485,29,1
551.75,268.477941176471,10.8625344076917,54,1
554.105263157895,267.714285714286,10.3481679312054,47,1
555.190839694656,267.320610687023,11.5496567658964,24,1
556.968992248062,266.519379844961,20.2733989854533,58,1
557.786259541985,266.274809160305,20.037306893404,24,1
559.630769230769,265.623076923077,25.0437551985384,47,1
562.0859375,264.5859375,26.1277466791982,54,1
563.05,263.95,24.929393200313,32,1
565.31746031746,262.730158730159,21.4687401336299,40,1
565.736434108527,262.651162790698,21.3515723708931,13,1
567.108527131783,261.937984496124,23.8496052756098,34,1
568.617647058824,261.036764705882,26.9510469529003,35,1
569.360294117647,260.669117647059,27.4448030697324,16,1
571.804511278195,259.323308270677,32.0654586244099,53,1
572.55223880597,258.992537313433,30.7155968586898,17,1
574.586466165414,257.954887218045,27.503660814677,39,1
576.096296296296,257.022222222222,22.9135238944305,34,1
576.798561151079,256.424460431655,23.9995608458604,20,1
578.528571428571,255.421428571429,24.7443360046646,33,1
579.26618705036,255.05035971223,24.8779529394796,19,1
581.303703703704,253.948148148148,28.717492995647,46,1
583.244444444444,252.933333333333,30.8798293684322,36,1
584.110294117647,252.470588235294,29.8904086647163,25,1
585.81679389313,251.473282442748,24.8191442526843,39,1
586.843283582089,250.985074626866,22.3016966847173,23,1
588.281481481481,250.022222222222,20.3306461662662,35,1
589.437037037037,249.377777777778,20.997785706978,32,1
590.347826086957,248.833333333333,23.4505362416557,21,1
592.293233082707,247.932330827068,27.4324525940347,37,1
592.903703703704,247.444444444444,28.1349485916993,18,1
594.671641791045,246.634328358209,29.5738853129989,35,1
596.5,245.522727272727,30.0773342813199,40,1
597.404411764706,244.992647058824,27.8409272399943,26,1
599.298387096774,243.895161290323,22.1871170051307,40,1
599.955555555556,243.266666666667,28.4192075308627,21,1
601.858208955224,241.873134328358,38.3483045519271,55,1
605.484126984127,239.587301587302,39.0101071582946,74,1
606.86524822695,238.659574468085,31.795405616622,35,1
609.317073170732,237.016260162602,16.3297786062952,62,1
611.635658914729,235.782945736434,19.9237510979461,46,1
614.589552238806,234.276119402985,31.16155484254,65,1
618.712121212121,232.287878787879,27.9717002884815,82,1
620.383458646617,231.443609022556,19.2380075254116,35,1
624.133802816901,230.077464788732,15.1939996410828,71,1
625.675862068966,229.496551724138,14.4492812666466,41,1
629.535714285714,228.378571428571,27.4948875571107,75,1
633.007092198582,227.13475177305,23.5417775101696,67,1
634.788732394366,226.443661971831,15.05983292287,33,1
638.58273381295,225.31654676259,9.70260343011531,77,1
640.639097744361,224.947368421053,13.7404877348561,40,1
643.006802721088,224.448979591837,21.383605417466,58,1
647.148936170213,223.439716312057,19.1010650887765,70,1
648.978873239437,222.612676056338,11.0464489515799,35,1
652.397350993377,221.549668874172,9.26874556619886,65,1
653.792207792208,220.993506493506,11.5419378765615,39,1
655.658823529412,220.276470588235,24.1260208176419,66,1
657.42774566474,219.14450867052,28.9573387936361,57,1
657.634730538922,218.802395209581,28.3089816180138,22,1
658.142857142857,217.978021978022,35.0961760968615,41,1
658.570652173913,217.336956521739,38.7965346212764,22,1
658.772972972973,216.632432432432,48.5168355757625,35,1
659.390374331551,215.807486631016,57.7148284723489,48,1
659.616666666667,215.194444444444,61.6617952210172,31,1
659.811428571429,214.862857142857,64.1005451550929,27,1
659.705263157895,214.163157894737,65.9580654872322,27,1
660.07486631016,213.550802139037,65.945065360534,27,1
660.558510638298,212.196808510638,71.8283026987914,55,1
NaN,NaN,NaN,188,1
408.21768707483,244.952380952381,30.6640144347235,NaN,2
408.408163265306,244.727891156463,30.7630418558903,6,2
408.263513513513,244.804054054054,30.7134821648427,7,2
408.62987012987,244.551948051948,30.4265169840735,8,2
408.480263157895,244.625,30.5691670436895,4,2
408.470198675497,244.622516556291,30.4151682683585,5,2
408.466666666667,244.673333333333,30.7979672300632,9,2
408.38,244.626666666667,30.0436848462026,6,2
408.574324324324,244.533783783784,30.640381640034,6,2
408.662337662338,244.474025974026,31.1076867689096,8,2
408.636363636364,244.532467532468,30.8969696037801,6,2
408.9375,244.225,31.7260688867416,10,2
408.772727272727,244.363636363636,30.9162723608062,10,2
408.74358974359,244.371794871795,31.394158220482,8,2
408.916129032258,244.38064516129,31.222560451789,9,2
408.897435897436,244.429487179487,31.2467727254088,7,2
408.993548387097,244.296774193548,31.6157350341167,11,2
408.825503355705,244.530201342282,30.8072424910216,8,2
408.751633986928,244.496732026144,31.8066231541951,8,2
408.64,244.566666666667,30.7684738721013,7,2
408.756578947368,244.486842105263,31.4750877851392,6,2
408.5,244.611842105263,30.4062451654632,8,2
408.608974358974,244.50641025641,30.606641656709,8,2
408.62987012987,244.493506493506,30.8195799206648,6,2
408.664473684211,244.473684210526,31.3834862520206,8,2
408.807692307692,244.282051282051,31.9541352068316,10,2
407.583941605839,245.277372262774,39.5535931630352,55,2
406.7421875,246.0546875,74.5970210275127,61,2
406.425,247.183333333333,78.4371327100494,30,2
405.780487804878,249.886178861789,72.0769949698507,55,2
405.692307692308,251,62.9494200098201,31,2
404.766666666667,254.125,56.6251759240673,64,2
403.586466165414,255.774436090226,70.0907267503684,61,2
402.289719626168,257.775700934579,84.0925281446668,42,2
401.603448275862,261.784482758621,83.0115107452489,67,2
401.550387596899,262.705426356589,74.6637886741197,25,2
400.625,264.757352941176,66.2059965078799,45,2
399.441666666667,267.633333333333,58.1056305577837,54,2
398.775,268.791666666667,62.8036283855144,24,2
397.724770642202,271.045871559633,70.4981861707578,45,2
397.279279279279,271.972972972973,74.620438475244,24,2
396.422018348624,274.311926605505,76.7920138344249,46,2
395.684684684685,276.036036036036,73.0174374183554,36,2
395.583333333333,276.842592592593,72.4241525947989,15,2
395.396396396396,277.945945945946,71.3076469033501,27,2
395.310924369748,278.747899159664,74.6471621061519,18,2
395.145299145299,280.606837606838,86.4606533403931,40,2
395.008620689655,282.508620689655,-85.0693604027391,45,2
394.823008849558,283.283185840708,-85.19318710402,21,2
394.796460176991,285.345132743363,-88.4329542293661,40,2
394.725806451613,286.322580645161,-89.3654330199434,25,2
394.927927927928,288.963963963964,86.2878926998237,43,2
395.191666666667,290.325,-89.3055005432532,27,2
395.234782608696,291.086956521739,-84.8869993746456,15,2
395.353448275862,292.948275862069,-78.9034445287001,35,2
395.5,294.275862068966,-78.1897803424261,24,2
395.77868852459,296.83606557377,-80.1596054851659,38,2
396.126050420168,298.991596638655,-85.9902776850838,35,2
396.324786324786,300.119658119658,-86.6659696216698,18,2
396.578512396694,302.066115702479,-86.5518122747138,32,2
396.743801652893,302.834710743802,-85.8664776405172,12,2
396.966101694915,304.313559322034,-82.3717494996138,35,2
397.078947368421,306.368421052632,-78.8729852516895,30,2
397.042016806723,307.336134453782,-80.0129887414686,21,2
397.472727272727,309.136363636364,-82.2236780432117,35,2
397.626086956522,310.513043478261,-85.8066523593295,19,2
397.863247863248,312.51282051282,-89.5350666450666,32,2
398.230769230769,314.247863247863,-86.4523251332166,34,2
398.342342342342,315.108108108108,-83.3159754974662,20,2
398.686956521739,316.417391304348,-79.0105582867224,28,2
398.705882352941,317.361344537815,-77.3095631140542,22,2
398.930434782609,319.139130434783,-76.9526929703267,32,2
399.396551724138,321.112068965517,-78.2018435762485,33,2
399.666666666667,322.368421052632,-80.0954641479285,18,2
400.423423423423,324.927927927928,-81.8152668228121,39,2
400.580357142857,325.696428571429,-81.1231690575078,15,2
401.191304347826,327.2,-77.4983520226698,33,2
401.533333333333,328.675,-73.775343283009,33,2
401.866071428571,329.803571428571,-70.8105382767908,20,2
402.41592920354,331.83185840708,-70.5320265579667,37,2
402.464912280702,332.412280701754,-70.664107957974,13,2
403.336206896552,334.525862068966,-73.9024582714188,34,2
403.890909090909,336.218181818182,-75.5286426463373,30,2
404.287037037037,337.361111111111,-72.0406633759357,22,2
404.707547169811,338.094339622641,-69.6990765267632,18,2
405.091743119266,339.339449541284,-68.4616440002077,21,2
405.75,340.76724137931,-65.8200777541294,33,2
406.512605042017,342.848739495798,-64.3125398543328,39,2
406.627272727273,343.209090909091,-65.2057690972987,15,2
407.657657657658,345.234234234234,-68.608980779691,35,2
408.044247787611,346.336283185841,-69.4088256749304,24,2
408.963302752294,348.091743119266,-69.0894155251601,30,2
409.704347826087,349.452173913043,-64.921175811287,34,2
409.982300884956,349.858407079646,-62.679473413154,16,2
410.686440677966,351.440677966102,-59.4905752768307,31,2
411.201754385965,352.535087719298,-58.8316123332456,20,2
412.052173913043,354.165217391304,-61.7434429360942,31,2
412.76724137931,355.456896551724,-63.5835741942591,31,2
413.084033613445,356.084033613445,-64.4863145295288,13,2
414.035398230089,357.672566371681,-66.4231828500311,30,2
414.467889908257,358.577981651376,-67.3415050106568,16,2
415.226086956522,359.8,-63.539691943841,22,2
415.75,360.948275862069,-61.4678513326889,25,2
416.008620689655,361.603448275862,-59.9894735582558,12,2
416.783333333333,362.841666666667,-59.2124940244591,26,2
417.102564102564,363.547008547009,-57.8576082078208,17,2
417.796610169492,364.813559322034,-59.5612859468459,23,2
418.621621621622,366.36036036036,-60.4277000395685,33,2
419.070796460177,367.194690265487,-62.1961771682496,16,2
419.788461538462,368.375,-61.4368569923409,25,2
420.119266055046,368.908256880734,-60.3981438158169,17,2
420.946902654867,370.274336283186,-59.0792971381168,24,2
421.610169491525,371.296610169492,-56.9326079822106,21,2
421.889830508475,371.85593220339,-55.4358726258663,12,2
422.640350877193,373.350877192982,-54.9819663480227,30,2
422.897435897436,373.683760683761,-54.3545546391079,11,2
423.717948717949,375.034188034188,-54.4373940979315,26,2
424.379310344828,376.181034482759,-56.2290601374589,23,2
424.789915966387,376.865546218487,-57.6642791042974,13,2
425.603448275862,378.077586206897,-56.4927700235551,27,2
423.868852459016,392.819672131148,0.179033711698615,76,2
427.516666666667,392.733333333333,2.75017359064195,50,2
426.815789473684,393,3.59567447166393,47,2
428.090909090909,392.613636363636,4.46220153570468,35,2
428.34375,386.260416666667,-74.6781318541641,54,2
429.00518134715,386.523316062176,-70.5865076541912,39,2
428.283105022831,388.013698630137,-1.71824739580571,52,2
428.894495412844,388.155963302752,-54.4562036768381,35,2
429.179372197309,388.260089686099,-52.7470411457917,21,2
429.789719626168,388.700934579439,-46.4503220853252,29,2
429.849557522124,388.977876106195,-23.1691530347735,20,2
430.92118226601,389.394088669951,-33.4863621574686,35,2
431.107981220657,389.460093896714,-21.846926680767,26,2
431.919191919192,389.424242424242,-40.5384090873189,27,2
431.592417061611,389.767772511848,-11.8529464949235,37,2
432.650246305419,389.84236453202,-28.0164716027687,32,2
431.686956521739,390.182608695652,-5.28921772787113,35,2
432.640692640693,390.393939393939,-5.38118666922498,33,2
432.658008658009,390.190476190476,-9.14517846043066,18,2
433.125,390.310344827586,-11.1379201353014,21,2
NaN,NaN,NaN,232,2
403.536764705882,233.139705882353,-43.5244331600339,NaN,3
403.565217391304,233.144927536232,-43.9880422263387,6,3
403.924242424242,233.416666666667,-44.0300681205651,8,3
403.985185185185,233.481481481481,-45.092093398263,5,3
403.925925925926,233.451851851852,-44.9411688984171,2,3
403.867647058824,233.433823529412,-44.4040880893593,3,3
403.746376811594,233.326086956522,-44.3461338251928,4,3
403.757575757576,233.287878787879,-43.5296860644189,8,3
403.734848484848,233.272727272727,-43.6654692221028,4,3
403.81954887218,233.338345864662,-44.0232318821457,5,3
403.902985074627,233.39552238806,-44.5758922457649,3,3
403.865671641791,233.410447761194,-44.1144307629879,2,3
403.812030075188,233.353383458647,-44.3880664969967,3,3
403.798507462687,233.44776119403,-44.651643902107,3,3
403.931297709924,233.427480916031,-43.9870749869893,7,3
403.939393939394,233.477272727273,-44.5687435145437,7,3
403.823076923077,233.338461538462,-43.2885609642928,10,3
403.8515625,233.5234375,-43.6020314267696,8,3
403.916030534351,233.541984732824,-43.7750922803641,3,3
404.076335877863,233.656488549618,-45.2702176572617,6,3
403.916666666667,233.469696969697,-44.3708971026015,5,3
403.94696969697,233.424242424242,-44.5717773141753,8,3
403.880597014925,233.417910447761,-44.3088099163197,2,3
403.931818181818,233.44696969697,-43.9836775408607,4,3
404.015503875969,233.604651162791,-44.2630527623723,9,3
403.827067669173,233.390977443609,-44.3881802411893,4,3
404.047244094488,233.551181102362,-45.0146697698678,14,3
404.787610619469,233.628318584071,-55.5951485120538,38,3
405.265486725664,233.884955752212,-63.3082502281492,20,3
406.070175438596,235,-67.9057353951144,37,3
406.504201680672,235.798319327731,-68.9388788733774,21,3
407.387596899225,237.728682170543,-59.7540553177931,48,3
408.910569105691,240.162601626016,-41.6802094254315,90,3
410.073770491803,241.049180327869,-44.761598289999,41,3
411.940170940171,243.273504273504,-45.454043547458,53,3
412.577586206897,243.991379310345,-43.5233923305075,17,3
414.2,245.058333333333,-40.8026894105502,28,3
415.714285714286,246.605042016807,-33.6082443523773,41,3
416.827586206897,247.48275862069,-31.008477757051,27,3
418.827586206897,248.810344827586,-36.0776243451184,46,3
419.407079646018,249.575221238938,-39.4763815394096,29,3
420.98347107438,250.99173553719,-47.9202948794842,42,3
423.165137614679,252.880733944954,-49.225629649952,58,3
424.099099099099,253.369369369369,-43.6957517376994,24,3
425.636363636364,254.98347107438,-39.5997843454219,42,3
426.341085271318,255.875968992248,-40.4923388039624,28,3
427.935483870968,257.435483870968,-43.6180566972389,49,3
429.727272727273,259.380165289256,-50.5691392443572,45,3
430.781512605042,260.428571428571,-49.5047195162867,28,3
432.851239669421,262.330578512397,-48.0182474939872,50,3
433.548387096774,262.975806451613,-42.187993793779,21,3
435.388888888889,264.277777777778,-32.9732950342661,46,3
436.7,265.430769230769,-33.4546070944927,42,3
438.219512195122,266.650406504065,-36.0636516469185,33,3
440.596638655462,268.478991596639,-41.3422636752047,52,3
441.584745762712,269.050847457627,-42.5720297368237,23,3
443.773109243697,270.495798319328,-35.2252396848151,45,3
445.544715447154,271.349593495935,-21.7817234664927,38,3
446.84496124031,271.937984496124,-19.5991568239676,30,3
449.049586776859,272.685950413223,-15.1605334778393,48,3
450.12,272.968,-17.4341637812837,28,3
452.906976744186,273.782945736434,-19.7902744339533,52,3
455,274.39837398374,-18.780185687996,48,3
456.142857142857,274.666666666667,-14.92831597903,21,3
458.28125,274.78125,-7.944526077449,38,3
459.532258064516,274.991935483871,-3.21070478933766,22,3
462.094488188976,275.11811023622,-0.265077108054929,45,3
464.484126984127,275.015873015873,-4.27890725898759,47,3
465.656,275.04,-6.82505581645551,29,3
468.208,275.32,-11.1267751545019,48,3
469.2890625,275.53125,-8.46489254027931,23,3
470.934306569343,275.576642335766,-5.39509003805514,33,3
473.563492063492,275.761904761905,0.61326152015989,49,3
475.30081300813,275.658536585366,4.76215963718668,31,3
477.538461538462,275.6,0.317653002105656,43,3
478.556390977444,275.601503759398,-2.52195167770651,23,3
480.6328125,275.7890625,-5.95379209236522,45,3
483.17037037037,275.814814814815,-6.29740688103723,49,3
484.541353383459,275.894736842105,-0.421020938468157,28,3
487.448818897638,275.968503937008,8.46044882897024,56,3
488.408,275.8,8.713777531298,28,3
490.783582089552,275.619402985075,4.15267456021372,45,3
493.651851851852,275.518518518519,-3.25081116707196,55,3
495.074626865672,275.574626865672,-4.90710840133253,35,3
497.803149606299,275.874015748031,-1.22240523539199,51,3
499.1875,275.7890625,4.00090964942892,27,3
502.624,275.488,11.9906326823342,63,3
505.045454545455,275.287878787879,6.08202930168976,45,3
506.171641791045,275.126865671642,1.3534339328078,30,3
509.070866141732,275.015748031496,-5.49004179690557,51,3
510.723577235772,275.008130081301,-5.64908493499018,28,3
513.560606060606,275.159090909091,1.15447672517687,53,3
515.953846153846,275.184615384615,6.88990971668797,50,3
517.772357723577,275.065040650407,7.87233735149907,33,3
520.24427480916,275.06106870229,0.518905932868748,46,3
521.578125,274.8984375,-2.88439358724854,29,3
524.255813953488,274.875968992248,-4.30628834275231,55,3
527.076923076923,274.876923076923,1.92405183569664,51,3
528.710743801653,274.760330578512,6.50675971505202,37,3
531.1953125,274.6328125,10.2050475862583,49,3
532.468253968254,274.492063492063,8.56077931238435,28,3
535.269230769231,274.107692307692,0.110438219803509,50,3
538.259842519685,274.007874015748,-3.50716837911003,53,3
539.153846153846,273.969230769231,-1.21051857423368,19,3
541.304347826087,273.797101449275,4.46319334713917,56,3
542.771653543307,273.645669291339,8.71079127343233,29,3
545.459677419355,273.443548387097,10.5011209757087,55,3
548.152,272.928,5.18065573322333,51,3
549.480620155039,272.937984496124,2.01043554891878,32,3
551.6328125,272.6796875,1.37419169004685,47,3
553.3125,272.5078125,2.50000788231543,32,3
555.470588235294,272.134453781513,9.04007209882378,47,3
557.7578125,271.8203125,11.3454561389862,49,3
559.352,271.6,11.0039826109547,29,3
562.229508196721,271.098360655738,3.55041207997527,47,3
563.166666666667,271.126984126984,4.22797380349066,28,3
565.333333333333,270.728682170543,3.57969495192643,45,3
567.872,270.24,6.77694565559739,50,3
568.984375,270.1328125,9.14467408065358,29,3
571.898305084746,269.491525423729,14.8608460096374,58,3
572.652892561983,269.479338842975,15.8210080324741,15,3
574.992063492063,268.904761904762,11.5934734687528,45,3
577.130769230769,268.184615384615,7.50258036165793,42,3
578.263157894737,268.03007518797,8.48618072445739,25,3
580.757352941176,267.720588235294,8.0309110687829,45,3
581.392307692308,267.538461538462,8.73337707423824,24,3
583.942148760331,267.03305785124,15.1085771723937,51,3
586.24,266.528,16.0556763843506,44,3
587.292682926829,266.373983739837,11.6636765933665,22,3
589.590909090909,265.856060606061,6.55934561711539,41,3
590.597014925373,265.65671641791,4.85853946989776,24,3
593.066666666667,265.259259259259,5.27005059295527,47,3
595.810606060606,264.772727272727,12.9466903797478,47,3
597.146341463415,264.512195121951,14.5750836014356,25,3
600.33606557377,263.77868852459,14.1508424478744,63,3
601.492063492063,263.579365079365,9.93363194411098,22,3
604.079365079365,263.166666666667,1.94533432478516,58,3
607.152,262.824,-0.238130176119522,53,3
608.729508196721,262.754098360656,3.78091587404341,29,3
610.568,262.512,8.36594618755366,41,3
612.111111111111,262.269841269841,11.730300474889,29,3
615.06976744186,261.837209302326,13.3032757727416,59,3
618.078125,261.171875,5.04166961058706,55,3
619.428571428571,261.095238095238,0.749401379620067,30,3
621.459677419355,260.733870967742,0.575136482359879,42,3
623.338983050847,260.661016949153,1.3290038955082,30,3
625.266666666667,260.725,3.80666553586869,36,3
627.387096774194,260.379032258065,8.23922274894386,42,3
628.213114754098,260.368852459016,7.37106611252401,20,3
630.890756302521,259.983193277311,6.75026265867542,45,3
632.130434782609,259.765217391304,5.34570954539633,20,3
633.758333333333,259.591666666667,3.24336894378374,29,3
635.640625,259.421875,3.34706412674274,36,3
636.40157480315,259.125984251969,3.3797799941875,23,3
639.298245614035,259,10.7059063881544,51,3
639.965517241379,259.060344827586,10.8572483760155,12,3
641.846774193548,258.766129032258,12.9552727015036,32,3
643.943089430894,258.439024390244,11.2247665276247,37,3
644.916666666667,258.316666666667,8.994105936599,19,3
647.016,258.104,5.32820336088234,35,3
648.327868852459,257.696721311475,4.3918000136301,27,3
650.638655462185,257.596638655462,3.40952764282195,35,3
653.061538461538,257.253846153846,8.44317403843998,43,3
654.6,256.952,9.05252326489481,31,3
657.213740458015,256.717557251908,11.5236760311186,42,3
658.323741007194,256.568345323741,8.80968275629278,28,3
658.908496732026,256.718954248366,7.59042571654073,26,3
658.830188679245,256.48427672956,9.84827755789553,26,3
658.949367088608,256.170886075949,8.72887281865388,17,3
659.527607361963,256.171779141104,8.9604303542314,21,3
659.553571428571,255.964285714286,8.9955735831907,15,3
659.562874251497,255.868263473054,10.5858830992871,17,3
659.37125748503,255.646706586826,14.8467949522734,22,3
659.604790419162,255.413173652695,15.0630207975027,14,3
659.354651162791,255.482558139535,16.1250382653854,25,3
659.572289156627,255.277108433735,19.5585792599639,26,3
659.585987261146,254.904458598726,20.7242861630534,23,3
659.496774193548,254.741935483871,23.5234943075888,26,3
