397.935897435897,253.217948717949,53.933565430298,NaN,1
398.013157894737,253.105263157895,53.8373228947167,2,1
397.797297297297,253.310810810811,53.3835810729236,6,1
398,253.230769230769,53.03907664688,6,1
397.858974358974,253.371794871795,52.4032469010727,4,1
398.013513513513,253.256756756757,53.7184097759786,6,1
398.148648648649,253.121621621622,54.6479978961207,2,1
398.067567567568,253.189189189189,53.6836862879942,2,1
397.986301369863,253.369863013699,53.4806563178347,5,1
398.054054054054,253.337837837838,54.5619829831563,3,1
398.173333333333,253.226666666667,54.2858332341816,5,1
398.173333333333,253.28,55.3236886093764,4,1
398.150684931507,253.383561643836,54.0755048557412,4,1
398.205479452055,253.27397260274,54.8862078619073,4,1
398.148648648649,253.351351351351,54.8235262752391,1,1
398.256756756757,253.324324324324,54.3285292108842,2,1
398.121621621622,253.378378378378,54.2337682839825,4,1
398.236111111111,253.444444444444,54.0531740441711,6,1
398.364864864865,253.418918918919,53.2840103134186,4,1
398.424657534247,253.342465753425,53.3565670796394,1,1
398.539473684211,253.276315789474,54.4011580889176,5,1
398.645569620253,253.177215189873,54.298088375174,3,1
398.328767123288,253.561643835616,54.6209391390122,6,1
398.6,253.506666666667,54.2049529448846,6,1
398.68,253.426666666667,54.6925176483504,4,1
398.74358974359,253.320512820513,53.4148953777088,3,1
398.794871794872,253.333333333333,54.6018532929333,4,1
398.953488372093,252.96511627907,54.0650727480517,8,1
399.041095890411,253.123287671233,54.6713360430874,13,1
398.972602739726,253.191780821918,60.1865435758526,14,1
398.780821917808,253.219178082192,70.55736457051,30,1
398.41975308642,253.913580246914,79.861496899842,28,1
397.226666666667,254.693333333333,88.2612719208323,50,1
395.712121212121,260.166666666667,65.088291126833,65,1
395.075471698113,261.905660377359,73.153552154887,27,1
394.142857142857,264.095238095238,74.0535503060719,38,1
393.688311688312,265.623376623377,69.2061095492609,28,1
392.844155844156,268.207792207792,55.4784901054564,54,1
389.855263157895,272.421052631579,55.5099379964868,71,1
389.111111111111,273.666666666667,65.0803816151489,26,1
387.80701754386,276.982456140351,80.7466559623463,51,1
387.220588235294,279.058823529412,79.3351449211058,31,1
385.75,281.7375,52.904149183552,50,1
383.324675324675,284.584415584416,51.4446661841979,55,1
382.794520547945,285.479452054795,58.5106993949877,22,1
380.291666666667,289.819444444444,59.5089167743162,65,1
379.7375,290.8625,51.9202460802613,24,1
377.435294117647,292.976470588235,32.96530102073,55,1
374.426666666667,295.013333333333,52.227211254408,54,1
373.405405405405,296.094594594595,50.3864431623655,25,1
369.838235294118,299.558823529412,26.5327546720076,66,1
368.974683544304,300.075949367089,22.7166492033585,23,1
365.347222222222,301.625,27.9055598645757,59,1
362.898734177215,302.759493670886,47.2135049676273,45,1
360.833333333333,304.638888888889,37.3267850051948,37,1
357.507042253521,306.408450704225,9.16028570627963,57,1
356.205128205128,306.641025641026,8.89492392248605,25,1
352.848101265823,307.139240506329,31.7842598856514,55,1
349.825,308.7,40.8969693791592,53,1
347.907894736842,309.868421052632,22.5046425730011,34,1
344.607594936709,310.455696202532,7.66106633062182,55,1
342.75641025641,310.807692307692,5.23981445902744,33,1
339.164556962025,311.113924050633,32.1756726214516,57,1
335.474358974359,312.615384615385,22.2007536627318,59,1
333.961038961039,312.857142857143,7.1036535261173,23,1
330.210526315789,313.157894736842,1.29910326792173,57,1
328.670886075949,313.113924050633,8.95846712097445,27,1
325.397590361446,313.734939759036,22.936228561451,46,1
321.628205128205,314.602564102564,-0.875928846491163,61,1
319.848101265823,314.518987341772,-3.94024908044464,33,1
316.851351351351,314.081081081081,3.17047923441235,45,1
314.9875,314.2875,15.9626941399967,28,1
311.613333333333,315.026666666667,5.53543087571632,51,1
308.727272727273,314.909090909091,-16.7334703091314,44,1
306.987341772152,314.620253164557,-13.7112471274596,28,1
303.777777777778,313.975308641975,0.872686283313062,48,1
302.317073170732,313.878048780488,8.10461439468188,23,1
299.266666666667,313.773333333333,-20.3136530340741,47,1
296.342465753425,312.630136986301,-22.2763655502494,48,1
294.87012987013,312.077922077922,-7.09166019526966,28,1
292.051282051282,311.538461538462,-0.762873423979683,49,1
290.765432098765,311.37037037037,-7.87629995997194,23,1
287.592105263158,310.421052631579,-28.7964785587832,53,1
285.3,309.4625,-14.2759546685451,38,1
283.703703703704,309.086419753086,-7.90985665779834,23,1
280.506024096386,308.650602409639,-10.4540607516732,50,1
279.354430379747,308.493670886076,-16.695796957312,24,1
276.342465753425,307.561643835616,-21.1118751936455,50,1
273.864197530864,306.765432098765,-2.92020529304559,44,1
272.333333333333,306.617283950617,-6.87230680479453,26,1
269.769230769231,306.51282051282,-15.8645413954321,39,1
268.4,305.973333333333,-27.3284919064621,29,1
266.15,304.6,-18.6730341938297,41,1
264.046511627907,304.313953488372,-10.6364803559636,44,1
262.721518987342,304.063291139241,-10.1656442437051,19,1
259.493150684931,302.643835616438,-26.1173367849491,50,1
258.328947368421,301.973684210526,-30.4773781234549,21,1
256.547619047619,301.178571428571,-14.3332570379154,38,1
253.938271604938,300.592592592593,-11.5415915362909,41,1
252.918918918919,300.418918918919,-17.2209715924158,19,1
250,298.733333333333,-26.9247323027387,49,1
248.987804878049,298.219512195122,-26.1590948634626,17,1
246.270588235294,297.188235294118,-15.3749527512091,47,1
243.658536585366,296.560975609756,-27.0760179263349,45,1
241.792682926829,295.573170731707,-36.1649688047149,28,1
239.684210526316,294.368421052632,-23.2872035450731,36,1
238.977272727273,293.965909090909,-22.5596101137912,20,1
236.51724137931,293.183908045977,-20.787055695905,41,1
233.725,291.825,-42.0545219309337,51,1
232.843373493976,291.301204819277,-33.40450869162,27,1
231,290.372093023256,-23.3431592304816,35,1
230.079545454545,289.988636363636,-23.2754797534701,16,1
228.141304347826,289.163043478261,-29.8149142606788,38,1
225.556962025316,287.544303797468,-37.9648187241016,43,1
224.885057471264,287.103448275862,-30.6698958448951,20,1
223.333333333333,286.566666666667,-19.6065539377093,31,1
222.123595505618,286.123595505618,-20.8975928328846,25,1
219.915662650602,285.060240963855,-45.7796114442284,46,1
217.581081081081,282.675675675676,-47.4013962759613,49,1
216.752941176471,282.094117647059,-38.5281677362796,21,1
214.467532467532,280.87012987013,-25.2214001923693,44,1
213.10843373494,280.277108433735,-38.7410850354767,28,1
211.4375,278.65,-53.7518227018062,43,1
209.621951219512,276.463414634146,-55.1431205451839,40,1
208.857142857143,275.785714285714,-44.2738031772409,24,1
206.666666666667,273.58024691358,-41.1630439858313,49,1
NaN,NaN,NaN,81,1
424.987654320988,251.061728395062,36.3649510799906,NaN,2
425.192771084337,251.048192771084,37.7253883956486,6,2
425.19512195122,251.207317073171,35.9097484170977,7,2
425.536585365854,251.09756097561,39.8644031366453,10,2
425.619047619048,251.297619047619,41.7418611118156,10,2
426.567901234568,250.839506172839,44.5318806115245,21,2
427.333333333333,250.607142857143,36.8102959402141,23,2
427.780487804878,250.40243902439,31.8187323346151,10,2
429.684931506849,249.246575342466,12.5992959791821,39,2
430.73417721519,248.784810126582,12.1957212303043,24,2
432.48,248.186666666667,25.2698459507347,38,2
435.12,246.72,32.1070587448091,46,2
436.55,245.9625,30.8135481255095,29,2
439.379746835443,244.354430379747,27.9759496090031,57,2
441.675675675676,243.513513513514,21.9425227848665,41,2
445.589743589744,242.435897435897,30.7763531910028,60,2
448.48,241.746666666667,30.4304159080805,51,2
450.443037974684,240.569620253165,30.3531674770124,32,2
453.380952380952,239.619047619048,27.6055887240196,55,2
455.329268292683,239.134146341463,25.6381004035599,32,2
458.949367088608,237.835443037975,16.425172835909,57,2
461.805194805195,236.74025974026,16.2148330684798,46,2
463.615384615385,236.205128205128,16.5225673386526,27,2
467.326086956522,235,13.7325088462753,52,2
469.384615384615,234.549450549451,8.91655017759766,33,2
473.841463414634,233.841463414634,1.926068603421,65,2
477.012195121951,233.121951219512,6.32045347682624,48,2
479.482352941176,232.635294117647,5.63716166595962,39,2
482.904761904762,232.166666666667,1.67365370539823,51,2
485.197674418605,231.720930232558,2.81616078998956,34,2
489.554054054054,231.72972972973,-8.12718092626235,68,2
492.904761904762,231.809523809524,-9.97766433809898,48,2
494.963855421687,231.927710843373,-9.05841306992843,31,2
498.215189873418,232.303797468354,-9.68665867066809,48,2
500.5,232.527027027027,-2.35629928564453,29,2
504.924050632911,232.645569620253,-7.54115932594085,59,2
508.086419753086,233,-20.7837947806426,50,2
509.590361445783,233.253012048193,-18.5385188505191,22,2
512.414634146341,233.573170731707,-17.322781853095,45,2
514.705882352941,234.258823529412,-13.8994081371786,33,2
517.743902439024,234.59756097561,-14.1643795669314,47,2
521.567567567568,235.905405405405,-47.6549199485329,62,2
522.68,236.52,-39.8615233760697,21,2
525.602564102564,238.551282051282,-30.8288315444549,51,2
526.897435897436,238.910256410256,-24.6982950728992,24,2
529.87012987013,240.12987012987,-22.7322201116592,43,2
532.730769230769,241.5,-42.2160683443183,49,2
533.881578947368,242.631578947368,-40.4754599978367,24,2
536.538461538462,245.051282051282,-34.6445659408743,56,2
537.7625,245.7625,-30.9398118148614,24,2
540.855263157895,247.394736842105,-23.5588194039225,52,2
543.68,249.226666666667,-52.1528929762594,53,2
544.858974358974,250.269230769231,-49.4598924338425,31,2
547.350649350649,252.701298701299,-40.5476007335129,53,2
548.506024096386,253.192771084337,-36.1534918848672,24,2
551.730769230769,254.846153846154,-30.432577033821,55,2
554.858974358974,256.705128205128,-56.2337481006826,60,2
555.8,257.866666666667,-56.075525089676,27,2
558.297297297297,260.297297297297,-50.4863661756083,49,2
559.192307692308,261.076923076923,-48.1760632829788,24,2
561.8,263.414285714286,-44.9872532535005,56,2
563.773333333333,265.466666666667,-71.6135969677678,47,2
564.464788732394,266.239436619718,-68.5491126364067,16,2
565.802816901409,268.591549295775,-62.8233463278307,40,2
566.576923076923,270.24358974359,-58.5692872232424,29,2
568.345679012346,272.518518518519,-49.3799930068414,47,2
570,274.949367088608,-70.0584967685431,46,2
570.486111111111,275.958333333333,-77.3765677407741,21,2
571.621621621622,279.72972972973,-72.074823498807,56,2
572.04,280.853333333333,-68.3422505764531,21,2
573.671052631579,283.276315789474,-52.6633503509782,45,2
575.541666666667,285.777777777778,-68.9451637797229,48,2
575.897058823529,286.544117647059,-66.6794661537753,18,2
576.891891891892,289.283783783784,-81.9455160176476,46,2
577.220779220779,290.597402597403,-82.6207075156199,27,2
578.128205128205,293.230769230769,-73.0186410825473,45,2
579.109589041096,295.849315068493,-70.6335293054062,45,2
579.314285714286,296.371428571429,-73.7671252272052,15,2
579.797297297297,299.581081081081,84.583403626244,50,2
579.868421052632,300.342105263158,81.5433288404302,22,2
580.109589041096,302.698630136986,85.1220141198335,37,2
579.887323943662,305.169014084507,-84.8309621053054,36,2
580.133333333333,305.826666666667,-84.1005592818903,12,2
580.375,308.34375,83.2316964204889,39,2
580.304347826087,309.521739130435,77.9117544300221,19,2
579.92,311.506666666667,67.4275610069671,28,2
579.649350649351,313.103896103896,68.6571630564986,24,2
579.338235294118,314.073529411765,72.5710155950784,15,2
578.625,316.5875,79.3153739555248,38,2
578.315789473684,317.473684210526,83.8263812698606,20,2
578.184210526316,319.657894736842,82.8475066277733,30,2
577.766233766234,321.415584415584,74.5279220170881,27,2
577.493333333333,322.04,71.1217734985295,10,2
576.893333333333,323.706666666667,69.1635101576914,30,2
576.621621621622,324.851351351351,64.6120861803441,17,2
576.04,326.226666666667,68.1487669688079,25,2
575.5,327.638888888889,71.9831412227823,23,2
575.085714285714,328.242857142857,69.0297314643572,12,2
574.616438356164,329.767123287671,76.534344126854,23,2
574.375,330.458333333333,78.5826436882201,15,2
574.102564102564,331.74358974359,78.765868231841,22,2
573.72602739726,333.246575342466,78.1284698883485,21,2
573.653333333333,333.546666666667,75.9253293749889,8,2
573.24358974359,334.461538461538,75.9755629422907,15,2
573.135135135135,335.324324324324,73.3084592352609,14,2
572.935897435897,335.948717948718,73.3666032670522,12,2
572.486111111111,337.236111111111,70.994980377782,20,2
572.432432432432,337.77027027027,68.6648557972753,14,2
572,338.772151898734,69.4111430487157,17,2
571.922077922078,339.155844155844,69.1329404463676,6,2
571.794871794872,340.089743589744,72.7841771487558,15,2
571.630136986301,340.58904109589,74.339968427771,9,2
571.6,341.133333333333,74.6083273337877,10,2
571.351351351351,341.513513513513,75.3649316488804,7,2
571.315789473684,342.236842105263,77.1051902611974,12,2
571.053333333333,343.24,76.7184477700416,15,2
571,343.75,78.4172203009891,9,2
570.805555555556,344.069444444444,78.4885457395533,8,2
570.733333333333,344.733333333333,78.4309479515307,9,2
570.68,345.08,77.4859245053428,4,2
570.569444444444,345.763888888889,81.1874378583626,11,2
570.394366197183,346.281690140845,79.161293110332,11,2
570.382352941176,346.544117647059,79.1556899956617,5,2
570.301369863014,347.328767123288,81.7225991939691,11,2
570.279411764706,347.25,78.7621488703461,5,2
570.211267605634,347.492957746479,80.9494125157009,5,2
570.056338028169,348.253521126761,78.9966304202089,12,2
570.013698630137,348.232876712329,78.6853915918935,2,2
570.132352941176,348.75,78.4726085523164,9,2
570.072463768116,348.869565217391,79.1084062459341,3,2
570,349.013333333333,77.7869539645757,8,2
570.027027027027,349.27027027027,80.5924464190233,5,2
569.931506849315,349.657534246575,81.3741433297012,7,2
569.728571428571,350.114285714286,77.3201889074368,9,2
569.676056338028,350.154929577465,79.6526878129024,7,2
569.636363636364,350.378787878788,80.7335119999438,7,2
569.684931506849,350.58904109589,81.0532442696702,9,2
569.633802816901,350.845070422535,81.6988105650914,6,2
569.594594594595,351.22972972973,81.1632580628394,7,2
569.444444444444,351.277777777778,78.8806806113408,6,2
569.513888888889,351.291666666667,82.3057995212241,6,2
569.304347826087,351.724637681159,80.6634725296978,9,2
569.391304347826,351.768115942029,79.9407665210077,2,2
569.271428571429,351.757142857143,82.2009813750577,5,2
569.231884057971,352.231884057971,78.9604049177119,7,2
569.214285714286,352.271428571429,81.5877581695336,3,2
569.169014084507,352.366197183099,79.5172847485478,7,2
569.013698630137,352.561643835616,77.2534407878078,4,2
568.958333333333,352.625,77.2346929023644,3,2
569,352.5,79.2788097098511,4,2
568.794520547945,352.904109589041,77.568002597854,7,2
568.866666666667,352.56,77.1421321728665,4,2
568.742857142857,352.985714285714,77.2991369386071,5,2
568.676056338028,353.211267605634,81.1346732515025,5,2
568.69014084507,353.295774647887,78.9079403903162,4,2
568.605263157895,353.118421052632,79.0246379049059,7,2
568.635135135135,353.243243243243,79.7994129028641,4,2
568.635135135135,353.243243243243,79.7994129028641,0,2
568.554054054054,353.351351351351,79.3495151830119,2,2
568.554054054054,353.351351351351,79.3495151830119,0,2
568.371428571429,353.4,80.5564458975431,4,2
568.328358208955,353.55223880597,80.2353402909708,3,2
568.394366197183,353.352112676056,80.6153149835329,4,2
568.385714285714,353.471428571429,79.9718890424152,1,2
568.294117647059,353.514705882353,80.7997993070047,2,2
568.275362318841,353.449275362319,80.0214893060009,3,2
568.260869565217,353.594202898551,80.0567361906704,4,2
568.271428571429,353.471428571429,80.5946670448773,1,2
568.267605633803,353.394366197183,81.0902459692736,1,2
568.291666666667,353.277777777778,80.8355154347776,1,2
568.228571428571,353.428571428571,81.6242002390616,2,2
568.138888888889,353.472222222222,80.8965366345495,2,2
568.098591549296,353.422535211268,80.0663708644112,1,2
568.142857142857,353.557142857143,81.3691417753436,5,2
567.972222222222,353.722222222222,80.2215045612462,4,2
568.267605633803,353.394366197183,81.0902459692736,7,2
568.057142857143,353.657142857143,83.1273042810926,7,2
568.095890410959,353.424657534247,82.5105641614463,3,2
568.140845070423,353.464788732394,81.975434878385,4,2
568.078947368421,353.210526315789,81.682409732901,5,2
568.083333333333,353.430555555556,81.8717705911099,4,2
567.943661971831,353.56338028169,82.183275250818,5,2
568.069444444444,353.486111111111,83.0606732897587,3,2
567.986301369863,353.493150684931,82.1247864687809,5,2
567.972222222222,353.583333333333,83.2220208230039,3,2
567.972222222222,353.583333333333,83.2220208230039,0,2
567.986111111111,353.611111111111,83.1263095622897,2,2
NaN,NaN,NaN,72,2
379.702702702703,252.459459459459,-15.4573441492772,NaN,3
379.77027027027,252.5,-14.6944609647467,2,3
379.689189189189,252.540540540541,-15.7071680218116,4,3
379.697368421053,252.552631578947,-15.8048463992318,4,3
379.76,252.546666666667,-14.7283219292822,3,3
379.698630136986,252.506849315069,-15.3082259209748,2,3
379.77027027027,252.5,-14.6944609647467,1,3
379.837837837838,252.567567567568,-15.7557557199497,2,3
379.835616438356,252.547945205479,-13.8672230663055,3,3
379.77027027027,252.5,-14.6944609647467,1,3
379.8,252.466666666667,-14.3956629553253,1,3
379.77027027027,252.554054054054,-16.0741622048045,3,3
380.177215189873,252.620253164557,-16.0484041199337,7,3
380.303797468354,252.708860759494,-15.9352474532661,2,3
379.708333333333,252.5,-13.7072050424953,7,3
379.753424657534,252.479452054795,-13.2350258711981,1,3
380.026315789474,252.697368421053,-14.4044748028943,7,3
380.153846153846,252.653846153846,-16.2114994735191,4,3
379.896103896104,252.584415584416,-14.1969291754832,3,3
379.873417721519,252.721518987342,-15.5693289963595,6,3
379.9875,252.7375,-15.6785032613324,3,3
379.876712328767,252.575342465753,-14.1290634728188,7,3
379.680555555556,252.486111111111,-13.8904570019806,3,3
379.794520547945,252.520547945205,-14.15783207259,1,3
379.774647887324,252.605633802817,-14.1079236843209,2,3
379.782051282051,252.717948717949,-16.1093550323669,7,3
379.773333333333,252.666666666667,-17.2132542806023,5,3
379.721518987342,252.835443037975,-15.0736198308323,8,3
379.714285714286,252.584415584416,-14.8397766840153,6,3
379.675675675676,252.621621621622,-13.5127754802957,3,3
379.675675675676,252.621621621622,-13.5127754802957,0,3
379.8875,252.8625,-14.0378368687357,8,3
379.61038961039,252.675324675325,-14.5051801313437,5,3
379.675324675325,252.753246753247,-13.9655658926648,4,3
379.789473684211,252.631578947368,-14.2051593848857,5,3
379.621621621622,252.675675675676,-14.2457896825086,4,3
379.506666666667,252.586666666667,-14.5270109903394,3,3
379.824324324324,252.689189189189,-15.3931705471276,7,3
379.946666666667,252.693333333333,-16.1396467877425,3,3
379.671232876712,252.547945205479,-13.9743199442452,4,3
379.733333333333,252.546666666667,-13.9917479117466,4,3
379.72,252.533333333333,-14.0916375868742,2,3
381.715517241379,254.396551724138,-27.5711384583793,43,3
381.892857142857,254.276785714286,-25.5617138431563,16,3
381.834782608696,253.95652173913,-20.6657575933631,21,3
381.68253968254,254.31746031746,-23.2696625152616,19,3
381.322033898305,254.542372881356,-30.4476493690642,50,3
380.144144144144,255.216216216216,-64.5906267383385,63,3
379.504761904762,256.571428571429,-46.8907907895745,52,3
375.75,255.833333333333,30.8073915707089,75,3
375,256.432098765432,27.2571437645436,23,3
372.038961038961,257.753246753247,14.5349712284306,52,3
369.263888888889,258.916666666667,38.3727856472671,49,3
368,259.58904109589,48.3178114062672,23,3
365.355263157895,261.776315789474,52.2554651387757,53,3
364.35,262.8875,49.2817335490347,30,3
362.352272727273,264.295454545455,24.2529659429493,56,3
360.650602409639,265.78313253012,20.6180083823524,47,3
358.791044776119,266.626865671642,40.8359330786874,30,3
357.606060606061,268.939393939394,68.9691334185321,39,3
357.085714285714,270.214285714286,62.7500839836448,26,3
355.835294117647,272.705882352941,41.5856299510073,51,3
354.284090909091,274.579545454545,42.1770456498393,43,3
353.297619047619,275.416666666667,50.0281381583532,24,3
352.028985507246,277.855072463768,73.6841609244405,47,3
351.75,279.852941176471,-83.7493648693633,29,3
352.041666666667,283.097222222222,-86.0889241138618,44,3
352.227848101266,286.075949367089,81.4859446694357,43,3
352.140845070423,287.30985915493,83.6090565443401,20,3
352.458333333333,290.875,-75.0108744044386,49,3
352.923076923077,291.923076923077,-73.103181715182,22,3
353.77027027027,295.662162162162,-74.3591668608087,50,3
354.04,298.986666666667,86.9698079446015,47,3
354,300.274193548387,83.7532408546568,19,3
353.811594202899,303.95652173913,-79.3405072442466,51,3
354.028169014084,305.619718309859,-68.6661765592732,22,3
355.083333333333,309.180555555556,-60.6603207965534,49,3
355.506849315069,311.876712328767,-71.3990328440286,41,3
356.27868852459,314.16393442623,-75.9215011013908,28,3
356.969696969697,316.636363636364,-57.4704398319167,39,3
357.736842105263,318.078947368421,-50.1040651291894,26,3
359.373333333333,320.346666666667,-44.9267045622355,43,3
361.514285714286,323.071428571429,-60.7389885351436,45,3
362.276923076923,323.953846153846,-60.6169565301997,17,3
364.073529411765,326.529411764706,-54.0625681039484,39,3
364.987341772152,327.506329113924,-50.4302763932858,27,3
367.555555555556,329.847222222222,-49.623793398297,47,3
369.609375,332.375,-70.0224566336308,44,3
370.257575757576,333.5,-69.3759153329664,16,3
371.6,336.1,-61.2075608520847,38,3
372.27027027027,336.932432432432,-55.9391898241504,16,3
374,338.552631578947,-41.6047733324992,36,3
376.246376811594,340.840579710145,-59.752717487173,45,3
377.2,342.466666666667,-63.543179219603,25,3
378.45,344.9,-61.7724521980838,38,3
379.230769230769,346.169230769231,-60.3841814940788,21,3
381.101449275362,348.173913043478,-40.113766021014,40,3
382.911764705882,350.161764705882,-54.9599225259864,37,3
383.322033898305,350.813559322034,-56.9829481849852,15,3
384.966666666667,354.683333333333,-66.2009656941601,51,3
385.3125,355.640625,-57.7215549738507,16,3
386.731343283582,357.626865671642,-47.8259303334565,37,3
388.455882352941,359.720588235294,-57.215238415702,39,3
389.086206896552,360.637931034483,-60.9756314315404,18,3
390.31746031746,363.714285714286,-71.706497804608,43,3
390.7,364.95,-66.0087423557593,19,3
392.131147540984,366.901639344262,-48.4430864568714,33,3
393.694915254237,369.186440677966,-73.8024162699873,38,3
393.859649122807,370.245614035088,-76.5681961338449,18,3
394.350877192982,372.894736842105,-81.7537618066791,36,3
394.491803278689,374.377049180328,-75.8094777820784,22,3
395.639344262295,376.672131147541,-54.0669103796396,36,3
396.983050847458,379.305084745763,-60.4059201742047,38,3
397.462962962963,380.851851851852,-71.9557504588925,23,3
398.02,383.16,-84.2250222693236,34,3
398.125,385.375,-79.732409029167,28,3
399.190476190476,388.206349206349,-61.9100603872031,41,3
400.80701754386,391.070175438596,-62.1039482716516,44,3
401.070175438596,391.947368421053,-69.4881462250263,16,3
401.647058823529,395.078431372549,-85.4527663652822,40,3
401.824561403509,396.526315789474,-82.4660311346271,20,3
402.573770491803,399.098360655738,-65.8878842509865,36,3
403.825396825397,401.444444444444,-57.9138787243906,38,3
404.426229508197,401.770491803279,-54.7880238181695,14,3
405.433333333333,402.233333333333,-57.6140568855906,23,3
406.259259259259,402.814814814815,-56.8571214342139,20,3
406.98275862069,403.206896551724,-39.6042211034436,18,3
408.444444444444,403.047619047619,-37.6445053705639,31,3
409.365079365079,403,-33.2773822166696,22,3
411.366666666667,403.533333333333,-29.2008451571963,35,3
411.964285714286,403.803571428571,-24.6701226676268,18,3
413.609375,403.9375,-14.0686553685244,20,3
415.75,404.166666666667,-11.9162868496114,30,3
416.825396825397,403.888888888889,-10.4465717265495,23,3
418.693548387097,403.483870967742,-25.3893214260886,35,3
NaN,NaN,NaN,62,3
386.302631578947,233.368421052632,-40.1730707923825,NaN,4
386.256756756757,233.567567567568,-39.960652732743,8,4
386.041666666667,233.361111111111,-39.802898866517,4,4
386,233.424657534247,-39.7331049224018,3,4
386.04,233.426666666667,-41.3884006208468,2,4
385.932432432432,233.364864864865,-42.18696974581,3,4
385.916666666667,233.458333333333,-41.3993666759286,2,4
385.718309859155,233.239436619718,-43.0735725320887,3,4
385.837837837838,233.310810810811,-43.8209912225518,3,4
385.810810810811,233.364864864865,-43.3436383856331,4,4
385.763888888889,233.361111111111,-42.5291702831843,2,4
385.84,233.4,-43.965942188428,5,4
385.616438356164,233.150684931507,-45.0871520656795,4,4
385.507042253521,233.098591549296,-44.934766269931,2,4
385.471428571429,233.157142857143,-46.3406670903669,3,4
385.698630136986,233.301369863014,-44.788647957491,3,4
385.611111111111,233.236111111111,-45.4516137462621,1,4
385.281690140845,233.042253521127,-46.9222403832397,5,4
385.28,233.173333333333,-45.7697202352366,8,4
385.277777777778,233.152777777778,-46.0711674880057,5,4
385.896103896104,234.155844155844,-46.7382752793193,13,4
385.779220779221,234.285714285714,-46.2616104325125,10,4
386.227272727273,235.102272727273,-49.6254579754373,13,4
386.297872340426,235.393617021277,-50.0337974863029,8,4
385.932584269663,235.202247191011,-46.1339059101488,15,4
383.75,233.367647058824,-7.54982063811498,45,4
383.479452054795,233.452054794521,-0.0245192228519028,13,4
382.179487179487,233.910256410256,15.1679609705681,27,4
379.25641025641,234.589743589744,6.1041785738823,50,4
377.602564102564,234.75641025641,-6.28953827344018,28,4
374.675,234.9125,-12.8985613535845,46,4
372.857142857143,234.636363636364,-14.5763788950264,31,4
370.152777777778,234.972222222222,-12.178322845136,47,4
366.885714285714,235.385714285714,-15.7377526081943,56,4
365.382352941176,235.411764705882,-12.2335520770124,26,4
362.955223880597,235.298507462687,-14.9163900379237,39,4
361.594202898551,235.231884057971,-15.8092814664365,20,4
358.422535211268,234.676056338028,-13.9251521632184,46,4
354.65625,234.296875,-1.73903307162241,51,4
352.808823529412,234.220588235294,-2.89257923681868,24,4
350.186666666667,234.533333333333,-8.94371748096759,49,4
348.481012658228,234.253164556962,-9.70520939705532,32,4
345.707317073171,233.951219512195,-6.19138087490588,49,4
343.02380952381,234.261904761905,11.8713860579486,42,4
341.538461538462,234.871794871795,14.7721910642632,32,4
338.896103896104,235.480519480519,17.5196540790259,39,4
337.72972972973,235.986486486486,7.27981276477153,23,4
335.272727272727,236.480519480519,-8.97085863345369,41,4
332.444444444444,236.305555555556,-3.1434215612323,41,4
331.205882352941,236.264705882353,0.259300854209234,22,4
328.58904109589,237.164383561644,24.6601798328535,45,4
327.173913043478,237.449275362319,30.1879265281859,22,4
324.605633802817,238.394366197183,15.389035191257,44,4
322.260869565217,239.014492753623,3.45550720095642,38,4
321.111111111111,239,2.30560839029348,17,4
318.684210526316,239.486842105263,10.0523076448846,38,4
317.342465753425,239.520547945205,14.5335737404113,23,4
315.333333333333,240.318181818182,34.0724105450123,35,4
313.987804878049,240.853658536585,33.6646906741361,40,4
312.897435897436,241.474358974359,33.9755199445318,20,4
311.025641025641,242.564102564103,32.376590679569,40,4
310.40243902439,242.707317073171,29.2662837417957,10,4
308.175,243.9625,27.3394666876119,46,4
306.544303797468,244.848101265823,37.2840245825515,31,4
305.554054054054,245.445945945946,42.4910555721702,21,4
304.337662337662,246.480519480519,52.2686198301774,25,4
303.6,247.066666666667,61.2512336382797,16,4
302.291666666667,248.513888888889,66.2096576337189,29,4
301.207792207792,249.909090909091,65.1477032358939,29,4
300.5,250.435897435897,61.3796429305375,19,4
299.426829268293,251.670731707317,56.5154536551488,24,4
298.710843373494,252.289156626506,53.0682289943857,21,4
297.351351351351,253.959459459459,53.8744197688298,33,4
296.478873239437,255.30985915493,61.9722962787262,23,4
295.845070422535,255.915492957746,62.0340692840638,14,4
295.202702702703,257.067567567568,70.5566653828713,23,4
294.942857142857,258.1,76.270029786327,16,4
294.30985915493,259.323943661972,76.4646626523858,27,4
293.716216216216,260.5,72.2940079892683,17,4
293.428571428571,261.116883116883,71.0892684678513,11,4
293.041666666667,261.805555555556,68.2486583284802,13,4
292.467532467532,262.857142857143,67.7714479557574,17,4
292.012048192771,263.518072289157,66.0639260873463,14,4
291.51282051282,264.705128205128,73.2442950556345,19,4
291.306666666667,265.253333333333,78.2896383347619,11,4
290.916666666667,267.083333333333,88.0413802254214,27,4
290.861111111111,267.902777777778,-85.032760345944,12,4
290.75,268.958333333333,-82.9257599848792,18,4
290.788732394366,270.197183098592,-84.5770690364377,17,4
290.794520547945,270.794520547945,-87.3084006493269,8,4
290.594202898551,271.797101449275,88.4424430085075,16,4
290.535211267606,272.464788732394,87.204893298034,10,4
290.36,273.8,83.6230843476702,18,4
290.333333333333,274.746666666667,83.3716525852943,14,4
290.293333333333,275.08,82.7418974309625,6,4
290.41095890411,276.082191780822,85.4577536804954,12,4
290.418918918919,276.364864864865,86.2456368702662,5,4
290.302631578947,277.013157894737,85.7268478229665,10,4
290.162162162162,278.135135135135,-89.5030446489027,14,4
290.266666666667,278.466666666667,-89.3208074038183,5,4
290.246575342466,278.86301369863,-88.4823427241786,6,4
290.287671232877,279.383561643836,89.9366707648708,10,4
290.561643835616,279.945205479452,-87.5452649310279,12,4
290.736842105263,280.513157894737,-87.3381457586534,9,4
290.766233766234,280.779220779221,-87.0509477385798,5,4
290.8,280.946666666667,-87.0286098650485,4,4
290.831168831169,281.220779220779,-85.8885895095831,4,4
290.934210526316,281.973684210526,-86.1067798818753,9,4
291.013157894737,282.565789473684,-88.3980952032491,8,4
291.038961038961,282.649350649351,-87.7911870020585,1,4
291.175675675676,283.067567567568,-88.4710429369347,7,4
291.402777777778,283.194444444444,-87.4086307460908,6,4
291.657894736842,283.789473684211,-87.034683505286,12,4
291.808219178082,284.013698630137,-86.3114147114927,5,4
291.808219178082,284.013698630137,-86.3114147114927,0,4
292.013888888889,284.402777777778,-86.4170423365793,7,4
292.057142857143,284.871428571429,-86.4568479214466,4,4
292.123287671233,284.808219178082,-87.4011650987246,5,4
292.371428571429,285.114285714286,-86.2553256438909,9,4
292.583333333333,284.777777777778,-85.3444216306803,8,4
292.767123287671,285.041095890411,-84.534575983016,5,4
292.828571428571,285.328571428571,-85.5656360496621,3,4
292.932432432432,285.405405405405,-85.4081847747726,4,4
293.042253521127,285.845070422535,-86.0769599371662,7,4
293.242857142857,285.785714285714,-86.9062797786392,7,4
293.426470588235,285.794117647059,-86.1398546006376,6,4
293.561643835616,286.054794520548,-87.0723645171677,9,4
293.742857142857,286.1,-85.4267076020453,7,4
293.902777777778,286.458333333333,-85.3189615434355,6,4
294,286.783783783784,-87.7492497654341,8,4
294.039473684211,286.776315789474,-87.6043752116732,2,4
294.191780821918,286.849315068493,-88.4000324288124,5,4
294.295774647887,287.154929577465,-88.0607044804604,4,4
294.635135135135,287.297297297297,-86.1349473736266,11,4
294.698630136986,287.383561643836,-87.5479185616299,3,4
294.805194805195,287.363636363636,-87.8807197071587,4,4
294.853333333333,287.493333333333,-87.2677983026661,4,4
295.055555555556,287.666666666667,-87.6917433033334,7,4
295.246575342466,287.246575342466,-85.0592807201027,9,4
295.323943661972,287.535211267606,-85.4506263878941,6,4
295.492957746479,287.69014084507,-85.3544104774395,6,4
295.547945205479,287.616438356164,-85.3394930820606,2,4
295.845070422535,288.112676056338,-84.3005341426169,10,4
295.92,288.013333333333,-84.5001149674526,6,4
296,287.87012987013,-85.8226010768867,4,4
296.146666666667,288.133333333333,-86.6489330803071,6,4
296.189189189189,288.135135135135,-86.7031351381739,1,4
296.391891891892,287.810810810811,-85.500276922624,8,4
296.597402597403,288.285714285714,-83.9658572805125,7,4
296.589743589744,288.192307692308,-83.8324179377569,3,4
296.773333333333,288.253333333333,-81.3937595513681,7,4
296.959459459459,288.432432432432,-80.6473349751422,5,4
296.921052631579,288.486842105263,-78.86518393451,4,4
297.210526315789,288.407894736842,-78.6119358269265,8,4
297.266666666667,288.6,-77.1394012466114,7,4
297.383561643836,288.808219178082,-76.118903209991,6,4
297.459459459459,288.945945945946,-75.3356495429697,5,4
297.493333333333,288.92,-75.1002603714831,3,4
297.630136986301,289.178082191781,-72.6207923405306,4,4
297.689189189189,289.27027027027,-72.678791024773,3,4
297.971428571429,289.642857142857,-72.712197730306,10,4
298.042857142857,289.7,-73.5247068085974,4,4
298.260869565217,290.188405797101,-76.8372114481972,9,4
298.380281690141,290.112676056338,-75.4680077569623,4,4
298.417910447761,290.462686567164,-74.6546642625518,4,4
298.681818181818,290.818181818182,-74.1076944821184,7,4
298.716417910448,290.791044776119,-74.0338987802856,3,4
298.893939393939,290.893939393939,-75.8680420809772,5,4
299.013888888889,291.138888888889,-75.02085699849,6,4
299.142857142857,291.057142857143,-76.033923439004,4,4
299.43661971831,291.281690140845,-75.6427943639682,9,4
299.471428571429,291.385714285714,-75.9704638145114,1,4
299.582089552239,291.626865671642,-77.6858774428912,3,4
299.731343283582,291.641791044776,-77.1411252685401,4,4
299.738461538462,291.830769230769,-76.2337823551688,2,4
299.845070422535,291.87323943662,-77.4592635517019,6,4
299.985507246377,292.144927536232,-78.2900654990503,4,4
300.098591549296,292.211267605634,-76.6365808274929,2,4
300.220588235294,292.308823529412,-77.0816346120531,3,4
300.328358208955,292.268656716418,-79.1427783713253,5,4
300.477611940299,292.402985074627,-77.5948147347535,4,4
300.528571428571,292.457142857143,-79.5350960691288,5,4
300.594202898551,292.521739130435,-79.4789398191118,3,4
300.597222222222,292.611111111111,-80.6784904658826,3,4
300.666666666667,292.805555555556,-79.8441088137165,2,4
300.685714285714,293,-79.399567145669,2,4
300.823529411765,293.058823529412,-80.7195782511,6,4
300.794117647059,293.044117647059,-80.0705171308889,4,4
300.882352941176,293.426470588235,-83.161884627037,8,4
300.884057971014,293.304347826087,-83.6516630143333,3,4
300.95652173913,293.449275362319,-83.2518774038541,2,4
300.970588235294,293.514705882353,-82.5883247478388,3,4
301.074626865672,293.55223880597,-84.3414165138669,5,4
301.258064516129,293.661290322581,-83.6049103448268,5,4
301.151515151515,293.757575757576,-82.4941450343524,4,4
301.426470588235,293.632352941176,-81.3539435695496,8,4
301.507692307692,294.046153846154,-81.312465041477,5,4
301.544117647059,293.838235294118,-81.9078338067086,3,4
301.536231884058,294.04347826087,-82.5367290105643,5,4
301.565217391304,294.072463768116,-83.3486425220142,2,4
301.782608695652,294.217391304348,-82.7671393634316,6,4
301.80303030303,294.348484848485,-83.8788811979747,3,4
301.772727272727,294.257575757576,-83.9871787075514,4,4
301.787878787879,294.590909090909,-84.00762688918,4,4
