393.973684210526,244.578947368421,-0.444960276443893,NaN,1
394.093959731544,244.684563758389,-0.398161807495981,9,1
394.258278145695,244.58940397351,0.0622159552158836,8,1
394.23178807947,244.701986754967,0.215696951894303,10,1
394.18064516129,244.567741935484,-0.585992689967429,8,1
394.169934640523,244.62091503268,-1.58761132182362,8,1
394.12,244.626666666667,-1.24993174072736,5,1
394.217948717949,244.615384615385,-0.628216491990319,8,1
394.201298701299,244.616883116883,-0.68185815269199,2,1
394.173333333333,244.653333333333,-1.29917379251074,6,1
394.039215686275,244.614379084967,-0.0547110282486312,7,1
394.188311688312,244.61038961039,-0.0425783098436378,9,1
393.927631578947,244.539473684211,-0.465718849861026,6,1
394.051612903226,244.509677419355,0.0278958197962953,5,1
394,244.642857142857,0.188264868163045,7,1
394.086092715232,244.569536423841,-0.418067465738627,5,1
394.176470588235,244.56862745098,0.538627580740622,6,1
394.131578947368,244.526315789474,0.30198647267286,3,1
394.060810810811,244.628378378378,0.312433133496307,6,1
393.853333333333,244.553333333333,0.261372270715589,8,1
394.105960264901,244.662251655629,0.163111424326004,9,1
394.103225806452,244.503225806452,-0.0251678079139379,6,1
394.224358974359,244.50641025641,-0.132476661761909,5,1
393.986754966887,244.615894039735,-0.384173078638299,7,1
394.066225165563,244.635761589404,0.0449860566552649,2,1
394.150326797386,244.549019607843,0.143688489229663,6,1
394.087837837838,244.52027027027,-0.43766570969827,5,1
393.986577181208,244.523489932886,-0.942754665542638,7,1
394.094594594595,244.608108108108,-1.96926644882719,9,1
394,244.651006711409,-0.614141975274871,9,1
394.026666666667,244.606666666667,-0.803391095913064,5,1
394.12987012987,244.603896103896,-1.16331069938022,8,1
394.052631578947,244.546052631579,-0.200543811352494,6,1
393.974193548387,244.490322580645,0.757055738128096,7,1
393.733333333333,244.606666666667,0.12733802064485,9,1
393.826666666667,244.566666666667,-0.240604426572596,8,1
394.065359477124,244.542483660131,-0.112962989354273,9,1
394.173333333333,244.566666666667,-0.343958361829304,3,1
393.901315789474,244.539473684211,-0.191562264218349,8,1
394.142857142857,244.532467532468,-1.05939175962084,8,1
394.213333333333,244.506666666667,-1.68955484900937,4,1
394.757961783439,244.757961783439,-6.09886115736365,19,1
395.20245398773,244.773006134969,-6.37184717841413,10,1
395.376543209877,244.907407407407,-6.60434717884856,9,1
395.768292682927,244.90243902439,-5.78690054887731,14,1
396.017647058824,245.023529411765,-6.88572267193064,18,1
395.970238095238,244.964285714286,-6.3683064368008,12,1
395.952380952381,244.922619047619,-5.69868526244718,8,1
396.762430939227,245.397790055249,-6.55432201111567,27,1
396.789215686275,245.495098039216,-8.0198476660703,47,1
396.55,245.465,-11.8136622890379,34,1
396.350253807107,245.578680203046,-24.0618019314578,83,1
395.827411167513,246.060913705584,-48.883566200148,58,1
395.405263157895,245.263157894737,-69.418807068066,81,1
394.329787234043,243.244680851064,-80.5550985389312,100,1
393.928571428571,242.238095238095,-83.1293145935626,50,1
393.433333333333,236.086666666667,-74.2454131135962,116,1
393.5,234.030864197531,-76.4000770552324,54,1
393.294520547945,228.657534246575,80.0733286779435,96,1
394.456953642384,225.562913907285,62.0046131137792,83,1
395.006993006993,224.503496503497,57.7730296453491,32,1
396.848920863309,221.05035971223,64.5950856189875,84,1
397.722972972973,219.054054054054,70.0408660041745,47,1
399.680555555556,215.118055555556,70.0034562464415,82,1
401.289473684211,212.855263157895,58.6005693766794,60,1
401.993288590604,211.845637583893,50.2622737961699,33,1
404.288888888889,209.051851851852,38.8942778667893,68,1
405.415492957746,207.633802816901,44.3659204049987,39,1
407.430656934307,205.569343065693,50.2216879152978,59,1
409.123188405797,203.659420289855,56.1903326344811,49,1
410.149253731343,202.477611940299,58.3373540187367,34,1
411.751879699248,200.368421052632,57.3431342522719,53,1
412.538461538462,199.446153846154,56.326689695458,27,1
413.82962962963,197.711111111111,50.2941365871411,51,1
415.133333333333,196.022222222222,45.0904689602666,52,1
415.7890625,195.1640625,42.2814818174682,19,1
417.340740740741,192.955555555556,50.7068178995796,57,1
417.934782608696,192.152173913043,53.6405713209281,23,1
419.121428571429,190.378571428571,61.1489134318578,52,1
420.714285714286,187.738095238095,68.8171317686723,60,1
421.284615384615,186.592307692308,66.8971993466703,28,1
422.522388059701,184.537313432836,58.5639288552868,52,1
422.971014492754,183.760869565217,56.6149567256746,24,1
423.876712328767,181.958904109589,53.0335621817032,50,1
424.848684210526,180.25,53.6600106689445,38,1
425.507142857143,179.092857142857,55.8809768880464,29,1
426.664122137405,176.916030534351,61.1456883597275,50,1
427.365517241379,175.303448275862,66.8985269344939,40,1
428.708955223881,172.246268656716,72.6279085666317,57,1
429.732394366197,169.992957746479,66.232999304305,48,1
430.235294117647,168.595588235294,60.8920615926487,28,1
431.176056338028,166.542253521127,55.488282058263,46,1
431.82,165.306666666667,55.5204267620613,28,1
432.84,163.186666666667,58.1407109304333,46,1
433.8125,160.965277777778,63.7979672988253,46,1
434.35,159.935714285714,64.985038149117,30,1
435.7265625,156.78125,72.8158466057576,58,1
436.240601503759,155.616541353383,71.2814915096976,21,1
437.044776119403,153.738805970149,67.1160244368472,43,1
437.783216783217,151.839160839161,60.796581713523,47,1
438.181818181818,150.734265734266,57.3336800844968,26,1
439.144927536232,148.739130434783,55.5712964822992,47,1
439.729166666667,147.652777777778,57.0516820644624,26,1
440.333333333333,145.784722222222,60.3549994237501,46,1
441.687943262411,143.014184397163,69.0941066040767,55,1
442.363636363636,141.090909090909,73.0844460171367,35,1
443.119047619048,139.571428571429,67.4712435495933,34,1
443.583941605839,138.211678832117,64.9822854842576,33,1
444.335766423358,136.408759124088,59.9503748333424,50,1
445.070422535211,134.345070422535,57.7400837027997,49,1
445.375886524823,133.418439716312,59.1474094757002,23,1
446.345323741007,131.172661870504,62.6730887363909,48,1
446.884057971014,129.710144927536,67.5692551700821,31,1
447.601503759398,127.323308270677,73.6201954229704,55,1
448.443609022556,124.81954887218,74.5980663194516,50,1
448.634920634921,123.873015873016,70.5223894222567,21,1
449.362204724409,121.661417322835,61.7907478525589,47,1
449.649635036496,120.423357664234,60.7463840074905,32,1
450.333333333333,118.319444444444,60.2043311874584,53,1
450.856164383562,116.321917808219,61.086151932195,50,1
451.36496350365,115.087591240876,63.2307936240365,27,1
452.137404580153,112.87786259542,69.053403648779,46,1
452.536764705882,111.257352941176,71.7181152038788,31,1
453.286764705882,108.794117647059,69.7685250915301,44,1
454.007462686567,106.5,61.4689333268762,46,1
454.353846153846,105.8,56.7202441567795,20,1
455.068181818182,104.075757575758,52.5430504106037,40,1
455.687943262411,102.553191489362,53.7549702671393,41,1
456.830985915493,100.098591549296,57.879434576355,51,1
457.851851851852,97.7259259259259,65.6803116989749,51,1
458.320610687023,96.6335877862595,65.9244551428808,24,1
459.461538461538,93.2307692307692,72.0817635948905,64,1
459.75,92.1486486486486,72.3633007384881,29,1
460.525,90.55625,65.1438710134141,44,1
460.85798816568,89.5739644970414,56.0480131909795,39,1
461.229411764706,89.4588235294118,51.0316164078342,17,1
461.946524064171,88.9411764705882,41.0445087077158,43,1
462.944444444444,88.8111111111111,36.3191398729833,35,1
464.858024691358,87.8024691358025,31.1359068770392,56,1
465.017142857143,88.0457142857143,36.4469066718643,47,1
466.165644171779,87.1226993865031,29.4858623902483,30,1
466.443181818182,87.1647727272727,28.6263013669467,37,1
466.78488372093,87.0813953488372,26.2417418411826,22,1
467.306451612903,86.9301075268817,23.3184172224169,26,1
468.450261780105,86.7801047120419,18.3162411874855,43,1
468.700507614213,86.8426395939086,15.3171484955555,26,1
470.014563106796,87.2572815533981,14.5665053062237,53,1
470.438679245283,87.5801886792453,14.7139375064659,30,1
471.73631840796,87.089552238806,12.1171594178881,53,1
472.595628415301,86.5081967213115,13.8300893156634,54,1
472.994845360825,86.6907216494845,13.7645107795333,29,1
474.020725388601,86.7772020725389,13.743075030634,33,1
474.577319587629,86.6855670103093,13.7610181705161,25,1
476.197969543147,86.6548223350254,12.6448483067505,43,1
477.340101522843,86.5583756345178,8.87069734318117,40,1
477.648514851485,86.450495049505,8.30780508920324,17,1
479.163366336634,86.480198019802,5.60657904034812,44,1
479.891625615764,86.487684729064,4.35825741325083,23,1
480.849740932642,86.3989637305699,4.18675868612097,42,1
482.15625,86.3958333333333,6.07038356682767,33,1
482.502487562189,86.547263681592,6.89692380050789,19,1
NaN,NaN,NaN,201,1
406.926174496644,244.939597315436,34.4364706582609,NaN,2
406.973684210526,244.828947368421,35.0607293591223,3,2
406.940789473684,244.848684210526,35.0588514671932,4,2
406.865771812081,244.879194630872,35.2215382485256,3,2
406.631944444444,245.145833333333,34.7331062358655,7,2
406.755102040816,245.027210884354,34.9048001512984,3,2
406.927631578947,244.802631578947,36.7014280450683,7,2
407.428571428571,244.597402597403,35.8577526495837,14,2
407.5,244.392405063291,36.2653271843883,10,2
408.309941520468,243.912280701754,35.0432364874439,21,2
408.620320855615,243.352941176471,38.7062234867266,52,2
408.043010752688,243.349462365591,51.3755827689441,43,2
408.286486486486,243.324324324324,72.1431642626651,71,2
407.887640449438,243.803370786517,85.4750660655335,35,2
407.815533980583,243.242718446602,-88.5385399214344,110,2
407.810055865922,246.441340782123,-88.4390958459027,83,2
407.894366197183,250.457746478873,-88.2839880188998,63,2
407.893617021277,253.695035460993,64.5013239695306,69,2
407.78231292517,254.401360544218,55.7480715770272,40,2
405.830769230769,258.176923076923,35.1459025303974,103,2
403.908396946565,260.389312977099,34.2535649522726,57,2
401.692307692308,261.692307692308,28.6237096017345,53,2
398.789473684211,264.570175438596,13.4413397864378,94,2
397.392156862745,263.137254901961,-24.120642693876,61,2
394.703703703704,262.962962962963,-16.9645759059554,105,2
392.701086956522,263.559782608696,-13.440548797893,96,2
391.557894736842,263.484210526316,-11.663732496285,46,2
387.430939226519,263.077348066298,-8.51082341346878,103,2
385.645714285714,263.011428571429,-8.90926701459647,56,2
382.16,263.348571428571,-21.2417148791155,104,2
379.89603960396,263.237623762376,-28.8510240656594,87,2
377.672316384181,262.220338983051,-24.9003988165434,67,2
374.766081871345,261.502923976608,-20.2613072629753,76,2
373.356725146199,261.116959064327,-18.3627706204603,42,2
370.678571428571,260.89880952381,-12.2469870778676,79,2
368.075949367089,260.493670886076,-13.5263610617183,80,2
366.891719745223,260.420382165605,-16.6615376285462,37,2
364.52380952381,260.190476190476,-27.8237448205416,72,2
363.62987012987,259.88961038961,-28.5121062001708,33,2
361.177914110429,258.601226993865,-34.1290962388347,69,2
359.232432432432,257.048648648649,-32.2790022125605,74,2
358.093023255814,257.18023255814,-28.7589056050956,43,2
355.852071005917,256.621301775148,-24.7300030621757,77,2
354.717791411043,256.552147239264,-23.3541249792249,44,2
352.49696969697,255.957575757576,-20.7069923970995,90,2
349.993243243243,255.432432432432,-26.3530542208836,71,2
348.970802919708,254.751824817518,-29.0328868003394,41,2
346.408759124088,253.532846715328,-42.5599592712399,70,2
345.629370629371,253.055944055944,-40.0997521329731,28,2
343.447368421053,251.421052631579,-39.6200460373261,61,2
341.115384615385,249.788461538462,-34.4362810390876,82,2
339.842105263158,249.361842105263,-30.2020419164031,48,2
337.58940397351,248.198675496689,-26.4725421503879,77,2
336.668874172185,247.728476821192,-28.7736254851902,36,2
334.153846153846,246.153846153846,-40.4251502353157,64,2
332.006802721088,244.802721088435,-44.2554533500813,68,2
331.165605095541,244.101910828025,-42.6743736318228,32,2
329.19512195122,242.69512195122,-37.5574588243323,61,2
328.329192546584,242.173913043478,-33.916400110239,43,2
326.308176100629,240.691823899371,-29.68112152716,76,2
323.638157894737,239.480263157895,-27.5335261919164,81,2
322.608391608392,238.895104895105,-30.9954190533242,31,2
319.890510948905,237.445255474453,-45.5069673338667,58,2
319.268115942029,236.971014492754,-46.6329618133801,25,2
317.402684563758,235.744966442953,-45.796258029747,55,2
315.182926829268,233.615853658537,-45.4046708326197,63,2
314.166666666667,233.074074074074,-39.9148335296226,46,2
312.198675496689,231.225165562914,-32.9364740103869,87,2
311.259493670886,231.006329113924,-31.8260671676493,43,2
308.545454545455,229.342657342657,-29.9155749056794,69,2
305.56204379562,227.335766423358,-47.9853665088581,66,2
304.303703703704,226.296296296296,-51.2320025943154,36,2
302.891891891892,224.986486486486,-47.6257976165958,67,2
301.929487179487,224.166666666667,-48.6258073636759,34,2
300.382857142857,223.257142857143,-42.5361113957866,47,2
298.775147928994,221.970414201183,-35.9698168473865,56,2
297.685534591195,220.993710691824,-35.6833393295296,44,2
295.337579617834,219.127388535032,-33.9649871345724,72,2
294.289308176101,218.37106918239,-36.1793629801737,38,2
291.880794701987,216.960264900662,-48.5732004338122,64,2
290.391025641026,215.538461538462,-53.3876555720024,61,2
289.588235294118,214.679738562092,-52.5707338173802,27,2
288.494117647059,213.435294117647,-49.130179366151,53,2
287.533333333333,212.333333333333,-48.246602444852,35,2
286.067073170732,210.80487804878,-43.1650238229333,51,2
284.461077844311,209.431137724551,-41.070985523801,49,2
283.456790123457,208.660493827161,-38.8711473967478,29,2
281.02,206.353333333333,-40.0958600293043,66,2
280.1,205.273333333333,-45.0145680861336,34,2
277.794520547945,203.383561643836,-58.9428986288988,58,2
276.567741935484,202.058064516129,-57.0669498862491,45,2
275.929032258065,201.367741935484,-54.659036371864,22,2
274.239263803681,199.693251533742,-50.2315246780791,52,2
273.703703703704,199.117283950617,-47.372274836359,31,2
272.290697674419,197.738372093023,-44.8377384985907,48,2
270.835294117647,196.241176470588,-43.4393124693968,54,2
270,195.635802469136,-41.8089931625621,36,2
268.124223602484,194.012422360248,-46.8668177884897,53,2
267.050632911392,192.886075949367,-50.873283723955,31,2
265.107382550336,191.053691275168,-59.2454964562954,53,2
263.633540372671,189.670807453416,-57.8728756090832,42,2
262.896774193548,188.716129032258,-56.3707746827578,26,2
261.401234567901,187.074074074074,-52.1946300345206,51,2
260.879518072289,186.542168674699,-51.0180599364273,26,2
259.115606936416,184.699421965318,-46.2446965229415,63,2
257.731428571429,183.371428571429,-47.2069208595729,58,2
256.382352941176,181.994117647059,-50.4428087924831,37,2
254.66875,180.1,-55.7207850312567,58,2
253.903846153846,179.147435897436,-59.104109920731,26,2
252.685534591195,177.754716981132,-59.1692333548726,41,2
251.305389221557,175.982035928144,-57.5613155978207,46,2
250.994117647059,175.570588235294,-55.1707666516827,23,2
249.619318181818,173.920454545455,-51.2136066628354,50,2
248.918604651163,173.21511627907,-47.5774087301139,30,2
247.759776536313,171.793296089385,-46.7535245537477,45,2
246.388571428571,170.4,-45.6506859257317,48,2
245.60843373494,169.722891566265,-47.3141720565395,29,2
243.905660377358,168.012578616352,-52.9484814188868,53,2
242.81045751634,166.470588235294,-57.0008782739151,34,2
241.616352201258,165.48427672956,-58.3825415982907,44,2
240.566037735849,164.044025157233,-57.3068965117758,38,2
239.863354037267,163.27950310559,-55.1963224994582,20,2
239.017647058824,162.217647058824,-53.1066772761505,41,2
238.425287356322,161.534482758621,-51.84371534103,26,2
237.238372093023,160.029069767442,-48.6950372909775,42,2
236.127906976744,158.494186046512,-49.6333849273271,44,2
235.596385542169,157.981927710843,-48.5825577040503,22,2
233.849056603774,155.981132075472,-52.5857472141246,55,2
233.325443786982,155.278106508876,-54.9091054688878,28,2
231.61875,153.325,-59.9314976121758,51,2
230.546012269939,151.889570552147,-60.5057044652338,41,2
229.901234567901,151.179012345679,-59.7999768433695,17,2
228.744186046512,149.802325581395,-58.3319640723842,40,2
228.297142857143,149.302857142857,-56.9810574350317,23,2
227.220338983051,148.022598870056,-53.3343706212559,44,2
226.383783783784,147.12972972973,-52.3007626543518,32,2
225.727777777778,146.377777777778,-51.4835689172176,21,2
224.360465116279,144.581395348837,-53.1612648160182,50,2
223.880681818182,144.022727272727,-54.7433129291448,20,2
222.646706586826,142.389221556886,-58.1911694690634,43,2
221.26875,140.5125,-62.0792223556916,45,2
220.858895705521,139.993865030675,-62.0026674929907,23,2
219.645962732919,138.149068322981,-60.0336765331023,42,2
219.234567901235,137.604938271605,-58.3446975820713,19,2
218.290909090909,136.545454545455,-54.3180256838675,35,2
216.843373493976,134.620481927711,-49.9298492329229,47,2
216.431137724551,134.221556886228,-49.5782412698848,19,2
215.728323699422,133.699421965318,-48.6296762358163,30,2
215.396648044693,133.072625698324,-49.813246659012,28,2
214.086705202312,131.549132947977,-50.6485244771293,40,2
212.451807228916,129.644578313253,-57.9229520773088,47,2
211.697530864198,128.783950617284,-59.0801491730558,24,2
210.845679012346,127.648148148148,-57.8036133916546,36,2
210.280487804878,126.859756097561,-57.7747783852613,24,2
209.098765432099,125.444444444444,-54.655180769757,36,2
208.285714285714,124.488095238095,-50.7046531516666,40,2
207.585227272727,123.829545454545,-49.1659828328961,22,2
206.571428571429,122.662857142857,-46.7586426292839,39,2
206.034090909091,122.210227272727,-46.7584941434147,19,2
204.788571428571,120.828571428571,-49.0394769469642,51,2
203.263473053892,119.311377245509,-56.0374947896405,42,2
202.436363636364,118.272727272727,-58.5862690486317,26,2
201.562874251497,117.323353293413,-56.5849548784611,32,2
201.006060606061,116.363636363636,-55.1545690504555,26,2
199.728915662651,114.915662650602,-51.9191961940875,39,2
198.802325581395,113.709302325581,-50.9047442984492,36,2
198.382352941176,113.294117647059,-47.9234251547346,22,2
197.524861878453,112.325966850829,-47.7595380174498,35,2
197.016949152542,111.706214689266,-47.2879267147423,24,2
195.862857142857,110.485714285714,-46.2564499037351,38,2
194.012048192771,108.524096385542,-50.0991295655011,47,2
193.426829268293,107.871951219512,-49.6583263209587,20,2
191.700598802395,105.838323353293,-55.1365683853068,45,2
191.339506172839,105.450617283951,-53.5773651767252,21,2
190.290909090909,104.078787878788,-53.3352971158872,35,2
189.206896551724,103.298850574713,-49.8785351817194,37,2
188.684210526316,102.795321637427,-47.8621628080545,17,2
187.595375722543,101.687861271676,-45.1926191492098,44,2
187.109195402299,101.218390804598,-43.6330843662209,19,2
186.077348066298,100.226519337017,-44.2464664238594,37,2
184.61581920904,98.8248587570621,-44.9987457222452,46,2
183.94674556213,98,-46.5129711239561,32,2
182.269461077844,96.2215568862275,-52.3459030797396,48,2
182.017647058824,95.9764705882353,-51.5666560145465,19,2
180.422619047619,94.3452380952381,-53.2491691738638,48,2
179.712643678161,93.5862068965517,-51.4686601640431,34,2
179.440677966102,93.3672316384181,-49.7712514844286,23,2
178.261363636364,92.0397727272727,-49.4052912006159,43,2
178.005649717514,91.9039548022599,-47.3494463689439,25,2
176.926553672316,90.6949152542373,-47.0240568272073,36,2
176.063583815029,89.5953757225434,-46.5894455058206,40,2
175.370588235294,89.0117647058824,-46.4333199205334,21,2
174.441860465116,88.3895348837209,-45.4701674339582,38,2
174.05,88.4555555555555,-44.6933851836283,26,2
173.398876404494,87.8651685393258,-44.1935833384265,30,2
172.566473988439,87.3757225433526,-44.2819405100523,27,2
171.936046511628,87.0116279069767,-42.4867205524392,21,2
171.715846994536,87.1092896174863,-40.0578649529721,29,2
171.233333333333,86.9888888888889,-39.0673319725152,17,2
170.481081081081,86.7405405405405,-36.3475933385264,29,2
170.394736842105,86.9263157894737,-34.2184036349041,19,2
169.767955801105,86.6022099447514,-32.1517785107792,23,2
169.193548387097,86.5591397849462,-29.740657622517,25,2
168.587912087912,86.4120879120879,-27.9492091100146,22,2
168.425531914894,86.4946808510638,-26.6794394323542,22,2
168.063157894737,86.4894736842105,-25.4144312301601,20,2
167.634831460674,86.3089887640449,-25.9386761266215,16,2
167.027472527473,86.2142857142857,-24.7630059761079,20,2
166.676136363636,86.1477272727273,-25.7492352362276,10,2
166.327683615819,86.135593220339,-25.2322624219999,13,2
165.83908045977,85.8793103448276,-23.3895251214382,17,2
165.379310344828,85.6896551724138,-23.7698921337077,12,2
164.886363636364,85.7045454545455,-21.7626534029358,16,2
164.6,85.5371428571429,-21.0195406463236,13,2
163.867816091954,85.5632183908046,-18.4910390640482,31,2
163.082352941176,85.4058823529412,-14.4723703631099,22,2
162.64,85.4571428571429,-11.8633058506127,13,2
162.27485380117,85.3976608187134,-8.12805010863453,20,2
162.113636363636,85.7954545454545,-6.26872987258042,19,2
161.293413173653,85.5928143712575,-2.20807889469271,25,2
160.29696969697,85.6848484848485,3.14198409914223,26,2
159.546583850932,85.8385093167702,9.41600807416806,26,2
159,85.7791411042945,11.5859894538176,22,2
158.728915662651,85.8072289156626,11.6391512857565,15,2
NaN,NaN,NaN,166,2
391.255639097744,230.278195488722,-85.192686279866,NaN,3
391.265151515152,230.439393939394,-85.681384643705,3,3
391.318518518519,230.237037037037,-85.5462761425069,5,3
391.333333333333,230.356060606061,-85.0464620087402,5,3
391.371212121212,230.378787878788,-85.4610828600318,2,3
391.312977099237,230.274809160305,-85.5540471216112,3,3
391.325757575758,230.212121212121,-85.5442930726475,3,3
391.276923076923,230.161538461538,-85.2041294371257,4,3
391.318181818182,230.287878787879,-85.0646483219275,2,3
391.276923076923,230.161538461538,-85.2041294371257,2,3
391.292307692308,230.138461538462,-84.514718356008,6,3
390.103225806452,232.535483870968,73.8513823683867,29,3
389.852071005917,233.508875739645,73.4235620474566,34,3
390.640243902439,232.548780487805,79.5285454222804,39,3
391.137142857143,232.651428571429,79.0280925656308,51,3
391.847457627119,232.005649717514,85.7702721492979,76,3
391.580310880829,232.160621761658,78.1638663806891,44,3
392.506024096386,230.084337349398,7.92842948931274,97,3
395.224242424242,229.484848484848,8.41894643892385,89,3
396.802395209581,229.149700598802,15.2350635532646,48,3
400.518292682927,228.176829268293,33.0643298714616,105,3
402.351851851852,227.364197530864,38.2274983744082,50,3
405.993865030675,225.38036809816,22.7834590538119,83,3
409.211180124224,224.88198757764,9.65728273925681,84,3
412.013698630137,224.308219178082,-4.45778847168613,63,3
415.304635761589,224.019867549669,-0.907809949169371,73,3
417.830985915493,224.028169014085,3.51919266115182,49,3
420.726666666667,223.973333333333,6.03606843016891,66,3
423.694805194805,223.733766233766,8.27847286539995,60,3
425.141891891892,223.898648648649,3.48203774233732,34,3
427.604026845638,224.073825503356,-3.66686261623092,51,3
429.244897959184,224.006802721088,-8.43566926226616,36,3
432.082191780822,224.349315068493,-12.2508979005154,55,3
434.587096774194,224.664516129032,-4.31050606396048,57,3
435.947368421053,224.644736842105,-1.15704783006267,35,3
439.545454545455,224.643356643357,6.24747023230614,71,3
440.183544303797,224.76582278481,7.61505376050501,25,3
442.779220779221,224.545454545455,1.77225604330178,56,3
445.738562091503,224.496732026144,-12.6694888379582,65,3
446.535947712418,224.366013071895,-10.2262366278802,32,3
447.867924528302,224.704402515723,-11.2819877993227,56,3
448.456647398844,224.664739884393,-9.70422972467599,28,3
451.29696969697,225.272727272727,-11.7864912672021,64,3
453.564705882353,225.494117647059,-9.94096738777005,55,3
454.79012345679,225.722222222222,-9.08816371275902,36,3
457.490322580645,226,-5.48323843892439,65,3
459.091503267974,226.058823529412,-5.50890384329107,36,3
462.262068965517,226.558620689655,-5.34771244563513,72,3
464.972972972973,226.797297297297,-15.2691966421284,65,3
466.241134751773,227.148936170213,-21.7328820653607,41,3
468.666666666667,227.866666666667,-30.259904737966,64,3
469.303448275862,227.944827586207,-28.8587718686349,32,3
471.461038961039,228.616883116883,-24.9591448287388,59,3
474.376712328767,229.719178082192,-17.3293829681078,66,3
475.598684210526,230.032894736842,-14.6888787407673,34,3
478.210884353742,231.176870748299,-12.8647887867737,63,3
479.868055555556,231.430555555556,-12.6685846971576,37,3
482.84,232.02,-15.9937840887428,58,3
485.806666666667,232.766666666667,-26.0828587320607,62,3
486.333333333333,233.012820512821,-25.2754993154924,30,3
489.032051282051,233.967948717949,-26.4888096792133,62,3
490.1375,234.4,-25.2552315934389,30,3
492.993506493507,235.649350649351,-19.6090851972366,58,3
495.647798742138,236.496855345912,-16.5248255334069,59,3
497.240740740741,237.234567901235,-14.9608984317385,45,3
500.401234567901,238.271604938272,-19.7869229316357,64,3
502.053333333333,239.013333333333,-21.967363544485,40,3
504.820689655172,239.986206896552,-32.1088176743702,69,3
507.258278145695,241.145695364238,-36.5476961573574,68,3
508.625806451613,241.754838709677,-30.8949558694355,38,3
510.70987654321,242.895061728395,-27.9290127712267,55,3
511.593939393939,243.151515151515,-24.3132999008769,31,3
514.166666666667,244.190476190476,-19.8584526335012,63,3
516.96875,245.26875,-20.2267728314894,68,3
518.466666666667,245.84,-23.671448353197,40,3
520.694444444444,246.784722222222,-29.9836408912797,52,3
522.393103448276,247.8,-39.589234111244,47,3
524.48322147651,249.120805369128,-40.5732493082435,64,3
526.251533742331,249.981595092025,-36.5672042385789,58,3
527.049689440994,250.347826086957,-33.4396727941414,38,3
529.668539325843,252.033707865169,-31.900628259844,55,3
530.872832369942,252.670520231214,-29.8485591897097,39,3
533.756097560976,254.310975609756,-28.3127172761604,71,3
536.350993377483,255.761589403974,-33.6986465982349,63,3
537.493333333333,256.62,-39.6184399386133,35,3
539.63698630137,257.917808219178,-43.3349663670238,56,3
540.448051948052,258.753246753247,-47.1871209781455,42,3
541.94375,259.8125,-45.2617265585629,40,3
544.086956521739,261.670807453416,-41.7507064398228,55,3
545.061728395062,262.302469135802,-37.8091194641006,27,3
547.756097560976,264.274390243902,-31.3184990695778,64,3
548.763636363636,264.927272727273,-31.1237615440911,29,3
550.79746835443,266.272151898734,-37.0265902011843,53,3
552.97385620915,267.830065359477,-43.9830302029098,57,3
554.322580645161,268.696774193548,-46.7094422334243,40,3
555.878378378378,269.986486486487,-46.1729269564003,47,3
557.210526315789,271.164473684211,-48.7249360643704,36,3
558.746753246753,272.512987012987,-42.3537633317485,38,3
560.577639751553,273.931677018634,-38.2803436413004,51,3
561.709677419355,274.787096774194,-32.6640326092744,26,3
563.771604938272,276.320987654321,-30.969729055512,55,3
564.939024390244,277.30487804878,-33.5503970785634,38,3
567.415584415584,278.922077922078,-40.915642884684,64,3
569.218543046358,280.562913907285,-46.1063558683097,59,3
570.375796178344,281.267515923567,-46.8629927285066,32,3
572.128048780488,282.853658536585,-49.1075651026012,57,3
573.197530864198,283.469135802469,-46.1547675804514,32,3
575.025316455696,285.025316455696,-40.2438557713246,52,3
576.748502994012,286.335329341317,-38.3486082981659,47,3
577.866242038217,287.171974522293,-35.2036110470576,36,3
580.387755102041,289.054421768707,-38.6870561660539,64,3
581.401315789474,289.828947368421,-45.3311234342528,33,3
583.190476190476,291.340136054422,-53.3304153826564,51,3
584.61935483871,292.651612903226,-55.040233833495,54,3
585.307189542484,293.169934640523,-53.1433213155757,28,3
587.048192771084,294.969879518072,-51.2981748728677,53,3
587.936708860759,295.917721518987,-49.6949948283402,30,3
589.678787878788,297.563636363636,-43.7076555718205,53,3
591.609271523179,299.384105960265,-40.5105850013574,60,3
592.89928057554,300.446043165468,-37.5188283961879,32,3
594.387323943662,301.732394366197,-44.6247555629208,43,3
595.496732026144,302.993464052288,-51.4311296035927,33,3
597.073825503356,304.664429530201,-60.2460651494176,46,3
598.541401273885,306.566878980892,-61.24178623673,48,3
599.103225806452,307.251612903226,-58.6928180979631,22,3
600.623376623377,309.194805194805,-56.469275348088,59,3
601.100628930818,309.96855345912,-53.9762840695485,23,3
602.535483870968,311.677419354839,-47.8282624959059,44,3
603.918238993711,313.352201257862,-44.9904737015979,44,3
605.020689655172,314.365517241379,-40.2758955667089,34,3
606.256578947368,315.855263157895,-44.5839438788254,41,3
606.863354037267,316.590062111801,-46.9594489179288,37,3
608.554140127389,318.700636942675,-55.0404813282786,54,3
609.754601226994,320.006134969325,-57.3027562090863,46,3
610.81875,320.93125,-57.6619669959732,29,3
612.051612903226,322.696774193548,-57.9888710433821,49,3
612.452830188679,322.729559748428,-57.1338638017652,18,3
614.01935483871,324.929032258065,-52.3039592694547,50,3
615.541666666667,326.951388888889,-49.8231973284709,53,3
616.077464788732,327.43661971831,-49.9142363461392,24,3
617.795454545455,329.55303030303,-53.7208033797204,54,3
618.597014925373,330.805970149254,-60.7252469704007,36,3
619.671328671329,332.517482517483,-66.3029381961726,41,3
620.666666666667,333.816993464052,-67.4785243994042,44,3
621.253246753247,334.863636363636,-66.8224486559138,23,3
622.274390243902,336.25,-62.7241852663792,42,3
622.79746835443,337.126582278481,-60.6117942195416,24,3
623.766871165644,338.760736196319,-55.6219125212752,43,3
624.974683544304,340.639240506329,-54.1564474374156,47,3
625.243421052632,341.098684210526,-53.7265730315551,20,3
626.509933774834,342.894039735099,-56.1691191847612,45,3
627.101265822785,343.981012658228,-60.1834055890769,27,3
628.266666666667,345.94,-67.7387793151247,50,3
629.393333333333,347.54,-70.6246308081943,42,3
629.723684210526,348.243421052632,-69.3874616169463,26,3
630.765100671141,350.302013422819,-67.1793015964541,45,3
631.127388535032,350.649681528662,-65.4520856176387,22,3
632.032679738562,352.241830065359,-59.0549790727029,42,3
632.770700636943,353.700636942675,-56.6703674903617,32,3
633.224358974359,354.416666666667,-56.3768355940175,27,3
634.260273972603,356.205479452055,-55.6519377744822,44,3
635.160583941606,357.343065693431,-57.7072885195678,29,3
636.515625,359.484375,-64.6556863854727,51,3
637.171641791045,360.589552238806,-67.2569220717825,36,3
637.752,361.36,-66.7883012970108,21,3
638.769230769231,363.192307692308,-66.7675192287188,37,3
639.173228346457,364.141732283465,-64.2590939341612,19,3
640.022900763359,365.580152671756,-59.8640295192832,32,3
641,366.94776119403,-54.6860278146475,45,3
641.606557377049,367.770491803279,-50.7207852174858,24,3
642.877049180328,369.704918032787,-50.381772948322,42,3
643.471544715447,370.764227642276,-52.0483294116903,23,3
644.520325203252,372.243902439024,-55.2486052685008,32,3
646.151260504202,374.252100840336,-63.7689052259837,48,3
646.764227642276,375.260162601626,-65.0319340930317,22,3
647.708333333333,376.408333333333,-61.316768688145,33,3
648.174603174603,377.214285714286,-61.2173486645322,20,3
649.024193548387,378.5,-59.4953587128355,32,3
649.541984732824,380.045801526718,-62.6347981134277,29,3
649.846153846154,380.976923076923,-63.3954559229956,21,3
650.177419354839,381.951612903226,-64.9658858977145,20,3
650.385826771654,382.88188976378,-68.0988582464946,19,3
650.425196850394,384.133858267717,-76.0571047512431,26,3
650.64,385.72,-86.2586906910495,34,3
650.755905511811,386.488188976378,89.6756900004034,20,3
650.676923076923,387.369230769231,86.5508835130821,23,3
650.748091603053,387.923664122137,84.8472673887028,17,3
650.404411764706,388.816176470588,80.407444238885,25,3
650.031496062992,390,79.2765887816668,29,3
649.838461538462,390.507692307692,78.0161909941109,13,3
649.5859375,391.2578125,75.7744054074893,20,3
649.3046875,391.9140625,74.3741051241343,14,3
648.983870967742,392.91935483871,73.0841907340995,20,3
648.480620155039,393.457364341085,71.0979903014678,19,3
648.3359375,393.71875,69.5928987962625,13,3
647.81746031746,394.095238095238,65.0311666758608,22,3
647.496,394.712,62.5113562123918,19,3
NaN,NaN,NaN,125,3
412.251572327044,237.949685534591,59.8911517952049,NaN,4
412.259493670886,237.803797468354,59.781325767518,5,4
412.335483870968,237.722580645161,59.6404341349119,5,4
412.23417721519,237.639240506329,59.3226567768068,9,4
412.292993630573,237.662420382166,59.4483621460291,3,4
412.208860759494,237.740506329114,59.3118567573363,5,4
412.158227848101,237.79746835443,59.4646213571472,4,4
412.25,237.551282051282,59.0882327095566,6,4
412.272727272727,237.441558441558,59.3626987300893,6,4
412.376623376623,237.37012987013,59.4007625165388,8,4
412.461038961039,237.279220779221,60.0705358620815,12,4
412.490196078431,237.241830065359,59.7699652759786,13,4
413.245283018868,236.704402515723,60.0281567963582,58,4
413.406451612903,235.683870967742,41.5459892661536,56,4
413.222222222222,235.845679012346,23.2125834926689,27,4
414.730538922156,235.317365269461,-11.2657370515634,85,4
415.642424242424,235.315151515152,-12.0763425229282,46,4
418.95625,235.74375,-2.37997931394697,77,4
422.923976608187,235.543859649123,16.1677800044307,93,4
425.657142857143,235.051428571429,14.2927604622459,60,4
429.926829268293,234.682926829268,0.0343567774091543,101,4
432.305882352941,234.835294117647,-9.22858120785969,62,4
436.722222222222,235.518518518519,-11.0912343405869,112,4
441.136904761905,236.047619047619,1.98711673730114,96,4
443.376543209877,236.166666666667,7.47317751383599,54,4
447.526627218935,236.183431952663,3.99786540228386,91,4
449.612121212121,236.175757575758,0.879419587512195,48,4
453.656441717791,236.858895705521,-13.4137501568144,90,4
457.46875,237.475,-18.9658464558701,85,4
459.37106918239,238.012578616352,-14.5497023787245,39,4
463.331081081081,238.898648648649,-5.46531745778605,81,4
464.703947368421,239.184210526316,-2.99052360000845,38,4
468.054054054054,239.486486486486,-3.49498037778204,72,4
470.639751552795,239.83850931677,-12.8297035723764,59,4
472.263803680982,239.98773006135,-20.2407195017783,40,4
475.348101265823,241.132911392405,-22.7845534862077,69,4
476.450617283951,241.413580246914,-20.4811844973915,32,4
479.238993710692,242.169811320755,-13.3049692219911,59,4
481.739393939394,242.781818181818,-7.32790624816977,64,4
483.256097560976,242.939024390244,-5.19883308192364,35,4
486.516556291391,243.46357615894,-12.9190388365876,71,4
487.549019607843,243.601307189542,-14.0357919261127,28,4
490.174193548387,244.141935483871,-28.0575190217899,64,4
492.503184713376,245.076433121019,-29.9964565872736,58,4
494.368421052632,245.828947368421,-26.6748817442288,37,4
496.071856287425,246.443113772455,-20.4086048652811,45,4
497.530864197531,246.87037037037,-15.657593750523,33,4
500.079754601227,247.61963190184,-12.3212115477158,67,4
503.3625,248.3125,-19.5316662361519,71,4
504.654088050314,248.798742138365,-22.9517168429983,37,4
507.335526315789,250.190789473684,-34.0203632940693,77,4
508.738853503185,250.757961783439,-38.8670816267811,37,4
511.442424242424,252.218181818182,-33.5602857625182,62,4
514.15625,253.45625,-22.9777926333753,69,4
515.575,253.875,-17.5338852235395,44,4
518.823899371069,255.213836477987,-18.3448362530548,77,4
520.66875,255.9625,-29.5139152523559,43,4
523.449704142012,257.094674556213,-41.152099569297,77,4
526.571428571429,259.062111801242,-47.1814797934954,90,4
528,260.132911392405,-39.7169417446768,41,4
530.421686746988,261.66265060241,-33.3992643726373,68,4
531.768292682927,262.579268292683,-27.5308763316243,44,4
534.683544303797,264.069620253165,-23.0266859465831,78,4
538.506756756757,266.006756756757,-31.1574970041484,82,4
539.77397260274,266.397260273973,-37.6658226668645,30,4
542.166666666667,268.126666666667,-43.6095844733761,64,4
543.815789473684,269.625,-49.1389446770747,46,4
546.36,271.746666666667,-42.3204639432944,66,4
548.46875,273.3,-32.9862390002992,64,4
549.602564102564,274.166666666667,-31.1203288647872,40,4
552.768707482993,275.918367346939,-33.6605487004429,69,4
553.689873417722,276.829113924051,-36.73087885882,37,4
556.044025157233,278.704402515723,-51.5630729696589,73,4
558.415094339623,281,-55.876181297337,72,4
559.41935483871,281.916129032258,-51.3418206503222,32,4
561.583333333333,284.121794871795,-43.6916799550419,73,4
562.220858895706,284.760736196319,-40.2247947195543,31,4
564.641975308642,286.746913580247,-35.3498011437231,71,4
567.21768707483,288.986394557823,-39.6398668347506,69,4
567.828947368421,289.644736842105,-41.095841902959,25,4
569.677852348993,291.44966442953,-53.3719625385259,63,4
570.853503184713,293.012738853503,-57.4510776551367,48,4
572.874213836478,295.037735849057,-54.4149577903299,62,4
574.62874251497,296.844311377246,-44.8870521452388,58,4
575.254658385093,297.590062111801,-42.2899287263272,36,4
577.745098039216,299.986928104575,-38.4778794205182,68,4
578.875816993464,301.111111111111,-42.6428993358382,42,4
580.5,303.305194805195,-54.8310324472632,57,4
582.290322580645,305.593548387097,-66.3956562922926,59,4
583.064516129032,306.593548387097,-64.4409178241365,32,4
585.019867549669,309.225165562914,-61.2240932952609,66,4
585.612903225806,310.316129032258,-57.3721420474767,30,4
586.805031446541,312.132075471698,-49.2093466705403,58,4
588.918238993711,314.811320754717,-49.0346181463335,70,4
589.6,315.753333333333,-50.8655751040833,31,4
591.078947368421,318.151315789474,-62.3240386866313,64,4
591.654320987654,318.820987654321,-65.9975976968359,38,4
593.310975609756,321.634146341463,-72.7798543239236,70,4
594.77358490566,323.987421383648,-68.3658074109173,59,4
595.391304347826,325.006211180124,-61.3607856797932,34,4
596.77358490566,327.408805031447,-53.7359593621841,62,4
597.586826347305,328.51497005988,-54.1678370713472,44,4
599.309210526316,331.144736842105,-57.6947859327018,71,4
600.913580246914,333.882716049383,-75.9653151978136,70,4
601.461538461538,334.628205128205,-78.4954940027623,34,4
602.632530120482,337.192771084337,-78.9419403155194,68,4
603.260355029586,338.461538461538,-78.6179653658266,39,4
604.322784810127,340.873417721519,-71.6670772196594,63,4
605.178571428571,343.047619047619,-63.1699136795744,60,4
605.761006289308,344.25786163522,-61.9082971851783,39,4
607.101910828025,346.490445859873,-62.2097662467118,62,4
608,348.157575757576,-69.2818468263885,48,4
609.053892215569,350.574850299401,-78.1354599519325,66,4
610.29696969697,353.012121212121,-81.9701480541292,70,4
610.683229813665,354.018633540373,-81.7552218025527,36,4
611.473053892216,356.065868263473,-77.003597096022,58,4
612.011627906977,357.116279069767,-73.5132490038835,39,4
612.690909090909,359.290909090909,-66.11052726215,65,4
613.715151515152,361.30303030303,-63.5656490334511,62,4
614.341935483871,362.6,-64.7515997205089,38,4
615.438709677419,364.754838709677,-72.4718497573692,60,4
615.845161290323,366.135483870968,-75.6402017197543,44,4
616.832258064516,368.21935483871,-83.8511634929401,58,4
617.475903614458,370.518072289157,-85.2385947875625,51,4
617.806060606061,371.618181818182,-82.7007948298479,35,4
618.5625,373.66875,-79.1661506927037,55,4
618.849397590361,374.734939759036,-76.1232551315248,36,4
619.546012269939,376.907975460123,-73.3082795372545,55,4
620.28025477707,379.229299363057,-73.1888291476188,60,4
620.436241610738,380.147651006711,-74.4367638097104,30,4
621.059602649007,382.304635761589,-80.5605528771991,54,4
621.198757763975,383.751552795031,-88.1376937000065,38,4
621.803921568627,385.464052287582,87.2395342187101,44,4
622.206896551724,387.241379310345,-89.3819441660809,50,4
622.331081081081,388.135135135135,-86.8296894047823,23,4
622.755555555556,390.42962962963,-80.0399836747813,49,4
622.962962962963,391.474074074074,-76.9263459046007,28,4
623.323529411765,393.051470588235,-75.1483828108972,41,4
623.788617886179,395.382113821138,-73.7287867663413,45,4
624.008130081301,396.317073170732,-73.5622698575566,22,4
624.488188976378,397.196850393701,-74.9229742933975,32,4
624.523076923077,397.215384615385,-74.2014781825856,15,4
625,397.7109375,-79.6995224095587,26,4
625.542635658915,397.751937984496,-78.8343127553302,29,4
625.564885496183,397.374045801527,-77.7603652174375,14,4
626.075757575758,397.371212121212,-75.2163460050718,25,4
626.222222222222,397.119047619048,-74.1280414804005,16,4
626.700787401575,397.362204724409,-71.8520836792883,27,4
626.96,397.736,-70.2988137086581,24,4
627.153225806452,397.540322580645,-69.2138093565178,15,4
627.55737704918,398.024590163934,-66.8666908463057,26,4
627.694214876033,398.115702479339,-66.294466277647,11,4
627.734375,398,-65.9613162768101,15,4
628.220338983051,398.686440677966,-67.3384499715072,18,4
628.151260504202,398.470588235294,-67.4968492877407,5,4
628.142857142857,398.336134453782,-67.1916727354818,6,4
628.283333333333,398.416666666667,-68.1948292679031,5,4
628.346774193548,398.346774193548,-69.5666881775022,10,4
628.282258064516,398.209677419355,-69.0228613244327,4,4
628.421487603306,398.338842975207,-69.8899587549746,3,4
628.566666666667,398.425,-69.8254527088302,9,4
