388.04347826087,263.591304347826,-64.171763165806,NaN,1
388.04347826087,263.417391304348,-63.908459709673,4,1
387.982456140351,263.298245614035,-63.515643840933,7,1
388.068376068376,263.324786324786,-63.5053317564771,5,1
388.080357142857,263.508928571429,-63.0822910060134,5,1
388.087719298246,263.578947368421,-63.4027452793239,4,1
388.107142857143,263.4375,-63.5802820815693,8,1
388.097345132743,263.566371681416,-64.2894075026453,5,1
388.078947368421,263.5,-64.791174571711,3,1
388.01724137931,263.25,-63.650942325494,6,1
387.974789915966,263.100840336134,-63.3678202927645,13,1
388.368852459016,263.631147540984,-51.4337414587818,43,1
388.465648854962,263.229007633588,-37.042750989677,33,1
388.394366197183,263.105633802817,-15.8764257831381,55,1
391.409722222222,263.520833333333,-13.5712439677159,88,1
392.967479674797,263.756097560976,-19.5638425021645,39,1
395.732824427481,265.053435114504,-56.4875046528742,98,1
397.187969924812,266.654135338346,-62.1893427818179,46,1
399.121428571429,269.814285714286,-53.5299985416671,79,1
401.021582733813,272.884892086331,-42.320165227925,77,1
402.527559055118,274.141732283465,-43.5450120991867,42,1
405.5546875,277.4765625,-49.6956395970323,83,1
406.748031496063,278.527559055118,-50.0159440967901,43,1
409.27868852459,281.319672131148,-41.2271250962921,71,1
411.877192982456,283.789473684211,-37.6777166080872,68,1
413.309090909091,284.963636363636,-41.6405732487689,36,1
415.913043478261,287.034782608696,-43.845474296256,61,1
417.191304347826,288.113043478261,-40.5771273089752,30,1
418.917293233083,289.052631578947,-23.991806256508,50,1
421.842519685039,290.535433070866,-8.76358650719907,74,1
423.414634146341,290.80487804878,-10.4778192016622,28,1
426.335820895522,291.738805970149,-17.9181448947469,63,1
427.591240875912,291.92700729927,-20.1665613980245,31,1
430.583333333333,292.712121212121,1.96176464650257,59,1
434.153284671533,293.306569343066,10.705668547526,79,1
436.537313432836,293.037313432836,0.860508196717948,49,1
440.022222222222,292.785185185185,-10.9853663480044,73,1
442.166666666667,293.027777777778,-12.5502359681503,45,1
446.507246376812,293.442028985507,3.74725311681297,84,1
451.085271317829,293.186046511628,6.24296176328837,81,1
452.833333333333,292.753623188406,0.929543763661659,41,1
456.2,292.068965517241,-7.76335832307455,77,1
458.028169014084,292.161971830986,-3.46158775750047,39,1
461.475524475524,291.916083916084,9.24472058190352,67,1
465.36641221374,291.24427480916,7.55757337172326,74,1
467.082089552239,290.753731343284,3.34210995855404,37,1
469.690647482014,289.992805755396,5.56091363191781,55,1
471.049645390071,289.751773049645,7.13924195365579,32,1
474.946564885496,289.18320610687,21.8213898035959,82,1
478.30612244898,287.897959183673,9.59656346389206,72,1
480.746478873239,287.302816901408,4.82238165272747,49,1
484.571428571429,286.278571428571,14.2337747250985,86,1
486.751773049645,285.943262411348,22.281961634275,39,1
490.63768115942,284.710144927536,16.670026974167,79,1
495.137254901961,283.307189542484,2.33660249334366,87,1
497.31914893617,283.241134751773,7.79184445801367,44,1
501.948529411765,282.220588235294,17.6507296468883,95,1
504.06015037594,281.812030075188,19.360869992436,43,1
508.561151079137,280.410071942446,9.3402183445016,86,1
512.507462686567,279.223880597015,26.1340149686732,83,1
514.646153846154,278.315384615385,27.3098770866903,44,1
519.517985611511,275.827338129496,20.7120879425716,97,1
521.078947368421,274.934210526316,14.3467628344503,43,1
524.993150684931,273.308219178082,20.7017846965745,84,1
530.067669172932,271.172932330827,36.3490870313986,105,1
532.436507936508,269.674603174603,25.395463773007,49,1
536.556390977444,267.691729323308,17.6870501415679,85,1
538.304964539007,266.567375886525,19.895105198915,44,1
542.7,264.646153846154,36.8579327124239,93,1
546.698529411765,262.352941176471,28.5195220934873,84,1
548.840909090909,261.371212121212,18.5642170639964,40,1
551.992248062016,259.875968992248,21.3719358488192,75,1
554.627737226277,258.496350364964,35.3898949250709,60,1
558.992805755396,255.856115107914,36.9354263599701,96,1
562.401315789474,253.618421052632,24.1371033224277,83,1
564.678571428571,252.471428571429,23.7261907824952,48,1
568.028985507246,250.775362318841,30.3433375434972,80,1
570.654676258993,249.302158273381,42.2600476150622,61,1
574.398601398601,246.769230769231,28.48970264661,88,1
578.034722222222,244.805555555556,25.7302366297591,77,1
579.942446043165,243.805755395683,32.0065516643399,45,1
584.035714285714,241.464285714286,35.9649773063134,89,1
585.929078014184,240.539007092199,35.2549977254283,41,1
589.791666666667,238.090277777778,26.4935136545432,85,1
593.668965517241,235.868965517241,41.3356106793122,89,1
595.022727272727,234.840909090909,37.5228107418666,45,1
599.560606060606,230.886363636364,30.1013999628609,106,1
600.777777777778,230.208333333333,29.5038389402691,38,1
604.557142857143,227.764285714286,33.3670163641814,82,1
608.221374045802,225.129770992366,46.7164054058374,87,1
610.014814814815,223.585185185185,41.4765733023973,44,1
613.328244274809,220.847328244275,32.1891107939452,80,1
614.340425531915,219.744680851064,35.2639022219149,44,1
617.385714285714,217.35,46.1118555204045,77,1
620.573529411765,214.544117647059,48.3662238776811,84,1
622.15873015873,213,36.8091690408996,48,1
624.872,210.672,38.0616313988387,65,1
626.253968253968,209.253968253968,47.8959910633936,41,1
628.96,206.92,55.2852502329896,69,1
631.142857142857,204.368421052632,46.1901820614251,62,1
632.556451612903,202.782258064516,38.4358829069321,45,1
635.196721311475,200.713114754098,41.5776648249477,62,1
636.18045112782,199.488721804511,49.7698570728797,35,1
638.896825396825,196.904761904762,49.2214046456294,73,1
640.835820895522,194.835820895522,40.5013630786789,62,1
642.031746031746,193.507936507937,39.3252572190482,34,1
644.082706766917,191.466165413534,45.0127473616585,55,1
645.439393939394,190.393939393939,51.1704150521827,37,1
647.560606060606,188.212121212121,38.8872139871298,62,1
650.132352941176,185.867647058824,37.4003474870636,66,1
651.841666666667,184.758333333333,40.937477110992,42,1
654.813008130081,182.008130081301,46.9428291607015,77,1
656.015748031496,181.086614173228,46.103361357346,30,1
658.76,178.44,31.7025445649415,76,1
661.465648854962,176.267175572519,43.7935471601907,68,1
662.817518248175,175.138686131387,42.7095313035369,40,1
666.165467625899,172.446043165468,34.1768751339679,86,1
667.727272727273,171.260606060606,30.6502004455019,52,1
669.142857142857,169.354285714286,38.5990547531096,62,1
670.167539267016,167.544502617801,68.3428426468855,68,1
670.572164948454,166.29381443299,71.7459909281522,39,1
670.963541666667,163.989583333333,84.0383610301869,68,1
670.741293532338,162.935323383085,78.5542980560915,47,1
671.057291666667,160.28125,85.8179271770299,73,1
670.973404255319,159.06914893617,85.1624724927651,52,1
671.247311827957,157.784946236559,-88.6867231121169,44,1
671.704918032787,156.672131147541,-76.6020540564233,45,1
671.486910994764,155.921465968586,-82.4553634518899,32,1
671.178770949721,154.279329608939,-87.0485122567834,50,1
671.254237288136,153.045197740113,87.0341616533812,42,1
NaN,NaN,NaN,177,1
407.06993006993,234.965034965035,-40.676246011405,NaN,2
406.993055555556,234.805555555556,-40.04544334373,5,2
407.215277777778,234.819444444444,-39.4388843260222,8,2
407.270833333333,234.895833333333,-39.1203267032242,4,2
407.141843971631,234.68085106383,-39.1562624796874,5,2
407.329411764706,235.641176470588,-44.8566822013807,29,2
407.285714285714,235.525714285714,-42.1019248395133,23,2
407.375,234.85119047619,-34.0265587870536,51,2
407.668571428571,235.091428571429,-28.7985508062115,31,2
408.005319148936,235.106382978723,-9.60915033022091,67,2
406.625850340136,233.08843537415,-85.0068484265974,87,2
406.389705882353,231.566176470588,-69.9730258070576,41,2
405.359712230216,228.827338129496,-42.8764889271536,73,2
404.467532467532,227.194805194805,-51.7622891504699,47,2
402.304964539007,223.744680851064,-78.7726847934295,91,2
400.857142857143,219.457142857143,-80.3804769364013,95,2
400.209677419355,217.362903225806,-63.7147778302792,40,2
397.867256637168,212.725663716814,-49.1524993860015,101,2
396.893129770992,210.213740458015,-64.7361728618344,52,2
395.016806722689,205.46218487395,-82.8087121519058,96,2
393.135338345865,201.052631578947,-64.7611418033299,90,2
392.052173913043,198.852173913043,-49.7994515342709,44,2
388.991228070175,194.385964912281,-61.3164031590336,101,2
387.72131147541,191.852459016393,-71.7910214695156,52,2
385.420634920635,187.388888888889,-60.0296547851561,90,2
382.720588235294,183.602941176471,-48.7652379799142,90,2
380.930434782609,181.608695652174,-50.8815603085716,51,2
378.491228070175,177.508771929825,-62.5578692461435,93,2
376.975609756098,174.764227642276,-62.4079413783912,59,2
374.528571428571,171.071428571429,-46.0852198850112,85,2
371.340909090909,167.348484848485,-45.3680769749175,96,2
369.634782608696,165.530434782609,-49.4363724747672,47,2
366.470588235294,161.260504201681,-51.536778361601,94,2
365.128787878788,159.689393939394,-46.342836280037,45,2
361.946153846154,156.4,-44.6451987006263,84,2
358.41935483871,152.637096774194,-62.4095090540284,94,2
357.19298245614,151.140350877193,-53.2492396780556,38,2
354.099173553719,147.289256198347,-43.683249757574,87,2
352.6796875,145.71875,-42.1892779449008,41,2
349.428571428571,142.269841269841,-55.2632228831881,84,2
346.546875,138.453125,-58.7455996485483,88,2
345.223140495868,136.727272727273,-47.2949029283945,37,2
341.778761061947,133.070796460177,-38.2702139487136,90,2
340.870229007634,131.748091603053,-46.0531032078414,38,2
337.666666666667,128.285714285714,-58.5995372994605,87,2
334.922480620155,124.837209302326,-43.2088214296837,81,2
333.504347826087,123.791304347826,-30.1971467093085,34,2
329.932773109244,121.033613445378,-38.4829505425794,84,2
328.090909090909,119.424242424242,-52.266953218841,47,2
325.038461538462,116.515384615385,-52.0865004294961,78,2
321.924242424242,113.477272727273,-38.3853745255573,82,2
320.181034482759,112.284482758621,-32.5299304169829,36,2
317.147540983607,109.581967213115,-46.8839342358564,84,2
315.346456692913,107.732283464567,-54.9465613350396,49,2
312.266129032258,104.540322580645,-40.6452741813391,75,2
308.96062992126,101.763779527559,-34.7393775336919,81,2
307.495726495727,100.709401709402,-36.8247792024241,36,2
303.537190082645,97.0661157024793,-45.8210345433533,92,2
302.029197080292,94.9197080291971,-54.9393018188093,52,2
299.777173913043,91.8423913043478,-45.6551321355977,101,2
297.397849462366,90.0161290322581,-38.2108564751205,86,2
295.908602150538,89.0215053763441,-31.0610624991858,52,2
294.585365853659,87.8341463414634,-12.4619660157196,75,2
NaN,NaN,NaN,205,2
NaN,NaN,NaN,0,2
NaN,NaN,NaN,0,2
NaN,NaN,NaN,0,2
NaN,NaN,NaN,0,2
NaN,NaN,NaN,0,2
NaN,NaN,NaN,0,2
NaN,NaN,NaN,0,2
NaN,NaN,NaN,0,2
NaN,NaN,NaN,0,2
NaN,NaN,NaN,0,2
NaN,NaN,NaN,0,2
NaN,NaN,NaN,0,2
NaN,NaN,NaN,0,2
NaN,NaN,NaN,0,2
NaN,NaN,NaN,0,2
NaN,NaN,NaN,0,2
NaN,NaN,NaN,0,2
NaN,NaN,NaN,0,2
NaN,NaN,NaN,0,2
NaN,NaN,NaN,0,2
NaN,NaN,NaN,0,2
NaN,NaN,NaN,0,2
395.593495934959,253.252032520325,-67.3909786999847,NaN,3
395.598360655738,253.147540983607,-67.3826038949108,7,3
395.768595041322,253.479338842975,-67.9763478682297,7,3
395.704918032787,253.213114754098,-67.7345879899056,5,3
395.833333333333,253.071428571429,-68.75098915335,14,3
395.859375,253.1875,-69.5488946455597,8,3
395.559701492537,253.067164179104,-60.2759916876447,52,3
394.613138686131,252.642335766423,5.34184122480797,75,3
394.11724137931,252.565517241379,4.29924647356158,18,3
395.783582089552,252.05223880597,7.49701512850226,69,3
397.7421875,251.7265625,8.72357897041037,40,3
400.365079365079,251.396825396825,-15.1316034987411,60,3
403.845528455285,253.227642276423,-52.6869946199323,85,3
405.162790697674,254.294573643411,-40.7703000872639,42,3
407.72602739726,256.493150684931,-31.7017187785409,75,3
408.969696969697,257.6,-33.5058146045908,43,3
412.131944444444,260.895833333333,-55.9433704447142,101,3
414.846715328467,265.109489051095,-61.1037478683452,101,3
416.008547008547,267.418803418803,-44.2269476645537,42,3
418.607142857143,271.142857142857,-46.1348741520004,85,3
419.811023622047,273.771653543307,-64.6472632285975,53,3
421.483333333333,278.283333333333,-75.4103147490915,91,3
423.18045112782,282.864661654135,-63.0760123197919,87,3
423.771929824561,284.649122807018,-60.1843552148399,39,3
424.981481481481,288.657407407407,-81.4899644866726,80,3
425.129032258065,292.145161290323,83.4794330036556,62,3
425.120967741935,296.895161290323,-87.2751595189424,84,3
425.032520325203,301.60162601626,-87.3378205808456,89,3
425.026315789474,302.929824561404,79.287177839959,29,3
423.918181818182,307.236363636364,60.7398286626025,84,3
423.161538461538,309.807692307692,69.897336781414,50,3
422.024390243902,314.219512195122,83.1574327897774,85,3
420.703125,318.1015625,72.9252603997276,75,3
420.086956521739,320.295652173913,62.6986300495073,41,3
418.408333333333,323.975,65.7260940759095,79,3
417.688,326.304,74.1722424236234,47,3
416.483606557377,330.467213114754,76.9158401965052,77,3
414.945736434109,334.31007751938,59.0464040346366,75,3
414.275,335.841666666667,55.440480512943,35,3
412.8,338.912,61.1625048842713,71,3
411.790322580645,341.016129032258,67.6775243699604,43,3
409.983333333333,344.575,58.2230186397086,70,3
408.1796875,347.7421875,50.785226258441,70,3
407.42735042735,348.709401709402,51.7865114816466,23,3
405.327868852459,352.024590163934,62.2094570037277,73,3
404.084033613445,354.033613445378,65.7335674150117,41,3
402.144,356.8,51.9839743227031,64,3
399.674603174603,359.547619047619,51.9781404851963,67,3
398.731092436975,360.394957983193,54.7348701298212,29,3
395.974789915966,364.310924369748,57.6659411740244,86,3
394.991803278689,365.680327868852,54.7238914803138,35,3
392.936507936508,368.079365079365,47.6255393157733,64,3
390.40157480315,370.968503937008,57.7057004541925,71,3
389.487804878049,371.926829268293,57.6462299726388,32,3
386.836363636364,375.572727272727,48.7257958143556,75,3
385.563025210084,377.18487394958,42.049629277322,39,3
383.9375,378.9453125,40.4982391991033,55,3
381,381.675213675214,53.7297562777655,71,3
379.472727272727,383.290909090909,48.8023723840102,35,3
377.241379310345,385.48275862069,37.2104580246258,64,3
376.265625,386.453125,38.0177709387398,30,3
373.637096774194,388.612903225806,51.6477552267024,62,3
371.139130434783,391.130434782609,51.5908016571746,69,3
369.890756302521,392.361344537815,45.3619714675637,34,3
367.834782608696,394.04347826087,31.1214467426989,54,3
366.846153846154,395.192307692308,37.0196547341918,33,3
364.225563909774,397.135338345865,51.0442922444767,65,3
362.015267175573,398.900763358779,42.8156951098422,60,3
360.809160305344,399.534351145038,31.1064620930304,34,3
357.898550724638,399.942028985507,17.6856981325654,65,3
356.914893617021,399.801418439716,19.414812734287,29,3
354.628378378378,399.540540540541,24.8344599679761,67,3
352.181818181818,399.916083916084,10.8999539394415,59,3
350.470149253731,400.440298507463,1.91738014856934,39,3
348.074074074074,400.148148148148,7.02388405228228,67,3
346.53488372093,400.054263565891,18.5650477741132,30,3
344.9,400.307142857143,11.3404330258576,51,3
341.451612903226,400.741935483871,-6.39006400127062,64,3
340.484126984127,400.706349206349,-4.32700212518637,28,3
NaN,NaN,NaN,126,3
404.518248175182,246.408759124088,23.2568845227676,NaN,4
404.263157894737,246.533834586466,22.8322834904416,6,4
404.291044776119,246.514925373134,22.7487415915685,5,4
404.113636363636,246.575757575758,22.790855817136,4,4
404.234848484848,246.5,23.535590763693,4,4
404.325925925926,246.451851851852,24.2813979039477,5,4
404.36496350365,246.459854014599,23.0886304222367,6,4
404.264705882353,246.507352941176,22.7283962603409,7,4
404.48905109489,246.445255474453,23.3744798199871,11,4
404.581560283688,246.439716312057,24.41847740446,12,4
404.414814814815,246.385185185185,24.3394150880954,6,4
404.126865671642,246.60447761194,23.5195499872161,9,4
404.301470588235,246.441176470588,25.073188690127,10,4
404.225563909774,246.526315789474,25.0846978887108,9,4
404.707142857143,246.257142857143,25.2266709228405,15,4
404.386861313869,246.416058394161,25.6619081262651,9,4
404.525547445255,246.452554744526,24.9154899910143,8,4
404.217391304348,246.45652173913,24.7295115958091,9,4
404.466666666667,246.42962962963,24.6056274592713,7,4
404.576642335766,246.357664233577,23.8022096129569,6,4
404.382352941176,246.360294117647,24.2558646985798,5,4
404.388489208633,246.438848920863,25.2971816323536,7,4
404.576642335766,246.299270072993,26.0375116221458,8,4
404.661971830986,246.204225352113,24.2210648367156,9,4
404.794520547945,246.123287671233,25.0029651057669,8,4
404.563758389262,246.181208053691,26.6705574282124,9,4
404.76,246,25.3294341020505,9,4
404.838926174497,245.805369127517,27.381805867418,15,4
404.78313253012,245.560240963855,27.5070977745535,21,4
404.616352201258,245.786163522013,26.8498320814999,11,4
404.46357615894,246.046357615894,22.7513357390026,20,4
404.164473684211,246.184210526316,18.7036149777556,29,4
404.581699346405,246.183006535948,14.0943293594142,15,4
405.131034482759,246.496551724138,9.98646057479254,48,4
404.990099009901,246.881188118812,-66.9204330631679,66,4
405.123711340206,247.762886597938,-83.9720320239143,26,4
404.858585858586,249.989898989899,60.0123482548142,48,4
404.289719626168,250.953271028037,48.098689170572,24,4
402.98347107438,252.107438016529,22.0546441898459,56,4
400.281481481481,253.007407407407,29.8343006921285,66,4
399.056451612903,253.33064516129,31.2736249474076,33,4
396.029411764706,255.411764705882,48.7893579734115,76,4
394.354609929078,256.86524822695,55.498819843656,41,4
391.544827586207,259.468965517241,56.1585174979218,76,4
388.870229007634,262.587786259542,64.9500232328965,86,4
387.847457627119,263.813559322034,68.1616512437376,33,4
385.858333333333,267.741666666667,78.6403103640263,82,4
385.217054263566,269.193798449612,78.4018010042054,33,4
383.908396946565,272.312977099237,64.0703631870548,64,4
382.934782608696,274.731884057971,54.895509781133,59,4
382.318181818182,275.856060606061,54.2807586942575,26,4
380.903703703704,278.496296296296,59.5797631032658,57,4
380.130769230769,279.884615384615,63.0320285415111,35,4
378.65873015873,282.595238095238,62.6406668186802,54,4
377.574803149606,285.023622047244,53.9314265854989,49,4
376.92,286.096,49.7560230042772,28,4
375.66393442623,288.352459016393,51.6238566494659,51,4
375.064,289.416,57.4759823863914,25,4
373.5,291.898305084746,64.6157923507084,57,4
372.542372881356,293.677966101695,57.9100372819863,36,4
371.81512605042,294.72268907563,52.4595482077174,23,4
370.577586206897,296.784482758621,49.4197244725257,45,4
370.076271186441,297.703389830508,54.2001506800177,22,4
368.808,299.688,66.7766304310171,45,4
367.357142857143,302.616071428571,72.4444958360832,59,4
366.758928571429,303.875,69.2072776905259,26,4
365.627118644068,306.067796610169,62.5209255624969,50,4
365.298387096774,306.903225806452,60.1685686087303,20,4
364.4765625,308.96875,59.7067373657887,50,4
363.388429752066,311.545454545455,70.6286121783808,53,4
362.739495798319,313.109243697479,71.2981655571596,36,4
361.641025641026,315.273504273504,70.3177150465609,48,4
361.148760330579,316.355371900826,68.5285547050025,26,4
360.243697478992,318.621848739496,61.9026408628487,56,4
359.284552845528,320.991869918699,62.5308339567582,60,4
358.587155963303,322.155963302752,66.7403806174656,26,4
357.808695652174,323.965217391304,69.8906045725613,50,4
357.026086956522,325.791304347826,71.8082868149804,36,4
356.074380165289,327.644628099174,66.6363820390462,46,4
355.25,329.798387096774,61.8481782939175,53,4
354.6484375,331.0625,63.0513171045092,34,4
353.625,333.015625,70.6877986364577,60,4
353.024,334.464,77.0186831013882,39,4
351.931623931624,336.863247863248,71.7395269965478,52,4
351.008,339.4,59.1500441221425,68,4
350.469026548673,340.380530973451,56.4608411892082,30,4
349.061946902655,343.628318584071,70.6380444421271,72,4
348.609756097561,344.593495934959,74.6535679699206,32,4
347.009090909091,348.654545454545,74.93190461994,73,4
346.016129032258,350.983870967742,67.2889525842966,64,4
345.40350877193,352.342105263158,61.6857288253186,34,4
343.61320754717,356.518867924528,74.7328112934632,74,4
343.130434782609,357.947826086957,77.8108902115077,33,4
341.777777777778,361.196581196581,70.2239384954799,66,4
340.624,363.376,61.5911039562962,56,4
339.964285714286,364.633928571429,59.1275901375569,27,4
338.777777777778,367.376068376068,69.176380911763,57,4
337.894736842105,369.701754385965,78.9764225295965,41,4
336.845454545455,372.509090909091,68.9971448665195,54,4
335.75,375.25,57.0343148628309,52,4
335.234782608696,376.295652173913,56.4292107222808,21,4
333.923076923077,379.038461538462,66.8785558620552,57,4
333.158878504673,380.897196261682,75.4221745127939,33,4
332.116504854369,383.417475728155,68.4223623732378,52,4
330.990566037736,385.783018867925,59.0733290360585,45,4
330.714285714286,386.508928571429,59.5960843821266,22,4
329.605769230769,388.826923076923,61.0212030554369,44,4
329.27358490566,389.858490566038,68.1976281269905,20,4
328.403669724771,392.073394495413,72.4519003087399,43,4
327.594339622641,394.216981132075,67.3883969254475,41,4
327.301886792453,394.971698113208,64.7272623039715,16,4
326.56880733945,396.743119266055,61.4944862113635,37,4
326.247787610619,397.469026548673,62.2453766329894,20,4
325.656,397.568,64.472889802733,32,4
325.46875,397.6484375,58.7927046994608,31,4
325.15873015873,398.02380952381,55.1613227177863,20,4
324.583333333333,398.708333333333,47.8650289801395,38,4
324.30081300813,398.650406504065,45.4314038435686,21,4
323.625899280576,398.712230215827,40.5381273629022,30,4
322.430463576159,398.748344370861,36.7686951871247,48,4
321.960784313725,398.915032679739,36.6554869663884,22,4
320.583941605839,399.627737226277,32.5964802987629,44,4
319.967741935484,400,23.7025820243205,27,4
