389.333333333333,240.6,22.5992175955306,NaN,1
389.450819672131,240.327868852459,22.3781993142292,10,1
389.385245901639,240.33606557377,23.714148661734,6,1
389.425,240.475,23.9214087521577,6,1
389.48,240.296,23.7875216984705,7,1
389.462809917355,240.280991735537,23.8514444492891,4,1
389.376,240.496,24.4427456016753,10,1
389.44,240.4,24.8959708088437,4,1
389.319672131148,240.491803278689,24.0499039992376,9,1
389.520325203252,240.390243902439,22.8716345454291,11,1
389.365079365079,240.380952380952,24.9153804829617,9,1
389.50406504065,240.536585365854,23.9315547708492,11,1
389.475,240.408333333333,23.1201428704972,7,1
389.290598290598,240.538461538462,23.7647224339828,5,1
389.414634146341,240.447154471545,23.1698604972768,10,1
389.565573770492,240.377049180328,24.1625081178866,9,1
389.421487603306,240.495867768595,23.8702017937601,7,1
389.446280991736,240.446280991736,22.4262909700455,4,1
389.373983739837,240.560975609756,23.5049079464243,6,1
389.58064516129,240.58064516129,23.4731392331236,7,1
390.015625,240.1328125,27.5857881446345,18,1
390.405797101449,239.746376811594,32.4687311734529,36,1
390.845637583893,239.322147651007,34.9584205118912,29,1
390.006993006993,239.524475524476,56.9540407960803,56,1
388.880597014925,241.067164179104,61.1097660966214,51,1
387.992424242424,242.075757575758,58.8325878921955,32,1
386.22131147541,245.090163934426,38.2678809673336,72,1
385.355072463768,246.173913043478,43.8409455812118,32,1
382.299145299145,249.649572649573,69.5730959233939,85,1
380.017699115044,253.274336283186,67.7116551877796,76,1
378.938596491228,255.149122807018,48.8164484590351,43,1
376.845454545455,257.490909090909,37.2474282631455,74,1
375.495726495727,259,47.2221534726733,41,1
372.953703703704,261.648148148148,59.8957436858073,69,1
370.936507936508,264.007936507937,62.0157555652563,58,1
370.25,264.862068965517,54.6652514421447,28,1
368.57264957265,267.641025641026,55.6539042441589,59,1
367.91935483871,268.653225806452,62.8155893189872,25,1
366.540983606557,270.672131147541,72.6957136996025,52,1
365.412844036697,273.284403669725,76.6804032414808,47,1
365.214285714286,273.544642857143,75.2539217397526,11,1
364.626086956522,274.965217391304,76.5186968678002,39,1
364.226086956522,276,78.5629465106358,28,1
363.625,278.833333333333,89.405556820541,45,1
363.566037735849,280.424528301887,87.7279184008618,36,1
363.589285714286,280.794642857143,86.0709935805935,16,1
363.633928571429,281.785714285714,82.4107822722007,30,1
363.563025210084,282.478991596639,81.2193293642217,21,1
363.294642857143,285.214285714286,84.9120837264524,51,1
363.165137614679,287.605504587156,-82.3339750560131,53,1
363.271844660194,288.378640776699,-81.4885955880809,20,1
363.351351351351,290.774774774775,-81.9120391662367,52,1
363.310344827586,291.724137931034,-81.6607011110154,23,1
363.350427350427,294.111111111111,-84.7266624405221,51,1
363.98275862069,296.034482758621,-83.1786840123404,45,1
363.974789915966,296.949579831933,-79.2067333113295,27,1
364.538461538462,299.529914529915,-71.8016942732227,58,1
364.826086956522,301,-73.7867669454324,30,1
364.762711864407,302.677966101695,-70.5494965159522,41,1
365.547826086957,305.008695652174,-74.010376694188,53,1
365.935185185185,306.277777777778,-76.0732998677226,25,1
366.435185185185,308.481481481481,-71.0151103378341,42,1
366.787610619469,309.495575221239,-71.0566264835778,25,1
367.300884955752,311.522123893805,-65.7164366950752,38,1
367.923728813559,313.822033898305,-68.483134170385,39,1
368.380530973451,314.982300884956,-70.18148321794,27,1
369.099099099099,317.081081081081,-72.4613255918715,40,1
369.472727272727,318.045454545455,-72.4081100031982,21,1
370.01724137931,319.724137931034,-68.0576936417632,30,1
370.894736842105,321.929824561404,-62.9270531131982,40,1
371.027272727273,322.290909090909,-63.9952772758291,14,1
371.775862068966,324.620689655172,-68.4736071745313,42,1
372.267857142857,325.696428571429,-70.0253662991785,22,1
373.220183486239,328.036697247706,-71.30961249416,39,1
373.871559633028,329.376146788991,-66.6434978745421,26,1
374,329.973214285714,-66.8312163930349,13,1
374.722222222222,331.935185185185,-64.5359921042528,34,1
375.2,333.1,-63.2184463453887,22,1
375.942307692308,335.086538461538,-70.3507603834158,36,1
376.803921568627,337.264705882353,-71.4104668366094,36,1
377.267326732673,338.425742574257,-68.7005880553379,19,1
378.271028037383,340,-64.1658608427839,36,1
378.672727272727,340.727272727273,-61.7119333719709,13,1
379.194444444444,342.453703703704,-59.9610520350449,30,1
380.267857142857,344.3125,-63.3434618390449,36,1
380.818181818182,345.290909090909,-65.4702481947414,20,1
381.980582524272,347.757281553398,-67.6910839557062,47,1
382.4,348.47,-65.8558245484385,17,1
383.324074074074,350.212962962963,-61.0366369578992,36,1
384.189189189189,352,-59.9904759451792,35,1
384.634615384615,352.788461538462,-56.547380204804,17,1
385.73786407767,354.68932038835,-58.6480391193349,41,1
386.326923076923,355.971153846154,-62.7336222862946,23,1
387.306930693069,358.148514851485,-64.9125919596252,39,1
388.156862745098,359.696078431373,-61.8162921057177,31,1
388.481132075472,360.264150943396,-61.7449920983859,16,1
389.407407407407,361.907407407407,-59.0564792077907,36,1
389.926605504587,362.770642201835,-58.2086375639455,17,1
391.087378640777,364.864077669903,-59.7216029246511,38,1
392.522222222222,367.9,-63.9597485086773,49,1
392.893617021277,368.617021276596,-63.8125305111125,14,1
393.305263157895,369.284210526316,-61.1528858350213,25,1
393.88,370.33,-60.1085274571299,23,1
395.061855670103,372.19587628866,-57.4154497941229,37,1
395.769230769231,373.736263736264,-56.1309165825663,38,1
396.280898876404,374.685393258427,-59.5700522636662,18,1
397.768292682927,377.5,-64.9248666736774,45,1
398.214285714286,378.345238095238,-62.2291390215169,16,1
NaN,NaN,NaN,84,1
NaN,NaN,NaN,0,1
NaN,NaN,NaN,0,1
NaN,NaN,NaN,0,1
NaN,NaN,NaN,0,1
NaN,NaN,NaN,0,1
NaN,NaN,NaN,0,1
NaN,NaN,NaN,0,1
NaN,NaN,NaN,0,1
NaN,NaN,NaN,0,1
NaN,NaN,NaN,0,1
NaN,NaN,NaN,0,1
NaN,NaN,NaN,0,1
NaN,NaN,NaN,0,1
NaN,NaN,NaN,0,1
NaN,NaN,NaN,0,1
NaN,NaN,NaN,0,1
NaN,NaN,NaN,0,1
NaN,NaN,NaN,0,1
394.062992125984,243.314960629921,10.5093864453733,NaN,2
394.130769230769,243.438461538462,10.3147526155302,7,2
394.03937007874,243.448818897638,9.55424219289172,5,2
394.03125,243.4609375,11.0112600663641,5,2
394,243.492063492063,10.7926256546892,4,2
394.030303030303,243.568181818182,11.0840448219196,8,2
394.209677419355,243.403225806452,10.9337351626281,8,2
393.896825396825,243.444444444444,10.4640691041372,6,2
393.938461538462,243.492307692308,10.657245980449,4,2
393.937007874016,243.496062992126,10.6235300777042,3,2
394.046875,243.4765625,10.3820117977046,3,2
394.142857142857,243.436507936508,11.8933791353324,4,2
393.846153846154,243.476923076923,11.0138373520605,6,2
393.9765625,243.53125,10.8851211869093,4,2
393.961240310078,243.511627906977,10.8266726139708,5,2
394.09375,243.5078125,11.8735472278023,5,2
394.023255813953,243.527131782946,11.7513075629119,7,2
394.053846153846,243.584615384615,12.0030738875288,7,2
394.063492063492,243.587301587302,11.740690037981,8,2
394.094488188976,243.637795275591,11.3842466095869,5,2
393.944,243.576,11.2968009310403,8,2
394.105691056911,243.593495934959,12.2756921958699,6,2
394.214285714286,243.468253968254,9.87707903195515,9,2
394.460869565217,243.434782608696,3.87366748261999,27,2
394.383333333333,243.491666666667,-16.5201811709108,27,2
393.512396694215,243.471074380165,-56.291943952784,57,2
393.774774774775,244.756756756757,-70.8383460902666,58,2
394.072072072072,245.891891891892,-67.4688415774653,26,2
394.90243902439,247.991869918699,-55.5660589183917,50,2
395.281481481481,248.792592592593,-52.0335787434514,28,2
397.611570247934,252.148760330579,-52.4195302887132,74,2
399.703703703704,255.148148148148,-79.571059875244,63,2
400.114285714286,256.409523809524,-80.6229947026961,27,2
401.258333333333,258.808333333333,-75.5798497851626,57,2
401.727272727273,260.204545454545,-72.4326587235389,38,2
403.009009009009,264.630630630631,-82.9306740894191,77,2
403.679245283019,268.028301886792,80.4559154315053,65,2
403.783018867925,268.971698113208,84.2637090459845,22,2
403.596330275229,271.449541284404,89.335597849791,45,2
403.431034482759,272.853448275862,-86.8987302807892,31,2
403.223214285714,275.973214285714,-87.8652505143839,48,2
403.14,279.2,86.9104960051606,52,2
403.049019607843,280.137254901961,88.4391061947674,16,2
403.047169811321,282.103773584906,-85.4615618919198,42,2
403.108108108108,283.27027027027,-87.7190512089351,25,2
402.878504672897,286.018691588785,-88.531435077918,50,2
402.942857142857,288.666666666667,-89.8063831727013,42,2
403.118181818182,289.390909090909,-88.9553895873097,23,2
403.256880733945,291.045871559633,-85.9496073915422,41,2
403.210526315789,291.973684210526,-84.4581475059845,27,2
403.351851851852,294.592592592593,-86.8278194542284,48,2
403.490566037736,296.72641509434,-89.2584099129366,50,2
403.648148148148,297.722222222222,-86.3620227458653,24,2
403.790909090909,299.645454545455,-84.0869769744174,46,2
403.818181818182,300.954545454545,-82.6011928927291,28,2
403.892857142857,302.991071428571,-85.5286731821076,46,2
404.284403669725,305.54128440367,-89.9939081067862,47,2
404.355769230769,306.375,-89.4775504998098,21,2
404.607843137255,308.303921568627,-83.3065079229597,46,2
404.770642201835,309.651376146789,-82.4899363976816,25,2
404.90350877193,311.912280701754,-85.3003747707454,51,2
405.106194690266,314.29203539823,-89.5864371497189,51,2
405.12389380531,315.486725663717,-89.2927577272607,28,2
405.44347826087,317.408695652174,-84.555663733768,54,2
405.697478991597,318.966386554622,-82.6947704478453,34,2
405.936936936937,321.621621621622,-80.1500826123258,60,2
406.198198198198,323.738738738739,-84.179344729161,46,2
406.304761904762,325.419047619048,-81.683679709874,32,2
406.754545454545,327.727272727273,-81.5318809045269,51,2
406.864864864865,328.594594594595,-80.6253237234474,19,2
407.37962962963,331.12962962963,-77.0198507446821,51,2
407.645454545455,333.172727272727,-79.6392137093558,46,2
407.691588785047,333.831775700935,-80.272973577003,19,2
408.224489795918,336.571428571429,-84.6116626810059,55,2
408.528846153846,337.586538461538,-83.8062600990887,28,2
408.894230769231,339.721153846154,-78.4336320325063,42,2
409.433962264151,341.537735849057,-76.2299373611069,44,2
409.632653061225,342.540816326531,-75.9225575642419,20,2
410.087378640777,345.135922330097,-79.8931535248561,49,2
410.21568627451,346.333333333333,-82.0954562158838,25,2
410.574257425743,348.475247524752,-84.2607033388953,39,2
411.050505050505,350.414141414141,-79.2039767929328,40,2
411.15,351.21,-79.0969041905674,19,2
411.567010309278,353.329896907216,-79.9057260080929,39,2
411.623762376238,354.019801980198,-80.9146929386519,18,2
411.947916666667,356.072916666667,-85.3772714208433,33,2
412.226804123711,358.247422680412,-87.3458233451762,35,2
412.38,359.13,-86.7547272867587,19,2
412.776699029126,361.029126213592,-82.397750198692,35,2
412.950495049505,362.079207920792,-79.3715240909246,20,2
413.09,364.04,-79.5688949305886,33,2
413.145833333333,366.125,-80.4237960407949,36,2
413.417721518987,368.025316455696,-83.2842288681217,27,2
413.707865168539,369.269662921348,-86.2617625284577,28,2
413.96,370.21,-84.2147127311807,23,2
414.315789473684,372.168421052632,-81.8323963802266,37,2
414.762886597938,374.515463917526,-78.1150620654822,40,2
414.867346938775,375.428571428571,-78.8551078528759,23,2
415.030612244898,378,-86.2029103979943,42,2
NaN,NaN,NaN,98,2
NaN,NaN,NaN,0,2
NaN,NaN,NaN,0,2
NaN,NaN,NaN,0,2
NaN,NaN,NaN,0,2
NaN,NaN,NaN,0,2
NaN,NaN,NaN,0,2
NaN,NaN,NaN,0,2
NaN,NaN,NaN,0,2
NaN,NaN,NaN,0,2
NaN,NaN,NaN,0,2
NaN,NaN,NaN,0,2
NaN,NaN,NaN,0,2
NaN,NaN,NaN,0,2
NaN,NaN,NaN,0,2
NaN,NaN,NaN,0,2
NaN,NaN,NaN,0,2
NaN,NaN,NaN,0,2
NaN,NaN,NaN,0,2
414.112903225806,236.798387096774,52.6691324055841,NaN,3
414.048780487805,236.837398373984,52.6308519159801,5,3
414.104,236.704,53.5238144828313,4,3
414.065040650407,236.861788617886,52.2882372051715,10,3
414.008,236.784,53.288734153679,6,3
414.073170731707,236.821138211382,52.4470318791208,4,3
414.024,236.688,53.4714169734711,6,3
414.064516129032,236.741935483871,53.4877792494018,3,3
414.016,236.624,53.2470331818678,7,3
414.105691056911,236.682926829268,52.8241704256524,4,3
414.065573770492,236.672131147541,53.0294511983673,1,3
414.081300813008,236.626016260163,53.3922443509293,3,3
414.040322580645,236.653225806452,53.136722685301,1,3
413.975409836066,236.713114754098,53.0105047444776,4,3
414.056,236.848,52.722449234141,9,3
414.062992125984,236.740157480315,53.6165211771871,2,3
413.992125984252,236.551181102362,54.7531459271356,6,3
414.007936507937,236.706349206349,53.0694083445378,5,3
414,236.727272727273,53.2945708075492,5,3
413.870967741935,236.870967741935,53.1266537096853,5,3
413.635658914729,236.968992248062,54.2099169169065,9,3
413.610687022901,237.175572519084,55.1156475019478,12,3
413.700729927007,237.343065693431,54.739710662887,14,3
413.791366906475,237.237410071942,50.7498367088052,50,3
414.173913043478,236.471014492754,-7.94952363170409,57,3
415.202797202797,236.671328671329,-12.5751568689805,31,3
418.007407407407,237.688888888889,-8.76579410185529,76,3
419.335714285714,237.857142857143,-0.611644758935806,37,3
422.322368421053,238.269736842105,9.57293372384851,68,3
426.619718309859,238.197183098592,-1.26103026773364,84,3
428.951048951049,238.06993006993,-6.77825453697395,49,3
432.41958041958,238.013986013986,6.08956009063036,76,3
433.619047619048,238.21768707483,14.2759624514305,34,3
437.404411764706,237.25,28.961686516268,81,3
440.308270676692,236.015037593985,28.179844030953,67,3
441.384057971014,235.311594202899,27.7747771651558,25,3
442.879432624113,234.496453900709,25.3024768949067,37,3
443.804195804196,234.20979020979,25.4742023791757,30,3
446.3125,232.84375,31.0339181780507,55,3
448.746153846154,231.507692307692,34.2251758867642,54,3
449.485074626866,230.813432835821,28.7359245671049,28,3
451.496240601504,229.924812030075,22.2173894999246,49,3
452.257352941176,229.507352941176,19.9131313473669,27,3
454.207407407407,228.525925925926,21.5866456240837,45,3
456.257575757576,227.856060606061,28.241508828798,47,3
457.175572519084,227.503816793893,26.692329203364,31,3
459.231343283582,226.455223880597,23.2526606120357,49,3
460.2,226.118518518519,18.7911173552128,23,3
462.197080291971,225.525547445255,11.2165863266961,52,3
465.007633587786,224.862595419847,9.64517344363538,56,3
466.119047619048,224.428571428571,13.0328276430761,33,3
468.5,224.037313432836,17.8626662361759,50,3
469.833333333333,223.742424242424,18.6605761180312,32,3
472.037037037037,222.933333333333,15.7462396600884,49,3
474.661870503597,222.309352517986,9.21515321978996,58,3
476.082089552239,221.761194029851,8.94661046185797,35,3
478.822580645161,221.362903225806,11.2063074164308,52,3
479.93023255814,221.062015503876,16.7155925459724,27,3
482.563025210084,220.336134453782,21.2050008472698,54,3
485.283333333333,219.316666666667,17.1420937345106,59,3
486.132231404959,218.909090909091,15.856095212898,21,3
488.6,218.161538461538,8.51374500913437,49,3
489.738461538462,217.615384615385,5.65605969772712,28,3
491.691729323308,217.157894736842,10.5548945370465,49,3
494.286821705426,216.589147286822,16.7966527878821,52,3
495.761538461538,215.961538461538,19.7842590269593,31,3
498.508474576271,214.898305084746,20.1758972105511,58,3
499.68253968254,214.674603174603,18.1376025208229,24,3
501.717557251908,213.832061068702,12.2979535687588,47,3
504.07874015748,213.236220472441,7.24049482994301,50,3
505.28,213.064,9.51940942286697,24,3
507.325757575758,212.295454545455,17.0019147877306,47,3
508.414814814815,212.17037037037,21.5494429051134,19,3
510.984615384615,211.046153846154,23.3105855233387,57,3
512.834586466165,210.571428571429,19.7255063822609,45,3
513.676470588235,210.198529411765,19.465788924257,21,3
516.170542635659,209.22480620155,9.39048960541801,47,3
517.146153846154,208.823076923077,8.99429846502316,23,3
519.1875,208.3515625,13.6966024552785,42,3
521.299212598425,207.645669291339,21.4998390075638,43,3
522.520661157025,207,20.4221572683117,30,3
524.934959349593,206.292682926829,19.2218484969875,46,3
525.682170542636,206.131782945736,17.5692045166946,20,3
527.488888888889,205.318518518519,10.3764722207885,44,3
529.84496124031,204.744186046512,9.51488983440046,46,3
530.984615384615,204.423076923077,10.1678947345649,23,3
532.932330827068,203.864661654135,13.0040197389096,47,3
533.718518518519,203.6,16.1832897663185,28,3
536.379032258065,202.935483870968,22.2763085460889,47,3
538.476923076923,202.215384615385,20.1034215993271,44,3
539.453846153846,201.969230769231,18.888824009313,22,3
541.259541984733,201.251908396947,13.3594401859515,37,3
542.276923076923,200.992307692308,12.9724533973828,25,3
544.416,200.504,13.8309447394824,39,3
546.176,199.76,16.2491853668196,44,3
547.383333333333,199.508333333333,20.8190333339007,23,3
549.303278688525,198.745901639344,24.6611829523988,50,3
550.193548387097,198.443548387097,24.4037219842762,28,3
552.181102362205,197.771653543307,21.0234178665903,41,3
553.838461538462,196.907692307692,17.541245507686,39,3
555,196.76,12.0930747258444,25,3
556.969230769231,195.846153846154,17.5172158589936,43,3
557.248062015504,195.759689922481,15.6968488237226,15,3
559.582677165354,195.031496062992,22.9725454197425,50,3
561.672268907563,194.075630252101,26.7047736096001,44,3
562.791666666667,193.791666666667,25.7550836550082,21,3
564.386554621849,192.890756302521,19.4066500630739,41,3
564.945736434109,192.674418604651,17.8835763382176,18,3
566.610687022901,192.045801526718,17.7860593133388,38,3
568.845528455285,191.186991869919,17.1142469706668,44,3
569.818181818182,190.96694214876,17.2091098091177,20,3
571.41935483871,190.201612903226,19.5362965409674,39,3
572.303278688525,190.16393442623,22.5957503542516,20,3
574.073770491803,189.565573770492,25.4292780489637,38,3
575.6953125,188.9453125,22.3602854780466,34,3
576.491935483871,188.604838709677,18.5431563349311,18,3
578.12213740458,187.977099236641,18.6455965431167,37,3
578.765625,187.7265625,15.0239352661634,21,3
580.809523809524,187.015873015873,13.8633702274257,38,3
582.472,186.616,17.2553117970348,33,3
583.299212598425,186.133858267717,19.3185634540173,26,3
585.251968503937,185.740157480315,24.6962209619809,36,3
585.991935483871,185.532258064516,22.9544523469476,19,3
587.222222222222,184.984126984127,22.8979585964809,28,3
588.992125984252,184.448818897638,19.1666415396277,37,3
589.900763358779,184.160305343511,17.4118632602625,28,3
591.95867768595,183.388429752066,12.3088061891993,38,3
592.472440944882,183.094488188976,16.0366713641045,20,3
593.759689922481,182.728682170543,19.0227448160009,24,3
595.680327868852,182.139344262295,25.2409055699047,39,3
596.293650793651,181.912698412698,25.0755306557462,14,3
598.05737704918,181.27868852459,26.7913799647728,44,3
598.803149606299,181.023622047244,27.386613893442,17,3
600.456,180.216,22.5980609956334,38,3
601.968,179.584,17.1005471041666,36,3
602.715447154472,179.341463414634,14.1177374537657,14,3
604.524193548387,178.846774193548,14.5139320662321,37,3
605.444444444444,178.611111111111,16.4339616118472,18,3
606.453125,178.1484375,20.9550650780197,26,3
608.464566929134,177.448818897638,23.2123450133946,43,3
609.393700787402,177.181102362205,26.1466547451363,26,3
610.333333333333,176.742424242424,25.0434637553612,31,3
611.037037037037,176.918518518519,24.3809782998258,23,3
612.088888888889,176.222222222222,21.7447964026062,30,3
613.647058823529,175.625,17.6086976589465,37,3
614.563909774436,175.225563909774,12.9184289725667,21,3
615.839694656489,174.908396946565,12.0376312436293,26,3
616.321167883212,174.63503649635,13.675817161109,14,3
617.830769230769,174.423076923077,16.1957496223524,29,3
619.196850393701,174.055118110236,19.3966407645242,29,3
619.738461538462,173.923076923077,18.9538530434891,15,3
621.641025641026,173.358974358974,22.8635359483519,39,3
622.185840707965,173.41592920354,24.3677467128252,14,3
623.425925925926,173.074074074074,23.460000860374,23,3
624.794392523365,172.654205607477,19.1709597396112,27,3
625.766990291262,172.407766990291,15.8588446668574,18,3
627.01,171.91,12.292036353878,23,3
627.950495049505,171.693069306931,11.6285741240641,15,3
629.315217391304,171.521739130435,12.4276744313641,25,3
630.389473684211,171.094736842105,14.3016486176265,21,3
630.789473684211,171.052631578947,14.7057026669536,10,3
632.843373493976,170.722891566265,18.6767304001506,28,3
634.185185185185,170.148148148148,23.3268931129341,18,3
635.797297297297,169.527027027027,22.5990955383776,23,3
637.131578947368,169.276315789474,19.0370023163325,18,3
637.467532467532,169.272727272727,17.9378019080741,5,3
638.333333333333,168.786666666667,17.5407238835593,20,3
638.486486486486,168.662162162162,16.7995958817539,9,3
638.826666666667,168.32,17.5888745767921,11,3
639,168.141025641026,21.9497240127801,11,3
638.986842105263,168.065789473684,22.4632957376728,8,3
639.177215189873,167.810126582278,27.5264819958013,17,3
639.225,167.75,27.6856081308875,7,3
640.281690140845,167.014084507042,31.2614545187351,15,3
640.56338028169,166.774647887324,33.0889317951328,6,3
640.728571428571,166.457142857143,33.9008473057443,7,3
640.791044776119,165.880597014925,32.069939267952,15,3
640.529411764706,166.014705882353,33.9714351091303,3,3
NaN,NaN,NaN,68,3
394.813008130081,248.382113821138,29.8246255927276,NaN,4
394.573770491803,248.5,29.812649507215,5,4
394.762295081967,248.418032786885,29.6883728904382,6,4
394.913385826772,248.354330708661,30.8706279303308,7,4
394.934959349593,248.390243902439,30.4411503697697,4,4
394.927419354839,248.435483870968,30.8504220690428,1,4
394.864,248.416,30.3265023445982,7,4
394.827868852459,248.516393442623,30.7765094260179,9,4
394.809917355372,248.561983471074,29.9364680410759,3,4
394.943089430894,248.463414634146,30.3671623225228,4,4
394.844262295082,248.516393442623,30.0949131357547,3,4
394.851239669421,248.553719008264,29.9155355454823,1,4
394.90243902439,248.471544715447,30.3995608220135,4,4
394.760330578512,248.561983471074,30.414531000841,4,4
394.934426229508,248.532786885246,29.4327102123867,7,4
394.944,248.416,30.1590630100054,5,4
394.952380952381,248.412698412698,29.7774964004965,3,4
394.975409836066,248.475409836066,30.923182540693,4,4
395.057851239669,248.628099173554,29.5417849844759,7,4
395.193548387097,248.661290322581,30.3666444134939,9,4
395.157024793388,248.636363636364,30.275273168642,5,4
395.096,248.56,29.5887107316476,6,4
395.225806451613,248.588709677419,29.7557350653551,3,4
395.196721311475,248.647540983607,29.5672959509035,6,4
395.229508196721,248.704918032787,29.9985554285576,6,4
395.306451612903,248.693548387097,30.4745692505969,4,4
395.387096774194,248.661290322581,30.0832224410652,4,4
395.34126984127,248.65873015873,30.398801886022,2,4
395.227642276423,248.788617886179,29.4417487382354,3,4
395.346774193548,248.741935483871,29.2139179902483,3,4
395.227642276423,248.80487804878,28.8724153939993,3,4
395.52380952381,248.642857142857,29.6845729711005,5,4
395.722222222222,248.515873015873,29.944214173699,10,4
395.90625,248.3359375,32.6299519530501,8,4
396.360294117647,247.977941176471,34.1192654525502,14,4
396.330882352941,247.955882352941,34.0307457268538,10,4
395.684615384615,248.469230769231,30.714549330798,16,4
395.625,248.609375,29.8391390671414,6,4
395.275,248.966666666667,29.7840140820541,10,4
395.289256198347,249,34.1908518724318,21,4
395.347826086957,249.069565217391,38.8406354941046,16,4
394.783333333333,249.841666666667,55.9795737477825,45,4
394.3125,250.419642857143,57.5109698607925,20,4
392.959677419355,251.903225806452,33.4344400899742,54,4
392.021739130435,252.659420289855,24.117838344327,56,4
390.161016949153,253.737288135593,25.0241084685632,44,4
387.647058823529,255.336134453782,42.4040570913104,61,4
386.017543859649,256.263157894737,65.8382283397247,39,4
384.466101694915,258.076271186441,72.7956034362355,50,4
383.570247933884,259.586776859504,71.3263350352831,37,4
382.918032786885,260.704918032787,71.2344442467332,27,4
382.198275862069,262.068965517241,74.1899541822109,34,4
381.92523364486,262.859813084112,75.0747436085681,23,4
381.412371134021,265.103092783505,80.1143240434937,36,4
380.990825688073,266.183486238532,85.9534395037729,26,4
380.75,267.009259259259,85.7473641040674,13,4
380.710526315789,268.649122807018,85.4375323692011,26,4
380.638655462185,269.36974789916,85.4163907440378,15,4
380.703389830508,271.101694915254,80.6085488100771,29,4
380.406779661017,272.771186440678,80.929744237392,38,4
380.165137614679,274.678899082569,89.3515776866794,29,4
379.942307692308,276.490384615385,-75.8335980988759,33,4
380.295652173913,277.434782608696,-71.6042194090218,23,4
380.814159292035,279.840707964602,-60.1564122592288,50,4
381.567796610169,281.703389830508,-59.7745710550859,45,4
382.283018867925,283.292452830189,-64.6010644507495,32,4
383.349514563107,285.73786407767,-70.7468967910814,41,4
383.570093457944,286.691588785047,-71.0677163333947,22,4
384.398148148148,288.518518518519,-72.0629174361336,41,4
384.991304347826,290.208695652174,-67.8056125707888,31,4
385.293103448276,291.068965517241,-64.4401241760298,19,4
386.196581196581,293.179487179487,-59.6348844482866,45,4
386.538461538462,293.854700854701,-59.5122198259886,18,4
387.54954954955,296.153153153153,-65.4656749649081,42,4
388.252336448598,297.990654205607,-66.9770560800993,34,4
388.601851851852,298.611111111111,-68.3718961236373,13,4
389.424528301887,300.566037735849,-67.5917075167235,36,4
389.833333333333,301.435185185185,-64.5547464594058,18,4
390.581196581197,302.820512820513,-60.0287783992776,31,4
391.346456692913,304.283464566929,-53.874824721144,42,4
391.888888888889,305.119047619048,-53.9644352881125,21,4
392.747967479675,306.788617886179,-55.9616717851931,35,4
393.433333333333,307.708333333333,-57.855512983177,23,4
394.811965811966,309.897435897436,-63.8969454572298,47,4
396.061403508772,311.59649122807,-60.547038506409,37,4
396.655462184874,312.394957983193,-56.4145147082742,25,4
397.828125,313.703125,-47.7075295493233,41,4
398.341085271318,314.372093023256,-45.3628455771272,27,4
399.833333333333,315.912698412698,-44.1440837310804,55,4
401.413223140496,317.669421487603,-49.8408700180604,43,4
402.084745762712,318.338983050847,-49.3956297776238,17,4
403.896551724138,320.413793103448,-52.3076497165573,48,4
404.504132231405,320.809917355372,-50.6505356942436,21,4
405.612903225806,321.91935483871,-42.8761237839483,37,4
407.06106870229,323.24427480916,-39.9570577535381,39,4
407.886363636364,323.878787878788,-41.5809068388014,21,4
409.441860465116,325.232558139535,-45.0715588781742,49,4
409.9453125,325.7265625,-46.1211635402601,17,4
411.623931623932,327.350427350427,-49.6553642290187,47,4
413.230088495575,328.955752212389,-50.2815369509778,44,4
413.864864864865,329.648648648649,-44.6786019720715,20,4
415.308943089431,330.756097560976,-44.1240058239115,40,4
415.708661417323,331.11811023622,-42.4285461579757,22,4
417.4453125,332.4765625,-39.830486177414,49,4
418.842519685039,333.629921259843,-45.4486316540963,37,4
419.491803278689,334.459016393443,-44.7620697478926,25,4
421.344537815126,336.016806722689,-48.9352185277232,47,4
422.035087719298,336.666666666667,-48.0608638823306,21,4
423.409836065574,337.811475409836,-43.1301830182832,32,4
424.787878787879,338.780303030303,-38.3870900939254,38,4
425.534351145038,339.213740458015,-35.6049318108532,19,4
427.44262295082,340.83606557377,-34.6993070455466,53,4
427.905511811024,341.173228346457,-36.5058300595416,23,4
429.388429752066,342.413223140496,-41.915167129301,38,4
431.241935483871,343.782258064516,-43.3942169281768,45,4
432.032258064516,344.443548387097,-42.3559488450827,26,4
433.590551181102,345.456692913386,-36.6541590026851,39,4
434.223076923077,345.915384615385,-36.5235466240472,23,4
435.786259541985,347,-31.1966948883472,43,4
437.515151515152,348.075757575758,-31.5537574571254,49,4
438.152671755725,348.389312977099,-32.5480850080071,17,4
440.447154471545,350.065040650407,-44.4176982352774,54,4
441.594827586207,350.810344827586,-54.2135209230218,21,4
442.955752212389,352.106194690266,-45.269764219477,39,4
444.277777777778,353,-39.0881904481099,31,4
444.8984375,353.484375,-36.125717720981,20,4
446.481203007519,354.240601503759,-31.9625796164424,41,4
447.238461538462,354.792307692308,-30.4757018185176,25,4
449.222222222222,355.888888888889,-31.5954378446907,44,4
450.704918032787,356.868852459016,-37.2477842869373,36,4
451.595041322314,357.462809917355,-35.3440540847911,19,4
453.7,359.158333333333,-40.2088005414526,51,4
454.283333333333,359.525,-37.7168302824504,18,4
455.52,360.424,-32.3407200117237,33,4
457.277777777778,361.309523809524,-28.4817744093557,39,4
458.262711864407,361.940677966102,-25.34544101792,30,4
460.206349206349,362.944444444444,-31.9154591642881,44,4
460.788617886179,363.357723577236,-35.4560480648467,17,4
462.561983471074,364.289256198347,-43.5156752551766,46,4
464.540540540541,365.846846846847,-40.2445673280674,44,4
465.342105263158,366.289473684211,-34.2613991814997,21,4
466.913793103448,367.508620689655,-30.3065888734963,44,4
467.341463414634,367.682926829268,-27.6089497620116,15,4
469.305785123967,368.652892561983,-26.2969002552775,42,4
471.290598290598,369.598290598291,-32.5523240113604,42,4
472,369.872881355932,-37.5561274629593,19,4
473.889908256881,371.394495412844,-35.6653021522933,45,4
475.166666666667,371.962962962963,-47.9626917289264,29,4
476.351351351351,372.981981981982,-34.1066536010528,43,4
477.655172413793,373.646551724138,-28.381332970381,33,4
478.620689655172,374.137931034483,-26.7986485164521,20,4
480.525423728814,374.889830508475,-24.6230147242253,42,4
481.322033898305,375.449152542373,-23.9114875964973,26,4
482.762711864407,376,-29.1611209308192,30,4
484.726495726496,377.051282051282,-38.3921415012146,41,4
485.725663716814,377.646017699115,-40.5936451347972,22,4
487.353982300885,378.734513274336,-32.9383507250827,38,4
487.915254237288,379.14406779661,-30.2591852414884,17,4
488.950413223141,379.793388429752,-28.8081829891992,27,4
490.637037037037,381.274074074074,-29.8917488073693,50,4
491.507692307692,381.669230769231,-26.7638786055248,23,4
493.014598540146,382.85401459854,-31.1045768292433,45,4
493.887323943662,383.295774647887,-36.3751490014596,31,4
495.278571428571,384.085714285714,-39.8426757092124,44,4
496.56462585034,385.244897959184,-41.2495359567858,41,4
497.626865671642,385.873134328358,-38.0512291603873,31,4
499.034013605442,386.816326530612,-35.3879364510974,43,4
499.241379310345,386.986206896552,-31.0672497286965,24,4
500.469798657718,387.765100671141,-21.7850464565103,32,4
501.62,388.153333333333,-15.61057788498,35,4
502.24375,388.1125,-13.3963224505275,18,4
503.723684210526,388.190789473684,-12.4321383764803,32,4
504.368421052632,388.197368421053,-12.5240968991053,16,4
505.924137931034,388.379310344828,-12.2302787142612,35,4
507.165517241379,388.448275862069,-8.33607425348394,22,4
507.774647887324,388.69014084507,-6.99025903328028,15,4
508.714285714286,388.700680272109,-3.02811411132822,17,4
509.074829931973,388.829931972789,-1.57545139902401,18,4
510.558441558442,388.935064935065,1.27243025123962,31,4
512.109589041096,388.958904109589,4.83949675358228,36,4
512.645833333333,388.951388888889,3.36419361768346,16,4
513.769736842105,389.039473684211,5.02519825835828,28,4
514.292517006803,389.020408163265,3.92634510622461,15,4
515.4,388.91724137931,2.31172147003292,22,4
