417.693069306931,239.19801980198,82.493760735548,NaN,1
417.57,239.2,83.4655054035182,3,1
417.656565656566,239.272727272727,82.5396769471476,5,1
417.643564356436,239.118811881188,82.5517380802883,4,1
417.606060606061,239.020202020202,82.4840652362359,2,1
417.598039215686,239.294117647059,83.0309323219943,3,1
417.636363636364,239.151515151515,82.3160420007157,5,1
417.646464646465,239.292929292929,82.0441318087125,6,1
417.584158415842,239.247524752475,82.753574988141,4,1
417.554455445545,239.316831683168,83.3871111212417,2,1
417.606060606061,239.191919191919,82.3025953087154,4,1
417.601941747573,239.368932038835,83.3313371440691,6,1
417.544554455446,239.247524752475,83.1361559945684,4,1
417.544554455446,239.257425742574,83.033340123423,2,1
417.68,239.21,83.8451781523744,5,1
417.549019607843,239.372549019608,82.8883344686802,6,1
417.626262626263,239.141414141414,82.4670270271629,5,1
417.643564356436,239.148514851485,81.6854144420864,2,1
417.57,239.25,82.8623296392122,3,1
417.686868686869,239.161616161616,83.0643619209136,5,1
417.663265306122,239.122448979592,82.7319881127715,1,1
417.626262626263,239.090909090909,83.088573669084,1,1
417.633663366337,239.326732673267,82.682290890894,4,1
417.575757575758,239.292929292929,82.8951724354633,4,1
417.636363636364,239.161616161616,82.4334481506135,4,1
417.59793814433,239.072164948454,82.5033382717448,2,1
417.561224489796,239.091836734694,82.2229289508027,1,1
417.545454545455,239.171717171717,82.7962981806182,5,1
417.57,239.2,83.4655054035182,5,1
417.581632653061,239.19387755102,82.4923587092603,4,1
417.587628865979,239,83.186480535716,3,1
417.55,239.14,82.8529828536607,3,1
417.561224489796,239.051020408163,82.756404747481,4,1
417.6875,239.114583333333,81.8866778813352,4,1
417.670103092784,239.010309278351,82.4455159792272,3,1
417.680412371134,239.051546391753,82.4355355517202,4,1
417.649484536082,239.082474226804,82.270886414288,4,1
417.724489795918,239.030612244898,82.0626538125934,3,1
417.525252525253,239.060606060606,82.5868843758521,5,1
417.606060606061,239.020202020202,82.4840652362359,2,1
417.663265306122,239.071428571429,83.1263823658767,5,1
417.65306122449,239.30612244898,83.4185012294904,4,1
417.734693877551,239.295918367347,82.2084257533333,4,1
417.602040816327,239.224489795918,83.4984894907588,4,1
417.683673469388,239.234693877551,82.8114451619265,2,1
417.66,239.29,82.9482998676512,2,1
417.74,239.25,82.630210204888,2,1
417.727272727273,239.20202020202,82.3656072880782,1,1
417.640776699029,239.514563106796,82.5762197644915,4,1
417.71568627451,239.627450980392,82.4885154507325,3,1
417.692307692308,239.721153846154,82.794184293984,4,1
417.861386138614,239.574257425743,82.1770808527037,7,1
417.8,240.057142857143,83.2961206452048,6,1
417.821428571429,240.107142857143,84.6189940363274,9,1
417.873873873874,240.234234234234,84.238578125145,3,1
417.922413793103,240.396551724138,86.2521935931385,11,1
418.052631578947,240.447368421053,87.0480932948638,4,1
418.024193548387,240.66935483871,85.7790352374676,22,1
418.221374045802,240.778625954198,87.8475531091277,31,1
418.014285714286,241.235714285714,83.5275682610077,19,1
417.74,240.913333333333,73.3484438638844,40,1
417.693333333333,240.526666666667,69.9792232907579,30,1
418.111111111111,237.97037037037,68.7582237694651,57,1
419.385826771654,234.889763779528,79.4773756650409,76,1
420.007874015748,233.685039370079,77.6693772340049,36,1
421,230.280991735537,69.0302321580689,68,1
421.330708661417,229.275590551181,65.4653998510793,38,1
422.525862068966,225.974137931034,68.7396600042216,57,1
424.055555555556,222.268518518519,87.7471330571472,72,1
424.52427184466,221.019417475728,80.2774274192626,25,1
425.37962962963,219.222222222222,71.3250746266742,51,1
426.077586206897,217.086206896552,67.7899589863476,42,1
427.336283185841,214.088495575221,67.0928678069188,53,1
428.300884955752,211.433628318584,84.5187542769076,56,1
428.719626168224,209.672897196262,84.5117262715361,30,1
429.109090909091,207.309090909091,76.2649858279463,45,1
429.570175438596,206.210526315789,70.3485789760498,30,1
429.992,203.88,66.5433070021351,49,1
430.611111111111,201.865079365079,76.1410199986858,45,1
431.15652173913,199.886956521739,81.2428156195545,37,1
431.907407407407,197.472222222222,80.6285367180336,47,1
432.108333333333,196.766666666667,79.8621233472974,22,1
432.508196721311,194.94262295082,75.8771455682335,48,1
433.119266055046,191.816513761468,85.6666895935647,53,1
433.172727272727,191.190909090909,-89.5366630517449,19,1
433.486725663717,188.008849557522,-85.040260993419,63,1
433.70796460177,186.796460176991,-87.9097321902217,26,1
433.637795275591,185.503937007874,78.0271192131193,56,1
434.07874015748,182.763779527559,76.854149363239,66,1
434.318181818182,181.245454545455,78.8490979971477,29,1
434.373913043478,178.617391304348,-87.8510138245584,61,1
434.26724137931,177.534482758621,-85.69907854972,29,1
434.392857142857,173.991071428571,81.056675855519,62,1
434.716666666667,172.425,78.4135146950988,46,1
434.663716814159,171.654867256637,75.0834928589903,33,1
435.223214285714,168.214285714286,83.6892029561659,77,1
435.565573770492,167.204918032787,89.0088706843385,34,1
436.106194690266,164.185840707965,89.9609832038598,59,1
436.658333333333,162.441666666667,82.3493982329402,51,1
436.965217391304,161.095652173913,80.0485588944387,29,1
437.333333333333,157.609523809524,83.2911672073347,60,1
437.442477876106,156.646017699115,89.0991838347156,20,1
437.526315789474,154.114035087719,-79.2168500927432,53,1
437.457943925234,150.897196261682,-82.3462042353077,55,1
437.3,150.372727272727,-87.9373071952162,25,1
437.118181818182,148.027272727273,88.0087362191956,46,1
436.972972972973,146.522522522523,89.8459737049452,27,1
436.704347826087,143.84347826087,-80.6948904158298,56,1
436.330097087379,140.504854368932,-81.1956052139102,56,1
436.198113207547,139.754716981132,-89.2543644567129,21,1
436.297297297297,137.954954954955,85.2887802503,43,1
436.442477876106,136.637168141593,79.6278723125139,32,1
436.381818181818,134.163636363636,81.6045895417999,53,1
436.718446601942,131.067961165049,-85.4189793046949,55,1
437.069306930693,129.643564356436,-89.5238070649077,24,1
437.359649122807,128.052631578947,84.303303831673,39,1
437.675213675214,126.948717948718,79.5195382102466,25,1
437.88,123.84,73.5817214611858,57,1
438.408163265306,121.602040816327,82.9878307732005,42,1
438.591836734694,120.408163265306,87.3749439893175,24,1
438.820224719101,116.831460674157,-89.5156888004147,57,1
439.161290322581,115.94623655914,87.633979028464,24,1
439.161904761905,114.285714285714,81.7939652982823,44,1
439.445544554455,111.683168316832,82.1412667430275,48,1
439.47311827957,110.752688172043,89.0943429204431,22,1
439.446601941748,107.961165048544,-84.4484230562777,56,1
439.558823529412,106.627450980392,-82.4281112269734,27,1
439.791666666667,104.35,87.9761704879057,48,1
NaN,NaN,NaN,120,1
NaN,NaN,NaN,0,1
NaN,NaN,NaN,0,1
NaN,NaN,NaN,0,1
NaN,NaN,NaN,0,1
NaN,NaN,NaN,0,1
NaN,NaN,NaN,0,1
NaN,NaN,NaN,0,1
NaN,NaN,NaN,0,1
NaN,NaN,NaN,0,1
NaN,NaN,NaN,0,1
NaN,NaN,NaN,0,1
NaN,NaN,NaN,0,1
NaN,NaN,NaN,0,1
NaN,NaN,NaN,0,1
NaN,NaN,NaN,0,1
NaN,NaN,NaN,0,1
NaN,NaN,NaN,0,1
NaN,NaN,NaN,0,1
NaN,NaN,NaN,0,1
NaN,NaN,NaN,0,1
NaN,NaN,NaN,0,1
NaN,NaN,NaN,0,1
NaN,NaN,NaN,0,1
NaN,NaN,NaN,0,1
NaN,NaN,NaN,0,1
NaN,NaN,NaN,0,1
NaN,NaN,NaN,0,1
449.741379310345,232.741379310345,-86.8254658158886,NaN,2
449.711711711712,232.720720720721,-87.2177270489423,5,2
449.75,232.594827586207,-87.7455153686908,5,2
449.737288135593,232.627118644068,-87.0149265368185,2,2
449.709401709402,232.692307692308,-86.4559243411407,3,2
449.840336134454,232.697478991597,-86.033034374521,6,2
449.730434782609,232.452173913043,-88.4513468135547,6,2
449.765217391304,232.695652173913,-86.7192354193839,6,2
449.793103448276,232.543103448276,-86.1788193865326,5,2
449.754237288136,232.822033898305,-86.1620113839363,4,2
449.637096774194,233.306451612903,-88.9168432722217,8,2
449.674603174603,233.603174603175,-89.5200757625997,8,2
449.66935483871,233.217741935484,-89.6476148650808,6,2
449.698412698413,233.460317460317,-89.9927351480366,6,2
449.769841269841,233.373015873016,-88.1208462692015,6,2
449.892307692308,233.738461538462,-85.1719497696457,10,2
449.674074074074,233.940740740741,-87.9854358240911,17,2
449.86013986014,234.538461538462,-85.8206597769636,20,2
449.739726027397,234.678082191781,-87.6268138935658,15,2
449.701388888889,234.423611111111,-88.6314201006245,6,2
449.669064748201,234.575539568345,-85.6836057501576,15,2
449.798611111111,234.541666666667,-84.4066751316628,15,2
449.703448275862,234.772413793103,-85.6020946486187,7,2
449.694444444444,234.638888888889,-83.7220408971524,11,2
449.637583892617,234.946308724832,-85.3308829500825,13,2
449.772413793103,234.772413793103,-83.3035825131122,8,2
449.65306122449,234.755102040816,-84.2594965500108,12,2
449.644295302013,234.919463087248,-82.6347817894788,10,2
449.6875,234.840277777778,-81.7609312467069,9,2
449.8,234.931034482759,-80.7517108909107,7,2
449.711409395973,234.96644295302,-81.6430719422197,6,2
449.702702702703,234.810810810811,-81.2387468641043,3,2
449.773333333333,234.84,-79.8065021064478,4,2
449.761904761905,234.748299319728,-80.1927906416876,11,2
449.590604026846,234.852348993289,-80.3616639345359,10,2
449.571428571429,234.673469387755,-80.789823888303,12,2
449.547945205479,235,-80.1523971695819,15,2
449.513698630137,235.054794520548,-79.8587925482481,8,2
449.554054054054,234.844594594595,-78.7324231895173,10,2
449.554794520548,234.787671232877,-78.1790951803087,6,2
449.528169014084,234.619718309859,-78.4494890338198,8,2
449.5,234.576388888889,-78.6881159882715,10,2
449.534246575342,234.712328767123,-79.3799107420585,8,2
449.517006802721,234.897959183673,-77.0885750365628,13,2
449.486301369863,234.86301369863,-77.5957381414422,5,2
449.347222222222,234.701388888889,-79.1846572381463,6,2
449.430555555556,234.805555555556,-78.7752218271001,6,2
449.374149659864,234.775510204082,-77.5876305646423,7,2
449.431506849315,234.554794520548,-77.2172802578363,11,2
449.415492957746,234.647887323944,-76.0350791949353,6,2
449.455172413793,234.71724137931,-76.4792864624198,5,2
449.465753424658,234.86301369863,-75.8336462859085,3,2
449.328767123288,234.493150684931,-77.1169687994255,8,2
449.286713286713,234.72027972028,-75.686415228411,9,2
449.243243243243,234.743243243243,-76.8045531463855,9,2
449.075862068966,234.662068965517,-80.3831097481142,13,2
449.066225165563,234.735099337748,-77.7005563862148,16,2
448.993150684931,234.561643835616,-78.9887568460281,7,2
449.04,234.573333333333,-77.8899411483543,8,2
449.080536912752,234.536912751678,-76.0873921237955,7,2
448.735483870968,234.677419354839,-80.2745518564373,14,2
449.013245033113,234.682119205298,-77.4895208829586,14,2
448.789473684211,234.776315789474,-80.6351147461532,13,2
448.856209150327,234.81045751634,-80.396185814803,13,2
448.924657534247,234.527397260274,-78.5029448424396,17,2
448.868965517241,234.648275862069,-78.5646223366358,15,2
448.791666666667,234.222222222222,-78.3306924035707,19,2
448.698630136986,234.527397260274,-79.2252804612441,14,2
448.883211678832,234.321167883212,-76.0735451556407,21,2
448.984848484848,233.75,-73.8834483780301,15,2
449.093023255814,233.627906976744,-73.6802906312781,29,2
448.581196581197,232.264957264957,80.8843571831861,54,2
448.915254237288,231.64406779661,62.0732882718979,33,2
449.538461538462,230.264957264957,58.9872919990397,41,2
449.012658227848,233.094936708861,72.7471947761436,57,2
445.5,244.705882352941,-9.74117250091197,70,2
443.1875,245.5625,-10.6560592903202,100,2
451.58407079646,223.176991150442,82.1911925980437,57,2
452.347457627119,221.076271186441,61.7441257979366,55,2
453.02479338843,219.363636363636,47.6260771949925,41,2
454.4765625,216.9765625,53.8479310583235,55,2
456.358974358974,214.581196581197,75.3875310503726,63,2
456.787610619469,213.814159292035,78.160181351729,22,2
457.681034482759,210.405172413793,79.4675695166379,61,2
458.225,209.375,75.5594887506044,24,2
458.852459016393,207.172131147541,66.9383427982034,50,2
459.796460176991,204.238938053097,63.6604566150648,57,2
459.939130434783,203.678260869565,67.8414105199472,20,2
460.859813084112,200.317757009346,89.9881981180951,64,2
461.02752293578,199.284403669725,-89.2363991780923,26,2
461.436363636364,197.509090909091,86.0322301154118,37,2
461.655462184874,196.168067226891,79.7412457024501,37,2
461.661290322581,195.016129032258,81.1755741602513,27,2
461.973451327434,192.318584070796,87.7950100826142,55,2
462.083333333333,191.966666666667,-89.1941410492096,25,2
462.25,189.775,-86.9876446974549,46,2
462.704918032787,187.549180327869,-87.9817836499474,42,2
462.821705426357,186.759689922481,88.1576449574495,19,2
462.940677966102,184.423728813559,77.8076510262898,47,2
463.140495867769,183.462809917355,75.2913026791967,21,2
463.689655172414,181.163793103448,75.789592788142,45,2
464.160714285714,178.910714285714,85.2724327852487,40,2
464.398148148148,177.962962962963,87.7592928443944,22,2
464.594594594595,175.738738738739,87.0253651318926,39,2
464.929824561404,174.078947368421,84.4514401577221,31,2
465.394957983193,172.218487394958,75.7213057185452,35,2
466.042016806723,169.512605042017,69.0541263902669,52,2
466.330434782609,168.313043478261,70.0532845446024,22,2
467,166.09009009009,82.2516311483598,40,2
467.238938053097,164.964601769911,88.1480853257323,20,2
467.628318584071,162.637168141593,-84.9073736539541,44,2
467.840707964602,160.141592920354,-87.6129557379714,38,2
467.850877192982,159.061403508772,88.3916972431766,19,2
468.008620689655,156.913793103448,80.68654562339,42,2
468.114035087719,155.491228070175,77.8890249556182,26,2
468.345454545455,153.072727272727,80.4057335610885,40,2
468.733944954128,150.293577981651,-87.7980247699701,41,2
468.79,149.53,-85.1478019910673,19,2
469.082568807339,146.550458715596,88.7119567844065,45,2
469.313043478261,145.817391304348,88.6866910708974,20,2
469.547008547009,143.538461538462,77.9644377532708,46,2
469.862068965517,141.370689655172,73.1009011077746,41,2
470.223300970874,139.834951456311,74.9277428214804,25,2
470.551401869159,137.943925233645,80.4459063899288,38,2
470.583333333333,136.425925925926,84.6272932932493,29,2
471.130841121495,134.065420560748,-86.6388504262347,47,2
471.366336633663,131.851485148515,-89.8324725485597,42,2
471.418367346939,131.132653061224,84.8781138444757,11,2
471.711340206186,129.082474226804,76.8590578996638,39,2
471.990566037736,127.707547169811,76.9168036811026,29,2
471.942857142857,125.409523809524,79.0176973429173,39,2
472.222222222222,123.722222222222,87.8221649633209,27,2
472.47619047619,122.466666666667,-88.8783600271349,25,2
472.621359223301,120.271844660194,-85.5874307501021,38,2
472.771428571429,119.485714285714,-86.7793253120815,14,2
472.918918918919,117.369369369369,86.1099698091856,34,2
473.076190476191,115.038095238095,76.9596495884441,44,2
473.171428571429,113.742857142857,75.3953629482348,24,2
473.571428571429,111.387755102041,80.1735630830082,43,2
473.609090909091,110.318181818182,86.1304636004974,22,2
474.159292035398,108.442477876106,-86.2896965465421,45,2
474.34188034188,106.025641025641,-86.7534918518814,44,2
474.460869565217,104.713043478261,87.7132284168651,28,2
NaN,NaN,NaN,115,2
NaN,NaN,NaN,0,2
NaN,NaN,NaN,0,2
NaN,NaN,NaN,0,2
NaN,NaN,NaN,0,2
NaN,NaN,NaN,0,2
NaN,NaN,NaN,0,2
NaN,NaN,NaN,0,2
NaN,NaN,NaN,0,2
NaN,NaN,NaN,0,2
NaN,NaN,NaN,0,2
NaN,NaN,NaN,0,2
NaN,NaN,NaN,0,2
NaN,NaN,NaN,0,2
NaN,NaN,NaN,0,2
NaN,NaN,NaN,0,2
NaN,NaN,NaN,0,2
NaN,NaN,NaN,0,2
NaN,NaN,NaN,0,2
NaN,NaN,NaN,0,2
NaN,NaN,NaN,0,2
NaN,NaN,NaN,0,2
NaN,NaN,NaN,0,2
NaN,NaN,NaN,0,2
NaN,NaN,NaN,0,2
NaN,NaN,NaN,0,2
NaN,NaN,NaN,0,2
NaN,NaN,NaN,0,2
NaN,NaN,NaN,0,2
NaN,NaN,NaN,0,2
NaN,NaN,NaN,0,2
NaN,NaN,NaN,0,2
NaN,NaN,NaN,0,2
NaN,NaN,NaN,0,2
NaN,NaN,NaN,0,2
435.307142857143,249.085714285714,8.40648983292571,NaN,3
435.185714285714,249.142857142857,9.01630244983965,6,3
435.323741007194,249.194244604317,7.76564632886899,7,3
435.195488721805,249.097744360902,8.40920965759456,10,3
435.262773722628,249.094890510949,7.7741222061615,6,3
435.376811594203,248.942028985507,7.84028410121165,5,3
435.471428571429,248.935714285714,7.72896923418536,6,3
435.371428571429,248.95,8.65563291198218,6,3
435.748299319728,248.925170068027,8.95913504865345,9,3
435.906040268456,248.838926174497,9.85066805074927,6,3
436.072368421053,248.822368421053,9.33674851528633,9,3
436.214285714286,248.785714285714,9.3478389540304,14,3
436.341935483871,248.761290322581,8.64638049511007,3,3
435.934210526316,248.743421052632,8.38571620994267,9,3
435.58389261745,248.906040268456,8.51941627915554,11,3
435.931506849315,248.883561643836,7.48561269556015,13,3
435.412587412587,248.895104895105,8.6381146699158,9,3
435.335664335664,248.972027972028,7.93251066560856,4,3
435.593103448276,248.848275862069,8.35150308481493,8,3
435.534722222222,248.840277777778,8.0496810066376,9,3
436.082802547771,248.732484076433,8.33456768588566,15,3
436.15923566879,248.745222929936,9.15548434897777,12,3
436.090322580645,248.78064516129,9.50168730747949,2,3
436.160256410256,248.794871794872,8.96649719759893,3,3
436.289308176101,248.817610062893,8.81262147063152,5,3
436.21875,248.66875,7.69755021348447,15,3
436.152866242038,248.764331210191,6.943158481316,7,3
435.910256410256,248.814102564103,8.57824151686273,5,3
435.8125,248.7,5.53528983738428,14,3
435.703225806452,248.877419354839,6.9522894824912,11,3
435.623376623377,248.87012987013,7.02147664676437,5,3
435.340277777778,248.826388888889,4.50364387683245,12,3
435.12676056338,248.830985915493,4.95544870969855,6,3
435.183098591549,248.915492957746,5.2827504854893,6,3
435.021126760563,248.781690140845,3.45354469432548,6,3
434.875912408759,248.766423357664,4.54365586410162,7,3
434.861313868613,248.766423357664,4.78891177906642,4,3
434.748201438849,248.805755395683,4.32469147660213,4,3
435,248.794326241135,4.94512062897366,6,3
435.122448979592,248.734693877551,3.14664242678365,8,3
434.965753424658,248.595890410959,6.15448640900592,9,3
435.544217687075,248.639455782313,10.0930507024748,21,3
435.450980392157,248.653594771242,16.258813164342,26,3
434.417910447761,249.529850746269,53.9829583213769,59,3
434.36690647482,249.848920863309,57.6332293462984,31,3
433.086956521739,251.434782608696,61.0596102567949,57,3
432.028571428571,253.271428571429,45.3013751416698,48,3
431.711409395973,254.03355704698,40.8222006002545,31,3
430.578571428571,255.55,24.2788075689464,59,3
430.068027210884,255.707482993197,22.1772295725651,25,3
427.911764705882,256.492647058824,30.2247793731982,53,3
425.876033057851,257.247933884298,43.2420306547999,45,3
424.672727272727,258.354545454545,61.204396504061,35,3
424.266666666667,258.914285714286,71.6841345548991,27,3
424.049019607843,259.78431372549,69.8022147185322,15,3
423.550458715596,260.779816513761,71.4089966722927,33,3
422.847619047619,261.923809523809,74.1523494666783,36,3
422.67619047619,262.32380952381,71.5266007073834,12,3
421.982300884956,263.973451327434,67.9574792072192,34,3
421.801801801802,264.540540540541,65.6629031494907,16,3
421.373913043478,265.782608695652,59.3353451971764,34,3
420.956896551724,266.913793103448,63.2940147110583,29,3
420.401869158879,267.96261682243,70.9717884930985,21,3
419.971428571429,269.790476190476,83.4767381979479,30,3
419.676470588235,270.852941176471,-87.3700498061411,17,3
419.533333333333,272.257142857143,-84.0453660166421,31,3
419.461538461538,273.980769230769,-86.1820956301228,29,3
419.403669724771,274.733944954128,-88.4695026732449,17,3
419.67,276.14,85.50572356269,27,3
419.663461538462,277.384615384615,82.0080729407796,20,3
419.768518518519,278.425925925926,83.7046615945688,22,3
419.72380952381,280.133333333333,87.2398664471382,27,3
419.700934579439,281.056074766355,-89.8495009498553,14,3
419.732673267327,282.306930693069,-82.8157532744793,26,3
419.834951456311,283.553398058252,-76.9048381693571,22,3
420.039603960396,284.752475247525,-75.635902185458,24,3
420.128712871287,286.356435643564,-79.6950501305267,26,3
420.31,287.18,-81.403805580593,15,3
420.474747474747,288.555555555556,-87.8485112738371,23,3
420.583333333333,289.197916666667,-88.4529577646198,11,3
420.89898989899,290.30303030303,-85.6558268866657,23,3
421.049504950495,291.544554455446,-84.6467077822701,24,3
421.330188679245,292.264150943396,-79.0794609350954,13,3
421.485148514851,293.039603960396,-71.0286859816939,19,3
421.745283018868,293.924528301887,-70.3993343013083,17,3
422.233009708738,295.446601941748,-65.0480822553547,27,3
422.444444444444,296.592592592593,-68.1534909144859,23,3
422.638888888889,297.296296296296,-69.4075559454667,16,3
423.087378640777,298.388349514563,-75.6921640683065,23,3
423.235849056604,298.839622641509,-77.3421667227171,11,3
423.788461538462,300.240384615385,-79.6994270897088,26,3
424.095238095238,301.380952380952,-81.8219612511924,27,3
424.283018867925,302.198113207547,-80.6438151125721,17,3
424.590476190476,303.27619047619,-77.3347669607321,21,3
424.815533980583,303.961165048544,-75.2074629677647,12,3
424.990825688073,304.807339449541,-71.5234087391488,22,3
425.376146788991,306.018348623853,-70.2518206771784,22,3
425.403669724771,306.174311926606,-69.86207088696,8,3
425.672566371681,307.194690265487,-70.4005725932161,18,3
425.752293577982,307.45871559633,-71.649452326884,12,3
426.314814814815,308.759259259259,-71.7616351581289,23,3
426.663551401869,309.859813084112,-75.2616083714894,19,3
426.691588785047,310.084112149533,-75.3628303055915,8,3
427.092592592593,311.342592592593,-77.9340737454166,21,3
427.165048543689,311.582524271845,-78.7270289874584,7,3
427.462962962963,312.592592592593,-75.9259340785101,17,3
427.596330275229,313.082568807339,-76.5005198695027,11,3
427.752293577982,313.532110091743,-76.809819374187,10,3
427.922330097087,314.242718446602,-77.294067373558,16,3
428.128712871287,314.742574257426,-78.2400441160999,12,3
428.280373831776,315.383177570093,-77.3152816986484,10,3
428.532110091743,315.926605504587,-76.3971101290649,10,3
428.5,316.185185185185,-76.7864372330706,5,3
428.691588785047,317.392523364486,-75.0787001834193,19,3
428.740740740741,317.398148148148,-75.4944501674785,5,3
428.824074074074,317.981481481481,-74.5855816458814,10,3
428.981481481481,318.351851851852,-75.5634541097342,10,3
429.165137614679,318.816513761468,-74.122367127402,9,3
429.214285714286,319.330357142857,-73.2098492875266,11,3
429.295652173913,319.330434782609,-72.784342313803,5,3
429.35652173913,319.913043478261,-72.7163874410563,10,3
429.446428571429,320.1875,-72.2956512581298,5,3
429.538461538462,320.632478632479,-72.6366444860258,9,3
429.621621621622,321.036036036036,-73.8046542815508,10,3
429.807339449541,321.440366972477,-73.3834316223859,8,3
429.981308411215,322.121495327103,-73.6194435699896,14,3
430.138888888889,322.5,-73.240630249289,9,3
430.201834862385,322.889908256881,-73.1066388156766,5,3
430.385964912281,323.263157894737,-71.8055283094594,9,3
430.35652173913,323.286956521739,-72.2545943321526,3,3
430.415254237288,323.567796610169,-72.098561905566,7,3
430.461538461538,324,-72.3004762055844,9,3
430.542372881356,324.194915254237,-72.0834495098125,9,3
430.675213675214,324.880341880342,-72.649759607126,13,3
430.663793103448,324.758620689655,-73.2255453066176,5,3
430.821428571429,325.116071428571,-71.3196263647311,10,3
431.060344827586,325.491379310345,-71.6897358979878,10,3
431.094827586207,325.594827586207,-71.4685761108408,4,3
431.243243243243,326.279279279279,-72.261021010237,9,3
431.336363636364,326.618181818182,-71.7289228232836,9,3
431.401785714286,326.875,-71.9288921522762,6,3
431.532110091743,327.165137614679,-71.8960322113348,7,3
431.51376146789,327.330275229358,-71.3549676495215,4,3
431.590909090909,327.572727272727,-72.5709088546422,5,3
431.695652173913,327.808695652174,-71.4642458905479,7,3
431.616071428571,327.883928571429,-73.0934774833679,9,3
431.877192982456,328.254385964912,-70.9145907911649,8,3
431.853448275862,328.284482758621,-71.6322463481289,6,3
431.940170940171,328.606837606838,-72.0719347389623,5,3
432.026086956522,328.8,-71.5727750021861,4,3
432.212389380531,329.115044247788,-71.357251922453,8,3
432.104347826087,329.130434782609,-71.284614943398,4,3
432.131578947368,329.350877192982,-71.1614599796516,7,3
432.178571428571,329.535714285714,-70.8175031523703,2,3
432.263157894737,329.657894736842,-71.0525835510449,4,3
432.309734513274,329.973451327434,-70.7566994401001,7,3
432.405405405405,330.243243243243,-71.0975891903799,6,3
432.376146788991,330.376146788991,-70.1839636198195,4,3
432.54128440367,330.642201834862,-70.4748827143496,6,3
432.583333333333,330.842592592593,-70.9130069402936,5,3
432.598130841121,330.971962616822,-71.4169906790097,3,3
432.567567567568,331.225225225225,-71.5419831845859,6,3
432.6,331.2,-71.3595720833597,1,3
432.772727272727,331.490909090909,-71.1850559227881,6,3
432.7,331.445454545455,-72.215946147411,4,3
432.898148148148,331.62962962963,-70.7738457947997,8,3
432.946428571429,331.723214285714,-69.0522536406498,8,3
433.056074766355,331.831775700935,-69.6653276137208,7,3
433.133333333333,331.961904761905,-69.862986257916,2,3
433.121495327103,332.046728971963,-70.6934902034337,6,3
433.261682242991,332.476635514019,-69.9672949737714,8,3
433.314814814815,332.694444444444,-70.780597512459,3,3
433.275229357798,332.605504587156,-70.5150852371385,1,3
433.275229357798,332.605504587156,-70.5150852371385,0,3
433.306306306306,332.702702702703,-70.4709637873667,4,3
433.315315315315,332.720720720721,-70.5443598251346,2,3
433.276785714286,332.607142857143,-70.6013089123001,1,3
433.449541284404,333.009174311927,-70.7001555476034,5,3
433.5,333.185185185185,-70.69605006551,3,3
433.537037037037,333.287037037037,-69.7506837917589,2,3
433.603773584906,333.301886792453,-69.9019227879834,2,3
433.575471698113,333.377358490566,-70.41966491548,2,3
433.587155963303,333.56880733945,-70.7242848727196,5,3
433.601851851852,333.574074074074,-71.4739638579901,3,3
433.635514018692,333.626168224299,-71.8302353830884,1,3
433.6,333.704761904762,-71.1472286939844,2,3
433.706422018349,333.688073394495,-71.5007123633471,4,3
433.707547169811,333.792452830189,-71.152051390939,3,3
433.632075471698,333.792452830189,-71.5747661094494,6,3
433.695238095238,334.047619047619,-71.1068701513864,5,3
433.796116504854,333.932038834951,-70.4245352692108,6,3
433.807692307692,334.307692307692,-71.9871309833863,5,3
433.780952380952,334.076190476191,-72.2778705609438,5,3
433.712962962963,334.101851851852,-71.8951086219139,5,3
433.695238095238,334.047619047619,-71.3843399693803,5,3
433.754716981132,334.028301886792,-72.8957385845548,5,3
433.952380952381,334.171428571429,-71.4058261672317,7,3
433.915887850467,334.383177570093,-70.2186559616157,6,3
433.944444444444,334.37962962963,-71.2531451637753,7,3
433.981132075472,334.443396226415,-71.240284787787,2,3
434.047619047619,334.4,-70.1735721676444,5,3
434.035714285714,334.419642857143,-70.1811707578431,7,3
434.064220183486,334.56880733945,-69.9248651717848,5,3
434.118181818182,334.472727272727,-70.4258118139334,5,3
434.155963302752,334.577981651376,-70.4387564765751,1,3
NaN,NaN,NaN,109,3
435.854545454545,237.463636363636,-88.9753110511561,NaN,4
435.898148148148,237.398148148148,-88.4885422797435,2,4
435.898148148148,237.398148148148,-88.4885422797435,0,4
435.828828828829,237.495495495496,-89.2746141384585,3,4
435.9,237.327272727273,-89.0177963534644,3,4
435.873873873874,237.36036036036,-89.358256629852,1,4
435.853211009174,237.366972477064,-88.9608616135687,4,4
435.796296296296,237.287037037037,-89.0115594720553,3,4
435.752293577982,237.51376146789,-89.0379289788464,3,4
435.824074074074,237.351851851852,-88.6791758228658,3,4
435.816513761468,237.45871559633,-89.050474083428,1,4
435.816513761468,237.45871559633,-89.050474083428,0,4
435.794392523364,237.439252336449,-88.5011160191894,2,4
435.833333333333,237.416666666667,-88.7941720910245,1,4
435.854545454545,237.463636363636,-88.9753110511561,2,4
435.828828828829,237.495495495496,-89.2746141384585,1,4
435.871559633028,237.532110091743,-89.3738503271042,2,4
435.861111111111,237.425925925926,-89.4299377873469,3,4
435.828828828829,237.495495495496,-89.2746141384585,3,4
435.816513761468,237.45871559633,-89.050474083428,2,4
435.869158878505,237.158878504673,-88.0849212651801,4,4
435.862385321101,237.440366972477,-89.1019171749798,4,4
435.816513761468,237.48623853211,-88.6765628102493,4,4
435.854545454545,237.463636363636,-88.9753110511561,1,4
435.821428571429,237.607142857143,-89.6108717536332,2,4
435.790909090909,237.490909090909,-89.3435709232556,2,4
435.816513761468,237.45871559633,-89.050474083428,1,4
435.854545454545,237.463636363636,-88.9753110511561,1,4
435.866071428571,237.464285714286,-89.7031040871195,2,4
435.891891891892,237.432432432432,-89.3971539522253,1,4
435.862385321101,237.357798165138,-88.5811144544518,2,4
435.848214285714,237.544642857143,-88.9369430237815,3,4
435.848214285714,237.544642857143,-88.9369430237815,0,4
435.891891891892,237.432432432432,-89.3971539522253,3,4
435.891891891892,237.432432432432,-89.3971539522253,0,4
435.866071428571,237.464285714286,-89.7031040871195,1,4
435.909090909091,237.5,-89.8158121164906,2,4
435.909090909091,237.390909090909,-89.1289997922559,2,4
435.891891891892,237.432432432432,-89.3971539522253,1,4
435.833333333333,237.444444444444,-88.4180831376703,3,4
435.871559633028,237.422018348624,-88.7112765590149,1,4
435.834782608696,238.113043478261,89.7661357661133,6,4
435.836206896552,238.215517241379,89.8135453361163,1,4
435.816666666667,238.683333333333,88.9519478512722,8,4
435.724409448819,239.149606299213,87.4801018469081,15,4
435.795454545455,239.265151515152,89.1417684259669,13,4
435.869565217391,239.775362318841,89.8450291482756,12,4
435.711111111111,239.511111111111,89.3365446451156,17,4
435.765517241379,239.88275862069,-89.479558736826,12,4
435.945945945946,239.932432432432,-85.1116359583085,25,4
436.058823529412,240.320261437908,-84.0170106538166,19,4
435.933333333333,239.846666666667,-85.7863774058386,33,4
436.4,240.348387096774,-83.1832427955303,21,4
436.780898876404,239.88202247191,-79.4056733240019,61,4
435.497005988024,238.275449101796,61.3553739358202,73,4
436.540740740741,235.911111111111,44.3161488842333,62,4
437.58041958042,235.391608391608,56.0484623165378,52,4
438.167785234899,234.865771812081,60.8706987889839,36,4
439.967532467532,233.909090909091,78.3230619356658,91,4
441.952380952381,228.531746031746,59.6991719841633,80,4
442.561983471074,227.628099173554,56.8355000278498,65,4
444,224.826446280992,61.3720869976267,54,4
444.674796747967,223.723577235772,70.0321021126974,30,4
446.162162162162,220.171171171171,86.6821978321132,70,4
446.95652173913,218.321739130435,77.5099896466117,48,4
447.306306306306,217.036036036036,65.8249415719531,26,4
448.205128205128,215.162393162393,58.0190168225403,42,4
448.782258064516,213.862903225806,63.4071613254061,33,4
449.69918699187,212.317073170732,73.1139361805594,41,4
451.342342342342,209.324324324324,77.2612544116672,62,4
451.793103448276,208.422413793103,73.3705537531099,21,4
452.369369369369,207.072072072072,66.8809867532242,33,4
452.818181818182,205.892561983471,67.593164922041,30,4
453.798319327731,202.638655462185,86.7860123359149,60,4
454.392307692308,200.876923076923,-87.1595501849444,49,4
454.508196721311,199.696721311475,-89.7730844206864,30,4
454.763779527559,197.755905511811,81.713148465818,47,4
455.111940298507,196.60447761194,79.0263609371626,29,4
455.287878787879,193.80303030303,70.086744453954,64,4
455.612403100775,191.651162790698,70.6748531947611,45,4
455.991803278689,190.352459016393,74.325547057149,31,4
456.648648648649,187.693693693694,78.7339581433709,55,4
456.963636363636,186.418181818182,77.6532546477051,29,4
457.412280701754,184.368421052632,67.6017251635137,44,4
457.92,182.784,67.2209300035128,43,4
458.15652173913,181.730434782609,68.8778411905125,24,4
458.821428571429,179.803571428571,79.8060626749113,45,4
459.387931034483,177.991379310345,84.8921965374831,34,4
459.9765625,175.7890625,85.9438249032896,44,4
460.785714285714,173.460317460317,80.7054987494724,50,4
460.958333333333,172.433333333333,77.9520640016141,24,4
461.52380952381,169.504761904762,73.9456580602226,53,4
461.790909090909,167.863636363636,79.9046184025433,33,4
462.025641025641,166.205128205128,89.6591321061277,37,4
462.535714285714,163.151785714286,-83.7958803745183,63,4
462.527272727273,162.081818181818,87.9930591584931,24,4
462.82905982906,160.34188034188,81.8893872129577,35,4
462.79674796748,158.967479674797,78.0340176677812,24,4
462.763779527559,156.55905511811,81.0271036677886,50,4
462.862595419847,154.374045801527,-88.9401260682081,40,4
462.991596638655,152.739495798319,-84.7925049411669,36,4
462.964285714286,150,-78.8834060505436,53,4
463,148.782608695652,-83.3998181813701,23,4
462.940677966102,146.813559322034,88.6409379408195,41,4
462.964285714286,144.125,87.2476740638691,50,4
462.918918918919,142.801801801802,-89.0944100025872,23,4
463.081081081081,140.630630630631,-81.6263980931616,44,4
463.051724137931,139.465517241379,-78.9238080218128,25,4
463.228070175439,137.456140350877,-85.1670767382594,44,4
463.324561403509,134.885964912281,85.6299218924151,48,4
463.261682242991,134.009345794393,83.5746414438406,21,4
463.355140186916,131.467289719626,89.9220907289771,42,4
463.351351351351,130.261261261261,-84.0753711340711,26,4
463.647058823529,127.43137254902,-73.2374907940493,51,4
463.54128440367,125.422018348624,-80.6917448927193,41,4
463.444444444444,124.240740740741,-84.8571993313409,21,4
463.316326530612,122.122448979592,87.0069572265925,40,4
463.28125,120.9375,83.8666288779034,20,4
463.353535353535,119.232323232323,88.342667945482,31,4
463.407766990291,116.728155339806,-82.2910450665278,42,4
463.464646464646,115.707070707071,-81.0362314886074,26,4
463.444444444444,113.616161616162,-82.9717209014567,38,4
463.405940594059,112.29702970297,-87.4342240413951,26,4
463.343434343434,109.878787878788,81.9986987553565,44,4
463.384615384615,107.567307692308,85.3233415670199,43,4
463.3,106.39,-88.941072981268,22,4
463.227642276423,101.772357723577,-76.8878400206656,75,4
NaN,NaN,NaN,123,4
NaN,NaN,NaN,0,4
NaN,NaN,NaN,0,4
NaN,NaN,NaN,0,4
NaN,NaN,NaN,0,4
NaN,NaN,NaN,0,4
NaN,NaN,NaN,0,4
NaN,NaN,NaN,0,4
NaN,NaN,NaN,0,4
NaN,NaN,NaN,0,4
NaN,NaN,NaN,0,4
NaN,NaN,NaN,0,4
NaN,NaN,NaN,0,4
NaN,NaN,NaN,0,4
NaN,NaN,NaN,0,4
NaN,NaN,NaN,0,4
NaN,NaN,NaN,0,4
NaN,NaN,NaN,0,4
NaN,NaN,NaN,0,4
NaN,NaN,NaN,0,4
NaN,NaN,NaN,0,4
NaN,NaN,NaN,0,4
NaN,NaN,NaN,0,4
NaN,NaN,NaN,0,4
NaN,NaN,NaN,0,4
NaN,NaN,NaN,0,4
NaN,NaN,NaN,0,4
NaN,NaN,NaN,0,4
NaN,NaN,NaN,0,4
NaN,NaN,NaN,0,4
NaN,NaN,NaN,0,4
NaN,NaN,NaN,0,4
NaN,NaN,NaN,0,4
