400.904411764706,229.411764705882,42.5707225682082,NaN,1
400.93984962406,229.345864661654,42.5021910954061,3,1
400.822222222222,229.459259259259,42.7075774697821,4,1
400.917293233083,229.375939849624,42.7093057960803,2,1
400.932330827068,229.338345864662,42.4227124235807,2,1
400.830882352941,229.426470588235,42.3097710061873,7,1
400.81884057971,229.485507246377,42.6311152590635,6,1
400.920289855072,229.463768115942,42.532428902258,4,1
400.729927007299,229.423357664234,42.0672099583278,7,1
400.751824817518,229.518248175182,42.6196231553863,4,1
400.984848484848,229.371212121212,43.2825196985103,5,1
400.954887218045,229.368421052632,43.1632914769173,1,1
400.902985074627,229.39552238806,42.9273840673128,1,1
400.954887218045,229.421052631579,43.5132362527495,3,1
400.969696969697,229.371212121212,43.3991728184036,3,1
400.992592592593,229.414814814815,43.2820433679711,7,1
401.162790697674,229.333333333333,43.1258910938554,8,1
401.308333333333,228.975,30.1449368507333,45,1
401.682170542636,228.589147286822,16.1689021189669,49,1
404.026315789474,227.684210526316,9.59617193394092,49,1
406.3125,226.982142857143,21.6092824133041,58,1
407.873949579832,226.638655462185,36.9795110238704,53,1
410.663716814159,224.70796460177,45.29513236988,80,1
414.618556701031,221.185567010309,31.5448110651973,74,1
415.623762376238,220.881188118812,34.9671742060638,34,1
418.912621359223,218.359223300971,63.7544119743114,90,1
420.48,216.35,-83.3679760875237,51,1
421.330097087379,213.815533980583,-87.6184180901467,57,1
421.54128440367,210.715596330275,73.4675934494148,66,1
421.829787234043,209.159574468085,71.8056898967993,35,1
422.5625,204.875,-76.1210394783889,76,1
422.423728813559,203.313559322034,-72.0401932660235,40,1
421.951612903226,199.41935483871,-73.1909551693143,80,1
421.230158730159,195.15873015873,-81.9478305124514,80,1
420.603773584906,192.933962264151,-73.1858471556863,42,1
418.930434782609,189.434782608696,-55.1044379920544,75,1
418.0859375,187.8203125,-53.6258189306884,39,1
415.460869565217,184.286956521739,-67.7641471255637,75,1
413.25641025641,180.649572649573,-72.8298931728701,68,1
412.084112149533,178.766355140187,-59.9668184346342,40,1
409.369369369369,174.891891891892,-44.1213512969843,82,1
407.880952380952,173.142857142857,-50.5154698264762,47,1
405.056451612903,168.959677419355,-64.2377105786276,88,1
402.449152542373,164.915254237288,-61.5498540798296,80,1
401.112068965517,163.137931034483,-47.0026244625666,40,1
398.5,160.175925925926,-36.5176503717087,74,1
396.848739495798,158.025210084034,-47.9172978376444,49,1
393.939655172414,154.103448275862,-59.7879022912815,85,1
391.14406779661,150.669491525424,-43.7318712927605,78,1
389.779816513761,149.45871559633,-28.0941370402186,37,1
385.730769230769,146.096153846154,-30.9396470254341,91,1
383.991666666667,144.3,-44.9144969949855,46,1
380.148760330579,140.917355371901,-52.0525203549392,85,1
376.700787401575,137.905511811024,-30.0908721589214,84,1
374.1875,136.142857142857,-21.8245908619617,53,1
370.725663716814,134.380530973451,-29.009303025037,75,1
368.317073170732,132.260162601626,-48.5446202551747,52,1
364.35593220339,128.635593220339,-49.0530351196814,93,1
360.642857142857,125.690476190476,-29.9370304035651,84,1
358.758620689655,124.448275862069,-25.9541509142184,40,1
355.353982300885,122.575221238938,-33.7771266977919,71,1
352.912,120.576,-46.2467115452704,56,1
349.196721311475,117.418032786885,-43.3080992191001,81,1
345.4140625,114.9453125,-23.4841916665704,84,1
343.067796610169,113.906779661017,-22.5346829246203,42,1
339.426086956522,112.434782608696,-32.4562948293239,73,1
337.06976744186,110.550387596899,-46.0237353198214,54,1
332.75,107.467741935484,-32.4740640682141,91,1
328.728,105.472,-19.6478783122608,83,1
326.513274336283,104.504424778761,-25.0665342220234,44,1
322.436363636364,102.445454545455,-33.5966337241206,79,1
319.640350877193,100.166666666667,-43.8091188491091,58,1
315.96,98.16,-24.1246108711847,77,1
311.728,96.352,-19.4800353253589,80,1
309.747826086957,95.8434782608696,-22.7706124075638,36,1
304.777070063694,92.2292993630573,-39.1145975542167,114,1
302.917647058824,90.7529411764706,-40.1698405834932,63,1
299.084210526316,89.4052631578947,-17.7011643579629,104,1
295.909090909091,88.3787878787879,-10.4089974446776,78,1
294.259259259259,88.2063492063492,-11.1390246191075,55,1
289.892655367232,87.2937853107345,-15.6107036345237,104,1
287.44,86.7885714285714,-14.0072853692953,58,1
284.349462365591,86.3064516129032,-4.03256488911564,93,1
279.791208791209,86.0054945054945,-1.30384041068511,82,1
277.695652173913,85.8913043478261,-3.2223779142206,44,1
NaN,NaN,NaN,184,1
412.550847457627,251.703389830508,-26.9360732950767,NaN,2
412.445378151261,251.605042016807,-26.8060534427257,3,2
412.235772357724,251.536585365854,-26.9682756027151,4,2
412.22131147541,251.55737704918,-26.7132561554888,3,2
412.391666666667,251.633333333333,-26.8541241459064,2,2
412.411764705882,251.596638655462,-26.7925417356418,5,2
412.416666666667,251.666666666667,-26.3893600330123,3,2
412.391666666667,251.591666666667,-26.5302263534975,2,2
412.327868852459,251.516393442623,-27.0059228896199,2,2
412.289256198347,251.586776859504,-26.2865346234908,5,2
412.338842975207,251.528925619835,-26.8980371839896,4,2
412.554621848739,251.663865546218,-27.8234665068975,8,2
412.570247933884,251.842975206612,-34.1245350113145,22,2
413.866666666667,253.657142857143,-65.033164105352,52,2
413.610169491525,254.245762711864,-89.7067833644607,21,2
413.136752136752,255.521367521368,45.6096384550718,49,2
412.572580645161,256.709677419355,47.1795105579057,33,2
411.099173553719,258.471074380165,52.3794102182554,57,2
407.984,261.624,59.9465505426746,74,2
407.100775193798,262.736434108527,53.8425398645124,30,2
404.53781512605,266.739495798319,45.9086252145588,92,2
403.24347826087,268.617391304348,41.6704915915756,44,2
398.330434782609,272.078260869565,39.2269821300516,94,2
395.962121212121,274.401515151515,39.5334988549512,59,2
394.093220338983,275.720338983051,35.2761778340069,42,2
389.80303030303,279.090909090909,31.1458201321303,102,2
386.991071428571,281.160714285714,16.7434054079277,64,2
381.567796610169,282.525423728814,24.6682778693552,96,2
377.969465648855,284.297709923664,35.357690257817,77,2
376.059701492537,285.350746268657,29.828596790773,37,2
371.315789473684,287.616541353383,17.0614512896364,93,2
369.815602836879,287.886524822695,9.86500474373006,38,2
365.064285714286,288.421428571429,-4.26200252766585,93,2
359.913043478261,288.31884057971,8.85932354294471,92,2
357.666666666667,288.368055555556,7.972351899851,38,2
353.93984962406,288.421052631579,-0.357904234492497,79,2
351.785185185185,288.333333333333,-8.69788668537284,46,2
345.691056910569,287.154471544715,-14.4707612222296,106,2
341.084507042254,286.169014084507,4.66817899664968,93,2
338.410071942446,285.741007194245,6.15897567464162,47,2
333.36641221374,285.641221374046,-7.95081800946757,100,2
330.302521008403,285.09243697479,-21.7558202421894,62,2
325.356060606061,283.840909090909,-18.5334537734226,91,2
320.617021276596,282.68085106383,1.60675831185778,91,2
318.212121212121,282.575757575758,-2.46616665103272,49,2
312.977272727273,281.734848484848,-13.9269667877671,94,2
310.046153846154,280.923076923077,-27.2302403063899,58,2
305.099236641221,279.045801526718,-18.5751811191512,97,2
300.664383561644,277.890410958904,-6.18720117256356,89,2
298.585034013605,277.510204081633,-9.21291330952414,41,2
293.587786259542,276.007633587786,-19.2075826893407,100,2
290.676691729323,274.87969924812,-31.330645397767,58,2
286.064748201439,272.913669064748,-18.3938476010048,90,2
281.697841726619,271.489208633094,-10.2842836358613,84,2
279.462686567164,270.813432835821,-16.9467097477385,49,2
274.387596899225,268.883720930233,-25.9824645547342,93,2
271.839694656489,267.87786259542,-31.946670509684,46,2
267.893333333333,266.4,-17.7330257051644,85,2
262.914893617021,264.787234042553,-11.6430627033622,95,2
260.544776119403,264.119402985075,-17.89792053005,49,2
255.874074074074,262.459259259259,-26.2815730955272,85,2
253.511278195489,261.458646616541,-27.8203244783501,50,2
249.253521126761,259.964788732394,-14.0099609559021,85,2
244.644927536232,258.710144927536,-15.3098272514235,84,2
242.676923076923,258.292307692308,-21.0778179912766,44,2
238.392857142857,256.785714285714,-26.0534326220217,78,2
236.225225225225,255.900900900901,-20.4642668044844,37,2
233.019047619048,254.514285714286,-6.24168834159522,60,2
229.183098591549,253.718309859155,1.06054819833073,52,2
228.262295081967,253.688524590164,-4.16306308058701,18,2
226.5,253.3125,-22.1147941319125,33,2
NaN,NaN,NaN,32,2
NaN,NaN,NaN,0,2
NaN,NaN,NaN,0,2
NaN,NaN,NaN,0,2
NaN,NaN,NaN,0,2
NaN,NaN,NaN,0,2
NaN,NaN,NaN,0,2
NaN,NaN,NaN,0,2
NaN,NaN,NaN,0,2
NaN,NaN,NaN,0,2
NaN,NaN,NaN,0,2
NaN,NaN,NaN,0,2
NaN,NaN,NaN,0,2
NaN,NaN,NaN,0,2
NaN,NaN,NaN,0,2
NaN,NaN,NaN,0,2
NaN,NaN,NaN,0,2
NaN,NaN,NaN,0,2
NaN,NaN,NaN,0,2
NaN,NaN,NaN,0,2
NaN,NaN,NaN,0,2
NaN,NaN,NaN,0,2
NaN,NaN,NaN,0,2
NaN,NaN,NaN,0,2
NaN,NaN,NaN,0,2
NaN,NaN,NaN,0,2
NaN,NaN,NaN,0,2
NaN,NaN,NaN,0,2
NaN,NaN,NaN,0,2
NaN,NaN,NaN,0,2
NaN,NaN,NaN,0,2
NaN,NaN,NaN,0,2
NaN,NaN,NaN,0,2
393.785714285714,244.484126984127,31.1157579359346,NaN,3
393.801587301587,244.5,32.2401174293975,10,3
393.896,244.536,31.1840542337438,5,3
393.90625,244.4765625,31.9799522288197,5,3
393.75,244.5859375,31.6125754151901,4,3
393.696,244.632,31.3406589802574,5,3
393.732283464567,244.535433070866,32.4504616701351,6,3
393.669291338583,244.448818897638,30.6708751156061,8,3
393.767441860465,244.418604651163,31.0996019032598,4,3
393.81746031746,244.539682539683,30.8120729298392,5,3
393.672131147541,244.508196721311,31.3646150816076,4,3
393.634146341463,244.569105691057,31.8086844284748,3,3
393.857142857143,244.468253968254,31.6777791333764,7,3
393.677685950413,244.537190082645,31.4825829102778,5,3
393.672131147541,244.614754098361,32.5479067910512,5,3
393.880952380952,244.420634920635,31.2658652057479,8,3
393.688524590164,244.450819672131,31.8762855111338,4,3
393.888888888889,244.47619047619,30.9593624349794,6,3
393.704,244.576,31.1400210399989,5,3
393.532258064516,244.806451612903,32.0288603516269,11,3
393.631147540984,244.655737704918,32.3416624198769,8,3
393.632,244.6,31.7550313265507,3,3
393.64,244.64,32.0900772894422,4,3
393.7421875,244.46875,31.116547033133,9,3
393.769230769231,244.515384615385,31.690464680528,4,3
393.761904761905,244.52380952381,31.955504966321,8,3
393.637096774194,244.516129032258,30.9343065773575,4,3
393.766129032258,244.459677419355,31.5171303680951,4,3
393.735537190083,244.504132231405,31.7226626352554,5,3
393.688,244.48,32.437485755613,6,3
393.712,244.584,32.6119448995066,6,3
393.685483870968,244.540322580645,32.8441035387701,7,3
393.55737704918,244.655737704918,31.7271959695749,8,3
393.754098360656,244.549180327869,31.7366920714974,4,3
393.754098360656,244.549180327869,31.7366920714974,0,3
393.573770491803,244.754098360656,32.061982373589,4,3
393.680327868852,244.5,31.2932975978021,8,3
393.628099173554,244.735537190083,33.4175653739596,9,3
393.512605042017,244.72268907563,29.9971655930997,12,3
393.268907563025,244.924369747899,31.9935011126866,8,3
393.584745762712,244.813559322034,39.1338290054726,29,3
393.553719008264,244.884297520661,49.1943566425398,25,3
393.68253968254,245.015873015873,65.0834024552705,49,3
392.3515625,246.8984375,59.8327251616749,58,3
391.643410852713,248.116279069767,51.3957342664966,37,3
389.47619047619,250.84126984127,33.5901187864115,77,3
388.268656716418,251.940298507463,35.4215147193292,40,3
385.545454545455,254.469696969697,48.140343461274,72,3
382.28125,258.109375,44.9032003987321,90,3
380.28813559322,260.313559322034,15.8773178810299,62,3
376.901639344262,261.286885245902,3.42344053101779,82,3
375.051851851852,262.014814814815,2.94795988175319,51,3
369.90243902439,263.235772357724,28.3898678341538,106,3
365.423076923077,264.992307692308,20.5750411013729,93,3
362.78813559322,265.932203389831,7.44702176713094,56,3
357.302083333333,266.854166666667,-0.577404818066475,92,3
354.759615384615,267.144230769231,5.6850168109267,50,3
350.617391304348,267.991304347826,19.6016870248752,85,3
344.940170940171,268.837606837607,9.71730151066929,96,3
342.715596330275,269.697247706422,5.41632913646425,58,3
337.704347826087,269.730434782609,-0.884376437607402,84,3
334.745901639344,270.065573770492,12.2183310411816,51,3
330.573770491803,271.008196721311,17.4322053594279,92,3
325.787401574803,272.11811023622,11.2063907547148,97,3
322.8125,272.553571428571,-4.59099453370566,59,3
318.044642857143,273.0625,2.98128273784564,84,3
316.040650406504,272.983739837398,10.3861963510304,39,3
311.236842105263,274.175438596491,16.5909150949563,95,3
307.167938931298,274.549618320611,0.875906518756768,77,3
304.473684210526,274.833333333333,-5.55357173760437,57,3
299.63025210084,274.899159663866,1.55558995381829,85,3
297.479674796748,274.926829268293,10.3838741069931,44,3
291.872881355932,275.957627118644,11.5419619790318,101,3
288.057851239669,276.198347107438,-7.28258739469771,83,3
285.237288135593,276.533898305085,-10.1283345370949,47,3
280.946153846154,276.384615384615,1.64632384561476,86,3
279.014492753623,276.246376811594,7.73295721255243,44,3
274.549618320611,277.229007633588,11.5172753561734,93,3
269.590163934426,277.868852459016,-6.5591700255839,89,3
267.183333333333,278.025,-6.77331883907876,52,3
262.83606557377,277.737704918033,-1.85401225312588,78,3
260.436090225564,277.812030075188,6.81221641202179,47,3
255.550387596899,278.209302325581,4.94473443598898,92,3
251.219512195122,278.373983739837,-11.8429852501445,84,3
248.834710743802,278.487603305785,-10.4423652613753,44,3
243.777777777778,277.632478632479,-2.35796229711358,86,3
242.127819548872,277.503759398496,-0.127196221677143,44,3
237.19512195122,277.79674796748,-5.02675606783255,92,3
233.072580645161,277.322580645161,-18.1584277722682,81,3
230.448,276.712,-16.9962466367133,45,3
226.543307086614,275.929133858268,-8.06852899283828,78,3
224.825174825175,275.741258741259,-2.88460196990118,42,3
220.709923664122,275.778625954198,-0.640843231494307,86,3
215.834645669291,275.44094488189,-16.1049298683076,90,3
213.333333333333,274.818181818182,-16.5298486241327,41,3
208.833333333333,273.944444444444,0.108717904077646,86,3
207.340579710145,273.768115942029,2.4810603586925,46,3
203.314960629921,274.149606299213,3.11613728234418,77,3
199.2265625,274.1171875,-10.1796363520752,71,3
196.89552238806,273.746268656716,-14.7296776010479,46,3
192.880597014925,273.149253731343,-3.2712551418504,74,3
191.217391304348,272.876811594203,2.4060055609158,38,3
187.960784313725,272.758169934641,2.4956242610707,67,3
183.878787878788,272.90303030303,-13.6489698146705,86,3
181.409090909091,272.597402597403,-16.9533815019143,55,3
178.060810810811,272.209459459459,-11.1698123272725,66,3
176.294520547945,271.979452054795,-6.62977525651831,40,3
173.293706293706,271.727272727273,-2.56576511051707,57,3
170.146853146853,271.601398601399,-7.8077311256545,68,3
168.345588235294,271.433823529412,-14.9944553237944,29,3
165.16,270.52,-14.0978232773383,61,3
163.93023255814,270.434108527132,-13.3735174785767,24,3
161.484126984127,269.880952380952,-7.244508819379,47,3
159.19512195122,269.682926829268,-7.65038227782061,55,3
157.442477876106,269.300884955752,-11.6450425730097,30,3
154.300970873786,268.631067961165,-23.1004123190861,52,3
153.675925925926,268.324074074074,-22.5048626802832,19,3
150.058823529412,267.225490196078,-7.11359317146142,52,3
148.357142857143,267.1875,-5.00086245137767,52,3
146.8125,266.776785714286,-3.83073004898855,22,3
145.481132075472,266.716981132075,-6.67760866648353,34,3
144.853211009174,266.669724770642,-13.9242962611546,23,3
144.594594594595,266.396396396396,-16.1166833387496,30,3
144.112068965517,266.094827586207,-19.0574946421983,27,3
143.675675675676,265.693693693694,-19.7990794057025,17,3
NaN,NaN,NaN,111,3
386.315384615385,245.969230769231,-45.1895451253596,NaN,4
386.203125,245.9140625,-44.6597944232406,4,4
386.223076923077,245.915384615385,-45.318429128289,2,4
386.170542635659,245.767441860465,-45.2878222170058,3,4
386.265625,245.875,-45.1928416456614,3,4
386.215384615385,245.792307692308,-45.1928966423315,6,4
386.240310077519,245.891472868217,-45.1463822433865,5,4
386.354330708661,245.905511811024,-45.3760435563612,4,4
386.271317829457,245.906976744186,-44.9502027828094,2,4
386.404580152672,245.954198473282,-45.0558610693402,4,4
386.451127819549,246.06015037594,-45.2261716501873,4,4
386.75,246.35,-46.6119122752996,11,4
386.986111111111,246.701388888889,-46.7435795904813,12,4
387.393333333333,246.946666666667,-46.7477972278548,50,4
386.606451612903,247.141935483871,-72.7802112067456,85,4
386.855263157895,246.927631578947,-75.3996537557786,43,4
387.602564102564,247.166666666667,10.9244063282108,74,4
388.204678362573,246.894736842105,17.682422296305,51,4
390.801242236025,246.341614906832,19.0086590437853,86,4
394.704347826087,245.278260869565,54.1481304116335,80,4
395.981308411215,243.738317757009,61.8763635909987,38,4
398.561224489796,240.336734693878,52.7823812615696,77,4
399.759259259259,238.666666666667,45.1846891850303,36,4
401.588235294118,236.302521008403,55.4849209099784,63,4
403.931034482759,231.922413793103,-89.5946132955453,97,4
404.070796460177,230.522123893805,86.9961271976657,27,4
404.407766990291,226.563106796117,55.6434402000908,82,4
404.866666666667,225,52.8117053172891,47,4
406.383333333333,221.108333333333,54.9875058467479,78,4
408.299145299145,217.34188034188,72.7775987089961,75,4
409.035714285714,215.580357142857,70.543439356709,31,4
410.359223300971,212.252427184466,46.726940947687,63,4
411.614173228346,210.165354330709,47.3643647958582,50,4
413.620967741935,207.088709677419,59.4292502466442,65,4
416.052631578947,202.5,71.9428439078421,86,4
417,200.566037735849,58.0920392182668,32,4
419.605504587156,196.724770642202,41.7528613021189,83,4
420.453125,195.25,46.1151782954365,51,4
423.396551724138,190.577586206897,65.0188864326176,96,4
425.912280701754,186.140350877193,54.1472659465021,88,4
426.983333333333,184.633333333333,40.6228309404093,44,4
430.138888888889,181.601851851852,29.120935882002,84,4
431.8671875,179.4453125,44.4926560859793,56,4
434.96062992126,175.763779527559,61.0587617207974,87,4
437.918699186992,171.756097560976,48.7468801197391,88,4
439.571428571429,170.044642857143,33.8359087183264,41,4
442.796460176991,166.814159292035,39.6828733615437,85,4
444.408,164.704,52.3509867557429,52,4
447.680327868852,160.516393442623,57.2785321582997,91,4
450.542635658915,156.976744186047,33.219434854193,85,4
452.453781512605,155.36974789916,20.6609287129902,46,4
456.115702479339,152.867768595041,32.6010111189622,90,4
458.5,150.578125,47.3378150236571,61,4
462.343511450382,147.076335877863,40.0357436240879,91,4
465.885714285714,144.528571428571,24.552076829703,83,4
467.975409836066,143.745901639344,22.0392161123026,38,4
471.877049180328,140.819672131148,33.343306016041,96,4
474.858267716535,138.228346456693,50.1257077922842,69,4
478.526717557252,135.297709923664,34.75563297827,86,4
482.992424242424,132.439393939394,24.020087196464,95,4
484.513043478261,131.834782608696,25.0284173305643,37,4
488.857142857143,128.882352941176,39.6929469298096,96,4
491.11811023622,126.803149606299,48.907410090918,56,4
494.860294117647,123.551470588235,29.9281354719867,87,4
499.780303030303,120.522727272727,28.2400201633733,98,4
501.976,119.216,33.5588776892284,47,4
505.528925619835,116.694214876033,38.0374626284229,80,4
508.088,114.536,35.8601812337526,56,4
511.853846153846,112.084615384615,22.8115846777429,83,4
516.385826771654,109.244094488189,31.0078667819821,93,4
517.775862068965,108.586206896552,32.7307931515523,31,4
522.2265625,105.09375,40.2299162838021,94,4
524.484375,103.25,32.4859858556725,48,4
528.782945736434,100.589147286822,23.0897529792898,89,4
533.091666666667,98.0833333333333,38.4384869868227,85,4
535.118644067797,96.7542372881356,39.1189545659049,42,4
538.891666666667,93.9083333333333,32.6256882129082,82,4
540.777777777778,92.3492063492064,26.440729333507,48,4
545.255813953488,89.7519379844961,25.9912226613609,87,4
548.976744186047,87.6046511627907,41.770831612242,76,4
550.969465648855,86.9236641221374,35.4602234531425,42,4
555.341666666667,85.1083333333333,12.5471667358589,85,4
556.7734375,85.0234375,10.9355527126338,32,4
