417.11320754717,231.446540880503,41.7984396294821,NaN,1
417.170886075949,231.424050632911,41.3912226351501,5,1
417.320512820513,231.262820512821,41.9095093711168,6,1
417.290322580645,231.283870967742,41.8055474093321,5,1
417.175,231.40625,41.8435804924307,7,1
417.044303797468,231.550632911392,41.1681182371744,8,1
417.109677419355,231.522580645161,40.6413080292152,5,1
417.145569620253,231.424050632911,42.0073429680307,9,1
417.826923076923,231.108974358974,40.550195427862,28,1
418.245283018868,230.893081761006,37.3497938735571,23,1
418.70625,230.40625,38.6062457303118,43,1
419.030303030303,230.206060606061,44.158239597062,35,1
420.601265822785,229.006329113924,68.0505432793151,77,1
422.125874125874,225.132867132867,85.9486634048321,87,1
422.196078431373,223.411764705882,77.9307510015085,42,1
422.687943262411,220.652482269504,62.0526719215684,82,1
423.396103896104,218.168831168831,62.4869309702727,61,1
425.148936170213,213.943262411348,71.3120672368486,89,1
426.203125,209.8515625,84.0174503593843,75,1
426.186046511628,209.15503875969,79.6209251623147,23,1
426.622516556291,206.41059602649,71.6129794545249,68,1
426.772151898734,205.278481012658,68.5355370030413,37,1
427.446540880503,203.51572327044,59.7036391101492,67,1
428.732876712329,200.431506849315,59.1066872214941,65,1
429.217391304348,199.471014492754,63.7459165780224,22,1
429.760563380282,197.380281690141,74.2187916554399,46,1
430.129496402878,196.071942446043,80.7486085258974,29,1
430.352517985611,194.215827338129,83.9141407477028,50,1
430.633802816901,192.211267605634,83.8904063542228,51,1
430.896296296296,190.977777777778,78.4915196605149,25,1
431.361111111111,189.361111111111,73.9566531394895,37,1
431.727891156463,187.850340136054,69.1769900021387,33,1
432.222972972973,185.97972972973,66.9331561115784,41,1
432.493333333333,184.02,70.8612647622005,40,1
432.771428571429,183.128571428571,76.0830121627993,24,1
433.251798561151,181.230215827338,84.2175876733897,43,1
433.292857142857,179.842857142857,-88.9069475075009,29,1
433.388059701493,177.820895522388,-86.3468809844372,50,1
433.839416058394,175.306569343066,89.6893541168972,61,1
433.739130434783,174.166666666667,86.6166636808502,25,1
433.925170068027,172.285714285714,80.5785143741939,41,1
434.026490066225,171.437086092715,80.3090071371632,26,1
434.10067114094,169.328859060403,80.3438398520544,52,1
434.134228187919,166.973154362416,84.8960229364329,48,1
434.185714285714,166.121428571429,88.6806023215598,25,1
434.055172413793,163.868965517241,-83.3539455295009,53,1
434.0625,162.631944444444,-81.5040532163938,27,1
434.246268656716,160.291044776119,-80.2781681683525,56,1
434.251798561151,158.395683453237,-84.5816096931555,37,1
434.135338345865,157.616541353383,-87.0248839432624,16,1
433.962121212121,154.727272727273,87.6999790710593,49,1
433.862595419847,153.450381679389,87.6444791076027,25,1
433.818181818182,151.492424242424,-88.0649362146631,37,1
433.433823529412,149.735294117647,-81.3712049155363,40,1
433.378787878788,148.878787878788,-80.7960271980272,20,1
432.93023255814,146.449612403101,-76.7897071498686,43,1
432.727272727273,145.333333333333,-77.0337842788581,27,1
432.607407407407,143.348148148148,-81.0517368100505,41,1
432.330769230769,141.230769230769,-86.6095978533241,43,1
432.176923076923,140.123076923077,-88.3740046137409,20,1
431.871212121212,138.022727272727,-88.6204749751053,40,1
431.815384615385,137.192307692308,-87.7389579951422,22,1
431.546762589928,135.755395683453,-84.4875572593742,35,1
431.264285714286,133.892857142857,-79.1495986597553,37,1
431.239130434783,132.811594202899,-78.2869074969324,22,1
430.75,130.419117647059,-75.8155302901645,46,1
430.601449275362,129.717391304348,-76.377941437705,16,1
430.226277372263,127.92700729927,-79.1773397949844,33,1
430.086956521739,126.115942028986,-83.3028493824591,35,1
429.891304347826,124.978260869565,-84.774230652494,20,1
429.671428571429,123.185714285714,-86.2295757438333,32,1
429.514285714286,122.557142857143,-85.4410021277896,18,1
429.343065693431,120.810218978102,-83.5751302250419,29,1
428.992700729927,119.321167883212,-83.0778882449992,34,1
428.917910447761,118.537313432836,-80.6972785875327,19,1
428.511111111111,116.42962962963,-78.97028661746,41,1
428.388059701493,115.223880597015,-79.7382726114328,21,1
428.359712230216,113.309352517986,-83.0802078937005,41,1
428.014285714286,111.021428571429,-88.8535270510134,39,1
428.021428571429,110.628571428571,-88.7412171367607,18,1
427.807142857143,108.057142857143,86.2707903365747,40,1
427.763888888889,107.208333333333,86.3433104250068,20,1
NaN,NaN,NaN,144,1
NaN,NaN,NaN,0,1
NaN,NaN,NaN,0,1
NaN,NaN,NaN,0,1
NaN,NaN,NaN,0,1
NaN,NaN,NaN,0,1
NaN,NaN,NaN,0,1
NaN,NaN,NaN,0,1
NaN,NaN,NaN,0,1
NaN,NaN,NaN,0,1
NaN,NaN,NaN,0,1
NaN,NaN,NaN,0,1
NaN,NaN,NaN,0,1
NaN,NaN,NaN,0,1
NaN,NaN,NaN,0,1
NaN,NaN,NaN,0,1
NaN,NaN,NaN,0,1
422.362068965517,235.034482758621,-8.67876238107065,NaN,2
422.358823529412,234.929411764706,-9.71563355469928,6,2
422.511764705882,234.958823529412,-9.50066581454074,10,2
422.601156069364,234.982658959538,-10.2071825968629,5,2
422.311764705882,235.041176470588,-8.93034270856713,9,2
422.224242424242,234.921212121212,-8.6699722547481,7,2
422.321637426901,234.982456140351,-9.09543622924333,6,2
422.433526011561,234.965317919075,-9.48531117783862,8,2
422.678362573099,234.906432748538,-9.74815840273524,6,2
422.273255813953,234.96511627907,-9.39709429753378,11,2
423.147540983607,235.27868852459,-12.5320687739265,15,2
423.427027027027,235.383783783784,-12.8907827167599,10,2
423.510989010989,235.373626373626,-12.1532419824552,13,2
423.505434782609,235.494565217391,-13.4237364882525,10,2
422.066666666667,234.751515151515,-10.9383454582367,63,2
421.408805031447,234.761006289308,-21.3329043126277,64,2
420.851612903226,234.38064516129,-36.5772458510603,40,2
418.835714285714,232.442857142857,-48.0604643599025,81,2
417.202898550725,230.876811594203,-49.454946528041,44,2
414.805194805195,228.616883116883,-41.8064138363979,68,2
412.447204968944,226.037267080745,-45.5598649701562,77,2
411.342657342657,224.825174825175,-50.225104661488,36,2
409.787234042553,221.390070921986,-70.0430991743985,76,2
409.027972027972,219.216783216783,-76.3531877619771,44,2
408.078014184397,216.028368794326,-76.1683167529881,64,2
407.412587412587,212.685314685315,-67.870984516458,64,2
407.115107913669,211.223021582734,-64.6802102828788,32,2
406.542857142857,209.078571428571,-66.4875174842503,49,2
406.513157894737,207.664473684211,-71.6559245821795,30,2
406.22602739726,205.109589041096,-85.2689592803115,56,2
405.882352941176,201.433823529412,81.0700334759775,60,2
405.937984496124,200.558139534884,82.8343103440201,21,2
406.198473282443,198.63358778626,-89.3047381016433,42,2
406.057142857143,197.264285714286,-83.8983351902209,27,2
406.085714285714,194.692857142857,-75.2799509626983,50,2
406.049645390071,192.723404255319,-81.4774731931289,45,2
406.091549295775,191.514084507042,-87.2570338246316,23,2
406.435714285714,189.521428571429,81.7143003893583,48,2
406.705035971223,188.359712230216,77.1199638331837,33,2
407.207407407407,185.688888888889,73.2465237633348,56,2
407.441176470588,183.551470588235,81.1431438293769,45,2
407.525925925926,182.896296296296,86.5351082979126,19,2
407.821138211382,179.975609756098,-79.0553499009277,56,2
407.7421875,178.3125,-78.9716565563908,31,2
407.925373134328,176.477611940299,-87.5172002683623,46,2
408.169014084507,174.93661971831,82.6045606574497,48,2
408.485915492958,173.62676056338,78.459457681332,30,2
409.015384615385,171,71.0154045307994,50,2
409.111111111111,169.992592592593,70.947301764484,31,2
409.459854014599,167.642335766423,76.669460608931,50,2
409.793893129771,165.251908396947,85.2414757089316,46,2
409.915384615385,164.092307692308,88.1618700586453,23,2
410.104,161.36,-87.9919143221955,63,2
410.129770992366,160.404580152672,89.4735122678311,28,2
410.526315789474,158.466165413534,83.7312874820613,50,2
411.015267175573,155.916030534351,80.3473096865443,52,2
411.107438016529,154.752066115702,75.2683949517969,28,2
411.268907563025,152.714285714286,74.244145857662,46,2
411.48031496063,151.354330708661,79.0912018574703,36,2
411.546875,149.171875,83.1028001580855,47,2
411.950413223141,146.537190082645,-89.9384914457017,55,2
411.975409836066,145.270491803279,-88.9925626867087,25,2
412.336,143.336,84.9761734459736,47,2
412.496,142.144,81.8658492771879,26,2
413.046875,139.9609375,75.4848030859961,43,2
413.589928057554,138.028776978417,74.0450850015365,55,2
413.573529411765,137.477941176471,73.6970486508476,25,2
413.833333333333,134.934782608696,79.6396837391013,50,2
413.84962406015,133.857142857143,82.2767472191018,35,2
414.046153846154,130.992307692308,89.9164031916039,53,2
414.36,128.488,89.7533714721859,53,2
414.55905511811,127.196850393701,85.0707662046868,28,2
414.847328244275,125.30534351145,80.3759971566648,50,2
414.931297709924,124.175572519084,76.2162286538843,28,2
415.477611940299,121.791044776119,73.3639812424142,49,2
415.699248120301,119.654135338346,75.6779804378747,49,2
415.937984496124,119.015503875969,76.8545111706998,20,2
416.211382113821,116.943089430894,81.3168875347464,48,2
416.516393442623,115.090163934426,84.5954717782407,35,2
417.079365079365,113,83.6204271667461,42,2
417.704,111.12,78.0026739602082,45,2
417.870967741935,110.233870967742,73.0761169360226,19,2
418.473282442748,108.824427480916,69.1781958245418,43,2
419.111940298507,107.44776119403,68.9527707355619,31,2
419.496240601504,105.864661654135,67.9453020617617,45,2
NaN,NaN,NaN,133,2
NaN,NaN,NaN,0,2
NaN,NaN,NaN,0,2
NaN,NaN,NaN,0,2
NaN,NaN,NaN,0,2
NaN,NaN,NaN,0,2
NaN,NaN,NaN,0,2
NaN,NaN,NaN,0,2
NaN,NaN,NaN,0,2
NaN,NaN,NaN,0,2
NaN,NaN,NaN,0,2
NaN,NaN,NaN,0,2
NaN,NaN,NaN,0,2
NaN,NaN,NaN,0,2
NaN,NaN,NaN,0,2
NaN,NaN,NaN,0,2
NaN,NaN,NaN,0,2
NaN,NaN,NaN,0,2
401.333333333333,242.277777777778,41.6822019296075,NaN,3
401.408163265306,242.149659863946,41.8436722957441,3,3
401.462585034014,242.122448979592,41.5877738294026,8,3
401.438356164384,242.164383561644,41.4522350632917,3,3
401.530612244898,242.081632653061,41.7786060962986,7,3
401.433566433566,242.286713286713,42.1689445941073,10,3
401.391891891892,242.195945945946,42.2334077612958,7,3
401.510489510489,242.132867132867,41.3121575623103,9,3
401.651006711409,242.147651006711,42.3015319152933,8,3
401.627586206897,242.241379310345,42.2227088003772,6,3
401.452054794521,242.267123287671,41.6213773553427,7,3
401.510204081633,242.30612244898,42.7669509729542,7,3
401.584507042254,242.183098591549,41.3046330413107,9,3
401.953642384106,241.827814569536,41.9978818013922,13,3
401.967320261438,241.856209150327,41.9165484596145,10,3
402.341317365269,241.215568862275,44.0138249360204,18,3
402.514285714286,240.897142857143,45.4611612683628,20,3
402.622222222222,240.722222222222,47.2976065108594,41,3
402.855614973262,240.844919786096,63.6086382163784,93,3
402.644808743169,241.081967213115,79.56781873825,38,3
402.396648044693,242.139664804469,-70.6152113635612,72,3
402.570680628272,243.225130890052,-66.7067961653153,48,3
403.890804597701,246.310344827586,-69.3904937473718,89,3
405.203488372093,249.412790697674,-80.374933264125,82,3
405.986577181208,251,-83.0745493163858,49,3
407.075862068966,256.6,-85.7701374974529,96,3
407.241610738255,258.322147651007,-87.3341813359872,42,3
407.226666666667,262.613333333333,75.2806470883609,83,3
406.585034013605,265.646258503401,58.6301128546305,85,3
406.068493150685,266.527397260274,54.6136938798589,35,3
404.62962962963,268.950617283951,56.7988936450649,66,3
403.884146341463,269.798780487805,58.0086612502503,32,3
400.926470588235,273.889705882353,67.5646228309822,94,3
399.442857142857,276.25,59.3017185995231,64,3
398.691176470588,277.088235294118,54.1065799082322,28,3
397.673611111111,278.138888888889,56.7470391282102,40,3
397.108974358974,278.942307692308,60.0663586078881,34,3
396.078947368421,280.473684210526,68.9924053347264,48,3
394.897637795276,284.653543307087,83.600981615442,73,3
394.467213114754,285.680327868852,78.2020919034957,27,3
393.827067669173,287.225563909774,74.4986304956344,47,3
393.539568345324,288.640287769784,70.2914934155001,28,3
393.369127516779,290.429530201342,78.9519610451068,50,3
393.51724137931,292.648275862069,-89.6251356880766,50,3
393.802919708029,294.094890510949,-81.8273579810562,34,3
394.345864661654,296.563909774436,-75.5210961667838,54,3
394.664335664336,297.412587412587,-78.4725096959243,32,3
394.817567567568,299.527027027027,-82.2182623541283,57,3
395.035714285714,301.864285714286,-85.7651190838627,54,3
395.306569343066,303.649635036496,-86.8408989665387,35,3
395.956834532374,306.172661870504,-83.3856410509902,52,3
396.31654676259,307.057553956835,-81.1585500890329,26,3
397.121428571429,309.45,-69.4118640250479,51,3
398.055172413793,311.703448275862,-60.9410423405845,57,3
398.601398601399,312.496503496504,-62.422105123893,28,3
399.522058823529,314.764705882353,-73.1962572540748,61,3
399.876811594203,315.913043478261,-77.3613734531662,32,3
400.649253731343,319.134328358209,-82.1607668219427,66,3
400.605263157895,320.907894736842,-71.2039920924485,64,3
401.366197183099,322.330985915493,-68.5276295496605,38,3
402.674242424242,324.939393939394,-65.1056455249218,54,3
403.244444444444,325.962962962963,-64.1575929784707,27,3
404.194630872483,327.630872483221,-68.5069525691036,48,3
404.567375886525,329.631205673759,-74.0144518363037,58,3
404.716312056738,330.787234042553,-75.2240029534204,30,3
405.407692307692,334.569230769231,-78.843003910493,81,3
405.649253731343,335.432835820896,-75.6325932404521,26,3
406.458015267176,337.519083969466,-72.0245362238331,59,3
407.593984962406,339.511278195489,-67.1391212677349,52,3
407.978102189781,340.401459854015,-64.9178841735199,26,3
408.792592592593,342.444444444444,-62.8067688026239,54,3
409.321428571429,343.8,-65.4797910886299,33,3
409.871428571429,346.05,-72.406945874237,44,3
411.204724409449,349.968503937008,-79.7142433592982,67,3
411.575757575758,350.674242424242,-77.0148762532,19,3
412.417322834646,352.685039370079,-71.6360412453445,45,3
412.92125984252,353.472440944882,-68.648508468569,24,3
413.733333333333,355.355555555556,-63.1465829664377,46,3
414.394160583942,356.941605839416,-63.008994123229,44,3
414.763358778626,358.175572519084,-64.8728275876385,26,3
415.438461538462,360.230769230769,-71.2086764170998,49,3
415.94696969697,361.424242424242,-74.8908271780972,28,3
416.891666666667,365.008333333333,-75.3455027251533,54,3
417.756097560976,366.073170731707,-72.0649270311394,41,3
418.233870967742,366.951612903226,-67.7437165236106,21,3
419.261904761905,369.071428571429,-63.2175054774298,44,3
419.788617886179,370.056910569106,-62.658263827603,21,3
420.59375,371.984375,-62.5063315871768,53,3
421.47619047619,374.738095238095,-71.6365589878639,50,3
421.9375,376.5703125,-74.5755521313586,34,3
NaN,NaN,NaN,128,3
NaN,NaN,NaN,0,3
NaN,NaN,NaN,0,3
NaN,NaN,NaN,0,3
NaN,NaN,NaN,0,3
NaN,NaN,NaN,0,3
NaN,NaN,NaN,0,3
NaN,NaN,NaN,0,3
NaN,NaN,NaN,0,3
NaN,NaN,NaN,0,3
NaN,NaN,NaN,0,3
NaN,NaN,NaN,0,3
NaN,NaN,NaN,0,3
NaN,NaN,NaN,0,3
NaN,NaN,NaN,0,3
NaN,NaN,NaN,0,3
NaN,NaN,NaN,0,3
NaN,NaN,NaN,0,3
NaN,NaN,NaN,0,3
418.033333333333,242.752380952381,-20.6369599626421,NaN,4
417.928571428571,242.566666666667,-19.3469434640277,18,4
417.980392156863,242.553921568627,-18.8624294557453,16,4
418.135922330097,242.412621359223,-22.3617883837641,50,4
417.555,242.065,-40.7930851983103,72,4
416.546448087432,241.092896174863,-50.0309897090628,63,4
413.287425149701,237.005988023952,-57.1440620545163,104,4
412.522988505747,236.097701149425,-51.3299535749976,33,4
410.386740331492,233.276243093923,-35.3524391504644,99,4
406.331125827815,230.761589403974,-24.4179444859529,106,4
404.363636363636,230.295454545455,-27.4460212199487,41,4
401.514285714286,228.278571428571,-45.1251296974442,70,4
400.395683453237,227.395683453237,-50.5612919116777,29,4
398.391608391608,225.839160839161,-46.8130165343661,60,4
396.311258278146,224.112582781457,-35.3505230217304,58,4
395.293333333333,223.526666666667,-28.1977878113351,31,4
393.027586206897,222.262068965517,-15.0045325524115,61,4
392.256756756757,222.013513513514,-12.4763617764846,25,4
390.643312101911,221.350318471338,-13.1118214263389,39,4
388.245161290323,220.729032258065,-19.6986251412812,54,4
387.026845637584,220.194630872483,-26.9032831673552,28,4
385.074074074074,219.2,-34.2784192753807,46,4
383.664122137405,218.022900763359,-41.3249774417215,36,4
382.064748201439,217,-34.4974095907096,38,4
380.671052631579,216.467105263158,-30.3272725496896,43,4
379.993630573248,216.133757961783,-26.7402202662542,23,4
377.525641025641,215.24358974359,-9.97675908190469,55,4
376.9,215.19375,-9.14168441923276,30,4
374.850649350649,214.753246753247,-7.0085087711259,64,4
372.417218543046,214.245033112583,-11.7119043799758,57,4
371.161971830986,214.197183098592,-12.7216093177562,33,4
369.123287671233,213.616438356164,-31.671415120535,50,4
368.394904458599,213.522292993631,-45.591927963518,33,4
366.711111111111,211.555555555556,-48.9068825414321,60,4
365.626666666667,210.94,-49.9329935530017,45,4
364.87074829932,210.340136054422,-48.7855886555344,25,4
363.352201257862,209.056603773585,-47.9887419800026,42,4
362.611464968153,208.286624203822,-43.7054075643107,26,4
361.527272727273,207.327272727273,-38.493846615236,42,4
360.120481927711,206.05421686747,-34.1433087406603,43,4
359.692771084337,205.765060240964,-33.0425454784631,24,4
358.04375,203.89375,-36.8307022271381,62,4
357.066666666667,202.86,-38.9192798606903,32,4
354.820143884892,200.73381294964,-53.6392631185793,51,4
353.751677852349,199.765100671141,-56.0765989778604,48,4
352.964788732394,199,-55.6898647770362,25,4
351.565517241379,197.013793103448,-54.8787721683315,41,4
350.980132450331,196.397350993377,-51.0666099158766,18,4
350.018867924528,195.415094339623,-45.887168208178,34,4
348.982142857143,194.529761904762,-40.3105884556246,41,4
348.392405063291,193.879746835443,-37.2635945472492,24,4
346.603896103896,192.084415584416,-35.4980407267562,54,4
345.539473684211,190.901315789474,-38.4953936344556,34,4
343.755244755245,188.951048951049,-42.5784919885914,51,4
342.347222222222,187.645833333333,-49.4604529151947,33,4
341.450704225352,186.93661971831,-52.1972124166631,26,4
339.877551020408,185.183673469388,-50.5647804007393,45,4
339.317567567568,184.668918918919,-46.8588970388854,25,4
338.104575163399,183.457516339869,-39.77304201418,35,4
336.895061728395,182.456790123457,-33.1128538469544,43,4
336.095808383234,182.041916167665,-31.3007135036798,25,4
334.242236024845,180.788819875776,-27.560066971852,52,4
333.415094339623,180.14465408805,-26.9834296465815,30,4
330.60447761194,177.917910447761,-29.1298572911939,73,4
329.285714285714,176.892857142857,-35.9070364402564,40,4
327.95652173913,176.31884057971,-40.2936013836875,24,4
326.557823129252,175.204081632653,-41.0692992917269,35,4
325.785714285714,174.649350649351,-41.3643822007352,21,4
324.092715231788,173.483443708609,-37.2262882913432,41,4
322.709677419355,172.529032258065,-32.3399464328098,40,4
322.018292682927,172.164634146341,-30.3944699667155,31,4
320.25,171.392857142857,-25.7126467102062,44,4
319.491525423729,171.197740112994,-25.3849546426615,31,4
316.625,170.0375,-25.864801544827,71,4
314.700680272109,168.387755102041,-29.0768726423957,55,4
314.265306122449,168.210884353742,-29.9620230856044,22,4
312.324503311258,167.12582781457,-37.6389522803781,46,4
311.465408805031,166.735849056604,-38.0401112944194,20,4
309.810126582278,165.677215189873,-37.5769757230984,41,4
308.24358974359,164.698717948718,-34.8277120349885,36,4
307.327160493827,164.240740740741,-32.6140436846387,22,4
306.174418604651,163.651162790698,-29.3146233553038,32,4
305.537572254335,163.583815028902,-27.9689591293659,19,4
303.825136612022,162.513661202186,-26.7598045586909,50,4
301.58282208589,161.282208588957,-28.0135018318963,54,4
300.593333333333,160.54,-30.1022478357354,29,4
298.59477124183,159.522875816993,-39.623551704386,39,4
298.222929936306,159.101910828025,-37.6679581924503,26,4
296.382165605096,158.229299363057,-43.3978532330844,42,4
294.910828025478,157.063694267516,-41.0594314116103,38,4
293.947368421053,156.328947368421,-39.4539750890949,25,4
292.691823899371,155.540880503145,-35.1002884448628,29,4
291.969135802469,155.216049382716,-32.941870230736,17,4
290.426035502959,154.437869822485,-30.0229353000406,43,4
288.928571428571,153.595238095238,-28.7884019376255,39,4
287.777777777778,152.765432098765,-29.3280786110194,30,4
285.276315789474,151.414473684211,-35.1567781183352,52,4
284.124137931035,150.675862068966,-39.0804245067849,29,4
282.849315068493,149.719178082192,-42.4267613356333,33,4
280.986486486487,148.513513513514,-44.4373789399862,40,4
280.48322147651,148.161073825503,-43.162899833112,17,4
278.946308724832,146.973154362416,-40.7835494592952,40,4
278.185430463576,146.476821192053,-39.0004438797006,26,4
276.651612903226,145.677419354839,-35.4936317747018,36,4
275.508982035928,145.047904191617,-31.8960407614385,34,4
274.825301204819,144.759036144578,-29.7361835418619,19,4
273.352941176471,143.976470588235,-28.4227106479702,44,4
272.843930635838,143.78612716763,-26.901958517138,19,4
270.75625,142.79375,-26.5569739326166,47,4
268.622516556291,141.715231788079,-32.9503294526412,41,4
267.926174496644,141.281879194631,-33.0754586772848,16,4
266.361842105263,140.532894736842,-38.2322853624879,37,4
265.769736842105,140.302631578947,-38.3092202706584,18,4
264.467948717949,139.455128205128,-37.7312800350166,32,4
263.196202531646,138.746835443038,-34.6856482753071,30,4
262.50625,138.38125,-33.6110646736483,18,4
261.134615384615,137.615384615385,-30.7766848569576,38,4
260.375,137.2625,-27.4791788858382,22,4
259.607142857143,137.190476190476,-26.7866385274079,26,4
257.740740740741,136.364197530864,-23.8929010080741,42,4
256.527950310559,135.67701863354,-25.0828457579554,29,4
255.267515923567,135.222929936306,-23.9798429496744,30,4
254.383116883117,134.779220779221,-27.3206798751679,25,4
252.762820512821,134.064102564103,-31.1975186037098,30,4
251.153846153846,133.519230769231,-32.8782039004721,34,4
250.58064516129,133.270967741935,-31.5172846714844,19,4
249.307692307692,132.49358974359,-30.5896546808666,33,4
248.412162162162,132.054054054054,-30.7536273674292,20,4
247.398734177215,131.487341772152,-29.5045294822149,24,4
246.187096774194,130.929032258065,-26.8210753433116,27,4
245.339743589744,130.570512820513,-24.1392107582705,15,4
244.229299363057,130.082802547771,-21.786141549771,27,4
243.170886075949,129.594936708861,-20.4473019605777,21,4
242.475609756098,129.335365853659,-21.3730994559163,26,4
240.625766871166,128.546012269939,-21.1903145773874,37,4
239.646706586826,128.191616766467,-22.0022772701134,22,4
238.861445783133,127.843373493976,-23.4596625610682,21,4
238.154761904762,127.583333333333,-24.4277901352615,22,4
236.666666666667,126.994152046784,-27.8900995472927,29,4
235.792899408284,126.745562130178,-27.8181944246547,24,4
234.5,126.090361445783,-29.8841773184142,29,4
233.364779874214,125.40251572327,-28.2181330145841,29,4
233.260606060606,125.430303030303,-26.7614321187633,12,4
232.182926829268,124.90243902439,-23.8199579383035,27,4
231.134969325153,124.466257668712,-22.2594704360828,23,4
230.592592592593,124.33950617284,-21.3671144149458,15,4
229.209580838323,123.658682634731,-21.3633948608702,33,4
228.601226993865,123.411042944785,-20.1873674885636,18,4
227.515151515152,122.8,-21.0669081822665,30,4
226.109756097561,122.237804878049,-23.9341599822582,31,4
225.396226415094,121.893081761006,-24.7352032695088,17,4
224.093167701863,121.385093167702,-29.2947863791542,32,4
223.422360248447,121.062111801242,-29.2456715034987,14,4
222.12426035503,120.437869822485,-31.0516048007899,40,4
220.691358024691,119.864197530864,-30.1157433006824,35,4
220.104294478528,119.58282208589,-28.5875148754962,19,4
219.089820359281,119.215568862275,-25.8557160357646,32,4
218.333333333333,118.842424242424,-22.5462722298776,18,4
217.058139534884,118.220930232558,-22.0115494564415,37,4
215.678787878788,117.509090909091,-19.9298028258426,31,4
215.08024691358,117.16049382716,-20.2967061914726,17,4
213.478527607362,116.349693251534,-23.2346424642749,37,4
212.833333333333,116.092592592593,-24.4523675330085,19,4
211.39375,115.65625,-27.6687810473496,28,4
210.254545454545,115.018181818182,-29.2279464789758,33,4
210.023529411765,114.923529411765,-28.7188125909026,15,4
208.25,114.313953488372,-26.8165791276263,32,4
207.763005780347,114.075144508671,-26.3694363403697,19,4
206.88202247191,113.831460674157,-23.0907020947336,27,4
205.420765027322,113.300546448087,-19.2667069744333,37,4
204.905027932961,113,-18.6649969972902,18,4
203.810055865922,112.608938547486,-15.7817653556268,34,4
203.231182795699,112.47311827957,-15.9850003554709,17,4
201.994382022472,111.893258426966,-14.8037530370823,32,4
200.745856353591,111.491712707182,-15.8524579679457,31,4
200.248587570621,111.271186440678,-17.6285906607295,18,4
198.694915254237,110.898305084746,-17.4932524353429,32,4
198.169590643275,110.894736842105,-19.1666070532912,18,4
197.33908045977,110.609195402299,-19.4311390448181,27,4
195.883333333333,110.322222222222,-15.5829259039144,38,4
195.527173913043,110.277173913043,-15.7645224178279,14,4
194.555555555556,109.968253968254,-12.6024698055115,27,4
194.144385026738,109.855614973262,-10.9950563686928,10,4
193.554347826087,109.766304347826,-8.32487183035114,25,4
192.679347826087,109.510869565217,-6.23200710114338,22,4
192.178378378378,109.367567567568,-4.69392625593476,15,4
191.612903225806,109.166666666667,-4.12182615473621,21,4
191.231578947368,109.042105263158,-2.86528980420616,22,4
190.005494505495,109.005494505495,-0.187884957118671,30,4
189.444444444444,108.822222222222,0.888758807970502,20,4
189.35393258427,108.797752808989,0.801732839991308,6,4
188.944751381215,108.756906077348,1.00018887289583,15,4
188.466292134831,108.808988764045,2.15064001360157,17,4
188.045714285714,108.742857142857,3.02683639082638,15,4
186.907514450867,108.751445086705,3.34316785488212,18,4
186.720930232558,108.732558139535,4.35203467763211,9,4
186.189944134078,108.759776536313,4.06657035797639,17,4
185.661111111111,108.7,3.2669563216733,15,4
185.573033707865,108.792134831461,3.65862282949299,10,4
185.245714285714,108.8,3.8356056695053,11,4
185.039772727273,108.784090909091,3.97508891964422,5,4
184.926966292135,108.865168539326,3.60436194414927,8,4
184.74011299435,108.80790960452,3.79349560035771,7,4
184.224719101124,108.966292134831,4.49392889373934,13,4
183.876404494382,108.966292134831,5.00994595986372,8,4
183.955056179775,108.876404494382,4.28837627287968,12,4
183.45197740113,109.022598870056,5.57294798945551,15,4
183.171428571429,108.982857142857,6.53797303847719,14,4
182.923976608187,109,7.65576632103079,14,4
182.519553072626,108.966480446927,8.95599135508118,18,4
182.331428571429,108.977142857143,9.54720295280923,10,4
182.126436781609,109.097701149425,9.35225572447222,15,4
181.505813953488,109.18023255814,9.3107177005636,12,4
181.011834319527,109.266272189349,9.10320778048215,17,4
180.837209302326,109.308139534884,8.22729134808295,7,4
180.689655172414,109.350574712644,7.72346648606026,8,4
180.177514792899,109.443786982249,6.31878882692327,13,4
179.917159763314,109.556213017751,5.90760476184763,8,4
179.450867052023,109.647398843931,5.64237175707728,16,4
179.105882352941,109.717647058824,5.75182638297811,7,4
179.132947976879,109.734104046243,5.99274751638187,7,4
178.8,109.754285714286,4.97654141707371,18,4
178.64161849711,109.739884393064,4.39811646973516,14,4
178.011627906977,109.755813953488,5.18396634911135,19,4
177.613095238095,109.821428571429,7.1802774023977,16,4
177.198830409357,109.929824561404,8.10247232780145,17,4
176.93567251462,109.982456140351,9.87138258090804,20,4
176.731707317073,109.932926829268,10.8074060582849,11,4
176.420731707317,110.05487804878,11.7974582118631,18,4
176.225609756098,110,12.2747344740905,10,4
175.745222929936,110.050955414013,13.4644197191375,13,4
175.303797468354,110.215189873418,14.1090726057506,13,4
174.608108108108,110.175675675676,15.1471262466096,18,4
174.402684563758,110.295302013423,15.7662268371196,21,4
174.103225806452,110.309677419355,14.8165806812256,10,4
173.993548387097,110.387096774194,14.8574881226635,12,4
173.529411764706,110.575163398693,14.6179870376578,12,4
173.450980392157,110.549019607843,13.5717109705939,10,4
172.745098039216,110.758169934641,12.6938651135734,16,4
172.44375,110.88125,13.2437229656631,15,4
172.327044025157,110.987421383648,12.5293250014315,9,4
172.006369426752,111.044585987261,11.1622953501887,14,4
171.95,111.0875,11.9003435082923,9,4
171.379746835443,111.23417721519,10.9943628359721,18,4
171.298136645963,111.229813664596,11.8875369401767,13,4
171.269938650307,111.276073619632,11.6611018593241,4,4
170.66265060241,111.439759036145,12.5070021204674,17,4
170.402366863905,111.579881656805,12.5519992729262,11,4
170.331288343558,111.668711656442,13.5013190334837,14,4
169.930817610063,111.716981132075,14.1950121624587,10,4
169.574074074074,111.771604938272,15.4104391629015,13,4
169.366459627329,111.807453416149,16.1777746552849,9,4
169.264150943396,111.85534591195,17.3943329253701,14,4
169.141975308642,111.925925925926,17.834597975069,11,4
168.013157894737,112.388157894737,20.1273232056542,22,4
167.894736842105,112.493421052632,19.4853537106011,8,4
167.178082191781,112.650684931507,19.5053732733858,16,4
167.526666666667,112.473333333333,19.3749706107561,8,4
166.945945945946,112.743243243243,18.0813802554052,10,4
166.693333333333,112.766666666667,18.0761880674057,8,4
166.868421052632,112.664473684211,18.7262038382285,6,4
166.496774193548,112.774193548387,17.1574317537089,7,4
166.225806451613,112.909677419355,17.5616745601383,6,4
166.032258064516,112.8,17.0413748689702,8,4
165.723684210526,112.927631578947,16.1522554933233,5,4
165.790849673203,112.967320261438,15.9811792022669,5,4
166.140127388535,112.87898089172,16.9357253115259,10,4
166.012658227848,112.930379746835,16.0722055072627,7,4
165.603773584906,113.188679245283,16.8186367883883,9,4
165.906832298137,113.105590062112,18.1956688390405,10,4
165.944444444444,113.154320987654,18.7301145700092,7,4
165.832298136646,113.236024844721,18.7242564406854,9,4
165.900621118012,113.254658385093,19.3273767958173,8,4
166.073619631902,113.257668711656,21.0407000903142,14,4
165.658385093168,113.55900621118,22.8346397233137,14,4
165.770700636943,113.573248407643,22.7065322454926,6,4
165.71974522293,113.585987261146,24.0551412813308,16,4
165.302631578947,113.802631578947,25.3066763295034,9,4
165.230263157895,113.868421052632,26.4355798662419,10,4
165.045454545455,113.935064935065,27.3425372851016,14,4
164.974025974026,114.194805194805,29.0355495235385,8,4
164.790849673203,114.248366013072,29.5186414830779,7,4
165.032467532468,114.149350649351,29.653078259755,5,4
164.935897435897,114.262820512821,30.1434656741675,6,4
164.686274509804,114.437908496732,30.5634674633282,7,4
165.071428571429,114.194805194805,30.9824227493318,7,4
165.045454545455,114.324675324675,31.8864256064123,6,4
