407.652173913043,260.072463768116,66.3270091217051,NaN,1
407.619718309859,260.098591549296,67.9209114213927,4,1
407.643835616438,259.931506849315,69.029753018052,2,1
407.666666666667,259.927536231884,67.2802401116876,4,1
407.63768115942,260.086956521739,66.3928159006338,2,1
407.521126760563,260.140845070423,64.4678756116753,4,1
407.611111111111,259.958333333333,65.4254854746829,5,1
407.575342465753,259.958904109589,65.2035841731808,5,1
407.5,259.930555555556,65.9309086766171,5,1
407.472972972973,260.148648648649,65.5303486152773,4,1
407.381578947368,259.855263157895,65.9332594902547,6,1
407.394736842105,259.763157894737,67.4950376079214,4,1
407.351351351351,259.878378378378,67.1908252400324,2,1
407.328947368421,259.842105263158,66.5071245534237,6,1
407.278481012658,259.658227848101,68.6423362511797,3,1
407.30487804878,259.341463414634,71.6549650572204,9,1
407.313953488372,259.023255813953,73.6963042958738,6,1
407.157303370787,259.056179775281,74.0072999826739,7,1
407.231578947368,258.621052631579,76.4555563954317,12,1
407.422680412371,258.39175257732,75.2239204283255,6,1
407.223300970874,257.970873786408,-84.1530652714413,34,1
406.805084745763,256.872881355932,-55.5992033794032,47,1
407,256.948529411765,-45.4271589321233,22,1
408.099173553719,257.330578512397,-39.9756594121546,61,1
411.244444444444,260.555555555556,-28.6808967059422,77,1
413.768292682927,261.219512195122,-50.5362401774523,54,1
415.071428571429,262.5,-57.5847700043173,44,1
416.597014925373,264.164179104478,-55.5476857953346,29,1
419.558823529412,268.25,-54.228018949812,63,1
421.075,270.6375,-66.516267128206,40,1
422.445652173913,272.760869565217,89.1418707015847,74,1
422.670588235294,276.623529411765,78.4250302239014,63,1
422.483870967742,277.010752688172,81.2669151945484,26,1
422.045454545455,279.715909090909,89.4895866326664,57,1
421.844444444444,280.944444444444,-85.9263272516713,34,1
421.507692307692,286.246153846154,84.3694277918393,67,1
421.2125,288.325,-89.8170308877926,33,1
421.048192771084,288.927710843374,-84.1697676736162,19,1
421.528571428571,292.428571428571,-64.7243791420687,49,1
422.135802469136,294.79012345679,-69.3067040590983,37,1
422.313253012048,297.975903614458,85.0137814257865,48,1
421.924050632911,300.873417721519,83.6619203032531,44,1
421.972972972973,301.905405405405,89.0551098269209,17,1
421.945205479452,305.452054794521,-88.4631703393999,51,1
421.974358974359,306.74358974359,87.9402425632686,19,1
421.512195121951,309.341463414634,74.2608134690423,42,1
420.855421686747,311.975903614458,63.400823797747,45,1
420.282051282051,313.48717948718,70.193180971256,27,1
419.691176470588,316.573529411765,-86.8737978913233,52,1
419.653846153846,318.205128205128,-86.825425823663,26,1
419.407894736842,321.131578947368,78.7414433114555,46,1
418.556962025316,323.73417721519,69.6766924533691,45,1
418.131578947368,325.210526315789,74.8520616920458,25,1
417.670886075949,327.784810126582,89.4582428857498,45,1
417.653846153846,329.448717948718,-79.3625683022355,27,1
417.582278481013,332.645569620253,-86.7777529691626,51,1
417.111111111111,335.432098765432,75.5137869082056,48,1
416.789473684211,336.355263157895,64.7269533003784,17,1
415.74025974026,339.636363636364,79.889655630574,53,1
415.66265060241,340.903614457831,86.0884943695305,22,1
415.410256410256,344.371794871795,-88.80789517258,55,1
414.853658536585,346.963414634146,71.7855727286859,44,1
414.178082191781,348.547945205479,52.111765495692,25,1
413.094594594595,350.540540540541,53.8736043291635,43,1
412.518072289157,352.204819277108,67.9804184742894,31,1
411.58024691358,355.814814814815,-86.1916012463043,60,1
411.285714285714,359.194805194805,86.3012450667225,54,1
411.074626865672,360.641791044776,68.5403789296225,22,1
409.876712328767,363.58904109589,71.7580415578756,50,1
409.617283950617,364.839506172839,75.9234340035948,24,1
409.298701298701,368.155844155844,-79.0085363122636,52,1
409.473684210526,371.236842105263,-76.9870030557674,49,1
409.640625,372.890625,-87.1148044949759,26,1
409.166666666667,376.055555555556,68.9426189133171,54,1
408.689189189189,377.797297297297,63.9818473578345,30,1
407.831168831169,380.662337662338,75.8009926977901,47,1
407.057142857143,384.357142857143,-89.7332468832171,55,1
406.970149253731,386.074626865672,81.9258741804746,25,1
405.894736842105,389.508771929825,46.5133068527676,52,1
405.298507462687,390.65671641791,55.7454975411003,22,1
404.029411764706,393.102941176471,65.8494635611782,45,1
403.30985915493,395.802816901408,87.9708191847417,43,1
403.028571428571,397.285714285714,87.2632532474637,25,1
402.281690140845,399.30985915493,71.251895828089,41,1
401.9,399.757142857143,62.5043091677678,15,1
401.207792207792,399.285714285714,57.0862889495866,35,1
400.470588235294,398.494117647059,59.4344340169047,46,1
399.878048780488,398.743902439024,62.5393228005183,19,1
398.230769230769,400.166666666667,68.4550204205658,40,1
397.772151898734,400.303797468354,62.4194376050462,21,1
396.415730337079,401.370786516854,49.0080485653485,40,1
395.373493975904,402,41.9846049711579,30,1
393.553846153846,402.923076923077,35.5217059348619,36,1
392.0625,402.609375,45.974824827092,37,1
391.507462686567,402.791044776119,44.1447912984818,23,1
389.631578947368,403.543859649123,36.7649859069652,30,1
388.08064516129,403.338709677419,28.6975130951,27,1
387.240740740741,403.296296296296,23.4016777440351,14,1
385.948275862069,402.844827586207,39.2953242377849,30,1
385.166666666667,402.766666666667,35.2960651084515,16,1
383.516666666667,403.05,38.6311173731868,26,1
382.442857142857,402.957142857143,31.9482379549277,24,1
381.602564102564,402.858974358974,25.6241102954419,20,1
380.109756097561,402.731707317073,16.4089789230831,32,1
379.086419753086,403.074074074074,12.933986967816,27,1
376.641975308642,402.197530864198,33.6282101245182,56,1
374.213333333333,402.386666666667,29.8784091193508,56,1
372.945205479452,402.753424657534,29.2700328866788,28,1
371.217391304348,403.057971014493,13.5128634613192,36,1
370.583333333333,403.208333333333,6.07508441938121,21,1
368.597014925373,402.985074626866,-0.683438567338692,33,1
366.388888888889,402.444444444444,17.3566503469748,41,1
365.313253012048,401.915662650602,23.6394652801953,27,1
363.843373493976,402.024096385542,19.6897177791533,40,1
362.682926829268,402.182926829268,19.6614094799111,25,1
NaN,NaN,NaN,82,1
390.520547945205,252.958904109589,9.55279251310441,NaN,2
390.55,252.6125,21.5626614869739,9,2
390.625,253.25,10.9350286491406,12,2
390.274193548387,253.596774193548,9.17270060791108,10,2
390.375,253.578125,9.1464411929587,2,2
390.415384615385,253.615384615385,8.48078873516363,1,2
390.522388059701,253.746268656716,7.07956743073484,52,2
391.555555555556,250.525925925926,23.7497019115635,24,2
391.492307692308,250.792307692308,37.175419707168,15,2
391.757575757576,250.666666666667,43.3252587963018,28,2
391.227642276423,251.008130081301,66.4007212183219,27,2
391.160377358491,251.566037735849,85.6031348229154,43,2
391.008849557522,252.362831858407,-82.8003325211183,49,2
391.355769230769,253.519230769231,-83.7750787892899,27,2
391.963855421687,258.096385542169,-83.7801295316685,59,2
392.240506329114,259.177215189873,-88.0337748819691,18,2
392.463414634146,260.963414634146,84.0744727836924,31,2
392.414634146341,263.012195121951,81.0909636168349,28,2
392.395061728395,264.074074074074,87.9382300156159,17,2
392.328947368421,265.407894736842,-78.2615771062587,29,2
392.708860759494,267.20253164557,-70.3061978369936,27,2
393.430379746835,269.493670886076,-74.5049916865427,38,2
393.730337078652,271.303370786517,-85.2177721758603,36,2
393.804597701149,272.16091954023,-87.6253366162351,16,2
393.948453608247,274.927835051546,-82.2894268050657,48,2
394.03125,275.989583333333,-78.1905229922938,19,2
394.634408602151,278.440860215054,-71.1130711278698,37,2
395.360465116279,281.139534883721,-74.6403833216499,37,2
395.623529411765,282.470588235294,-79.1511121589457,21,2
395.755555555556,284.2,-84.7507740677082,35,2
396.010989010989,285.516483516484,-85.7551609748883,25,2
396.449438202247,288.325842696629,-70.207444823917,48,2
397.227272727273,290.397727272727,-63.8256847237454,35,2
397.6875,291.075,-62.6547768768077,24,2
399.094117647059,294.282352941176,-71.4467163928119,53,2
399.551724137931,295.436781609195,-75.5690863368811,18,2
400.022471910112,297.61797752809,-73.2969300766866,50,2
401.134146341463,300.634146341463,-65.9548457759246,53,2
401.594936708861,301.455696202532,-60.5308100955189,23,2
402.967391304348,303.684782608696,-62.678346685829,59,2
403.458333333333,304.916666666667,-62.9029853077469,30,2
404.804597701149,307.862068965517,-66.9085203363866,61,2
405.640449438202,310.337078651685,-75.480780801132,62,2
406.033707865169,311.775280898876,-70.8019001931089,32,2
406.948453608247,314.082474226804,-63.9799489503283,54,2
407.247619047619,314.866666666667,-61.2513494173145,34,2
408.411764705882,317.43137254902,-61.038891354413,71,2
409.456310679612,319.679611650485,-68.2412860785683,67,2
409.855670103093,321.123711340206,-70.9604092203836,42,2
410.822916666667,323.739583333333,-77.0355222916363,67,2
411.561224489796,325.561224489796,-78.7876758250063,44,2
412.26,328.54,-69.679401370876,62,2
413.081632653061,331.051020408163,-62.8943454811389,64,2
413.695652173913,332.70652173913,-57.3414795864906,46,2
414.483870967742,334.645161290323,-66.736542752116,65,2
414.961538461538,336.153846153846,-78.0732937228043,41,2
415.80612244898,339.30612244898,-82.4657822670658,70,2
416.4375,341.90625,-77.546848412606,52,2
416.666666666667,342.735632183908,-75.9067728500285,27,2
418.308823529412,348.117647058824,-64.229820381908,75,2
417.898876404494,347.438202247191,-67.5444996642604,39,2
417.5,343.2,12.438070870204,64,2
419.219512195122,353.280487804878,-89.5564450201356,63,2
419.506329113924,354.784810126582,-83.9488102084837,31,2
420.064935064935,357.324675324675,-72.8589994031323,46,2
420.423529411765,358.647058823529,-67.4285643178858,32,2
421.193181818182,360.920454545455,-62.2842299503732,53,2
422.243902439024,363.609756097561,-69.2826377932629,52,2
422.697368421053,365.144736842105,-73.439381730001,26,2
423.836363636364,369.509090909091,-49.0191982893602,59,2
424.377049180328,370.770491803279,-56.8635899711654,22,2
425.048780487805,371.451219512195,-58.4979048242765,45,2
426.073170731707,373.646341463415,-54.00527544859,46,2
426.58024691358,374.814814814815,-57.0647836122961,27,2
427.743902439024,376.585365853659,-68.7504526655078,45,2
428.618421052632,378.855263157895,-81.0117172864491,36,2
429.27397260274,381.671232876712,-85.0238662962437,41,2
430,384.549295774648,-67.779273932134,46,2
430.478260869565,385.797101449275,-59.6620794178491,22,2
431.5,388.0625,-55.1431157710851,39,2
432.041666666667,389.097222222222,-60.1611456759293,22,2
433.5,391.791666666667,-77.2570295656498,50,2
434.253731343284,394.671641791045,-86.2595256946702,43,2
434.514705882353,395.647058823529,-79.9842302406654,15,2
435.301587301587,398.555555555556,-61.7433218409439,39,2
435.764705882353,399.661764705882,-60.7632704919335,25,2
436.957142857143,400.057142857143,-49.1464577987377,36,2
438.144927536232,400.057971014493,-46.8653164289445,29,2
438.632352941176,400.058823529412,-47.6559292569386,15,2
440.324324324324,400.608108108108,-47.9462303745514,36,2
441.205479452055,401,-47.507806059127,19,2
442.253521126761,402.140845070423,-43.2019615761863,24,2
444.517857142857,403.857142857143,-23.7734750952391,35,2
445.098360655738,403.688524590164,-21.8038788794464,13,2
447.357142857143,403.857142857143,-17.5769190699133,33,2
448.762711864407,404,-31.7425890594531,19,2
449.888888888889,404.092592592593,-34.5869919012402,25,2
451.517857142857,404.107142857143,-39.3820796062192,28,2
452.033333333333,404.016666666667,-32.6311390722285,12,2
454.083333333333,404.45,-19.8545840292342,32,2
454.507692307692,404.076923076923,-19.1064784683696,17,2
456.666666666667,404.56862745098,-11.430800428899,34,2
457.754385964912,404.19298245614,-15.7166241737518,22,2
458.963636363636,404.363636363636,-14.3963791926543,14,2
461.377777777778,404.555555555556,-17.6418976834344,26,2
462.560975609756,404.90243902439,-10.8864899945873,12,2
464.066666666667,404.933333333333,-8.20924401842359,16,2
465.068965517241,404.948275862069,-10.3375022374733,19,2
466.471698113208,405.056603773585,-1.80615030370652,15,2
468.034482758621,404.655172413793,-1.99676038544904,25,2
469.048387096774,404.41935483871,-5.18850383348269,18,2
NaN,NaN,NaN,62,2
394.985507246377,262.304347826087,-55.9344525291895,NaN,3
395,262.385714285714,-56.8175198389052,1,3
395,262.385714285714,-56.8175198389052,0,3
395,262.385714285714,-56.8175198389052,0,3
394.985915492958,262.450704225352,-57.6098585752288,1,3
395.042857142857,262.328571428571,-58.1087576439258,3,3
394.986301369863,262.315068493151,-59.1445806797774,3,3
395.028169014084,262.380281690141,-58.8697059148559,2,3
395.088235294118,262.411764705882,-57.5206666136063,3,3
395.132352941176,262.529411764706,-58.9467239462086,2,3
395.149253731343,262.507462686567,-57.5240983940675,3,3
395.205882352941,262.529411764706,-60.881322587876,5,3
395.228571428571,262.6,-60.5649708989058,4,3
395.256756756757,262.445945945946,-62.962252617807,8,3
395.368421052632,262.355263157895,-59.7112599050746,22,3
395.191011235955,261.932584269663,-60.7869199881318,25,3
394.394495412844,261.339449541284,-70.2358539252309,38,3
393.97247706422,261.330275229358,-87.949140530179,14,3
395.851063829787,261.127659574468,54.1276392357528,53,3
399.010989010989,258.593406593407,38.1649541452629,79,3
400.036585365854,257.987804878049,20.9801363155225,27,3
402.5625,257.7125,-45.5087225157088,60,3
404.04,258.12,-50.4650054845646,35,3
407.550724637681,260.188405797101,-19.6332873264789,58,3
410.5,261.230769230769,-17.9622245157849,49,3
412.828125,261.75,-18.2928712543524,28,3
415.353658536585,263.475609756098,-45.3120356108956,58,3
416.494117647059,264.211764705882,-52.3264012951758,29,3
418.682352941176,266.752941176471,-33.3495635807656,62,3
421.330188679245,268.358490566038,-31.4852146116847,71,3
422.421052631579,269.084210526316,-37.6712067165899,31,3
424.483146067416,270.910112359551,-45.5147130474245,52,3
425.828282828283,272.828282828283,-59.2561180345179,44,3
428.010416666667,275.864583333333,-58.021350114785,61,3
429.575221238938,277.787610619469,-55.1820767291587,59,3
430.89898989899,279.616161616162,-62.1789614154613,38,3
432.740740740741,283.469135802469,-77.1849620227532,60,3
433.32967032967,285.835164835165,-76.071809328619,36,3
435.010752688172,289.204301075269,-56.7665621806136,60,3
436.860215053763,292.247311827957,-73.1613641556666,56,3
437.527027027027,293.864864864865,-78.68435212649,29,3
438,297.5375,-87.6897115138593,56,3
438.307692307692,299.571428571429,-80.3359988839072,31,3
439.366666666667,303.411111111111,-63.6974720534769,63,3
440.55421686747,306.867469879518,-80.1562688395083,57,3
440.635135135135,308.283783783784,88.2612783421646,23,3
440.465753424658,312.205479452055,84.0030672387199,61,3
440.670588235294,314.282352941176,-84.0009819462115,34,3
441.149425287356,317.620689655172,-73.1657208296781,54,3
441.384615384615,320.89010989011,-89.8911052266152,54,3
441.302631578947,322.302631578947,76.8259652180792,25,3
440.721518987342,326.012658227848,81.81961917949,59,3
440.629213483146,327.966292134831,-89.1706861677936,34,3
440.988764044944,331.595505617978,-78.8298702088642,58,3
440.64367816092,334.977011494253,77.1380440167528,56,3
440.415584415584,336.220779220779,62.6886369813123,22,3
439.037037037037,339.913580246914,70.5695083496969,62,3
438.622222222222,342.066666666667,88.9788911705791,37,3
438.383720930233,345.813953488372,-83.9667364552768,60,3
438.247191011236,349.078651685393,75.2221148060847,55,3
437.818181818182,350.220779220779,60.6808440727446,22,3
436.307692307692,353.910256410256,70.9257172004527,61,3
435.909090909091,355.659090909091,82.492264961263,30,3
435.406593406593,359.076923076923,-84.5764543674242,55,3
434.702380952381,362.678571428571,76.3729136150824,61,3
434.077922077922,364.077922077922,61.2896924470006,27,3
433.045977011494,366.758620689655,61.5694303036181,44,3
432.468085106383,368.042553191489,64.1915792078239,25,3
431.30487804878,371.5,81.5093024652118,56,3
430.407407407407,374.740740740741,61.4237331561971,49,3
429.615384615385,375.98717948718,52.433597871562,27,3
427.960526315789,378.368421052632,48.6020124256556,44,3
427.193181818182,379.931818181818,59.8373858309863,28,3
425.696202531646,383.632911392405,78.286675165707,59,3
424.2875,386.6625,58.9733119251163,51,3
423.081081081081,388.540540540541,43.9219292466447,32,3
421.27027027027,390.418918918919,46.3833682561372,42,3
420.243902439024,391.780487804878,62.237925324257,28,3
418.582278481013,395.278481012658,77.4706293338505,57,3
417.344827586207,398.459770114943,65.4653136784307,54,3
416.30487804878,399.658536585366,48.2771410364375,27,3
414.25,400.511904761905,30.7461789199535,44,3
413.050632911392,400.683544303797,32.3628794467045,25,3
410.044117647059,401.132352941176,35.4458082143632,49,3
408.324675324675,400.961038961039,31.4183028220322,45,3
406,401.707692307692,8.74782170554114,36,3
404.845070422535,401.760563380282,15.4623687821994,32,3
403.393939393939,402.121212121212,23.559667050147,25,3
401.59375,400.921875,51.7093286924797,48,3
399.492753623188,401.536231884058,37.0828740068396,47,3
398.263888888889,401.777777777778,16.6267723093499,31,3
396.741935483871,401.494623655914,13.8459023969794,47,3
395.255813953488,401.523255813953,10.2090515138601,31,3
392.575342465753,401.72602739726,27.9679460649479,47,3
390.6,401.8,27.3336837891846,41,3
389.164383561644,401.958904109589,19.1972306312077,27,3
386.465753424658,402.287671232877,5.90668228297545,42,3
384.896103896104,402.246753246753,-1.05998057618386,28,3
381.382352941176,402.514705882353,-8.17873677527469,57,3
379.068493150685,401.808219178082,20.1554991957644,47,3
377.890410958904,401.808219178082,21.0513090540625,18,3
375.455882352941,402.544117647059,11.1653664334587,47,3
374.351351351351,402.337837837838,10.6982370461704,20,3
372.706666666667,402.666666666667,4.25479587363692,35,3
369.972222222222,402.513888888889,7.57871569843204,41,3
368.826086956522,402.188405797101,11.0191442559044,23,3
365.923076923077,402.646153846154,13.6796486499123,42,3
364.742424242424,402.530303030303,15.8709374272141,19,3
362.684931506849,402.602739726027,8.71859440545839,29,3
360.613333333333,402.253333333333,2.74115255588775,42,3
359.271428571429,402.414285714286,5.71037950594494,27,3
356.190476190476,402.206349206349,5.9911313905598,43,3
355.064516129032,402.338709677419,13.0750451582403,15,3
353.704225352113,402.098591549296,7.31023983465803,31,3
351.75,402.039473684211,3.22956094092589,29,3
349.820895522388,402.164179104478,-0.145716497853763,33,3
346.865671641791,401.89552238806,3.93629086624846,42,3
