408.056737588652,244.723404255319,-24.6453892892907,NaN,1
407.978873239437,244.640845070423,-24.4799796534796,5,1
407.859154929577,244.669014084507,-24.5529428801232,6,1
407.890410958904,244.684931506849,-24.5269484159291,6,1
408.054421768707,244.789115646258,-24.7428518152079,3,1
408.109589041096,244.780821917808,-24.9061805451595,5,1
407.945205479452,244.671232876712,-24.7693405425473,6,1
407.958620689655,244.68275862069,-24.8604342979239,11,1
408.176870748299,244.843537414966,-25.39204089522,8,1
408.173333333333,244.886666666667,-25.421409221936,5,1
408.608974358974,245.205128205128,-26.3983096822677,10,1
408.876543209877,245.388888888889,-27.1398834918349,8,1
408.651898734177,245.20253164557,-26.5808659305893,8,1
408.668711656442,245.300613496933,-26.269054161984,9,1
408.982456140351,245.602339181287,-28.3822035444618,12,1
408.915151515152,245.515151515152,-28.4182743989819,8,1
408.582278481013,245.322784810127,-26.1159082458968,13,1
409.448863636364,245.982954545455,-29.1901481899952,20,1
409.606741573034,246.095505617978,-28.8687222002706,14,1
409.899441340782,246.201117318436,-29.1352714917347,13,1
409.921348314607,246.207865168539,-29.255012828583,9,1
409.024539877301,245.496932515337,-26.4201957975775,19,1
409.307228915663,245.596385542169,-26.436729978674,11,1
408.94512195122,245.365853658537,-25.9693939986525,12,1
409.639534883721,246.029069767442,-27.7134896326582,30,1
409.296089385475,246.061452513966,-27.4534650369151,57,1
409.153005464481,245.96174863388,-27.3830705607825,32,1
405.315436241611,244.523489932886,15.3047255903461,86,1
403.160714285714,244.892857142857,9.98205842930088,49,1
401.457317073171,245.609756097561,4.27791631337917,52,1
398.064102564103,246.25641025641,5.82880666492059,78,1
396.51282051282,246.519230769231,16.1076602150269,40,1
392.083916083916,247.909090909091,38.8667043143872,91,1
390.02614379085,248.647058823529,31.4016069749523,48,1
388.948051948052,249.214285714286,28.7302967856414,31,1
385.971631205674,250.843971631206,25.9333201380781,71,1
384.531914893617,251.482269503546,29.3624148584972,30,1
382.36690647482,252.884892086331,42.7832953277598,50,1
380.879194630872,253.939597315436,41.4611704768981,44,1
380.303225806452,254.490322580645,37.0012092367326,24,1
378.528662420382,255.923566878981,32.5774547923214,56,1
377.480519480519,256.558441558442,31.2800446064043,27,1
375.201438848921,258.453237410072,42.932007633315,53,1
373.338129496403,259.748201438849,51.0155639930202,58,1
372.972027972028,260.160839160839,48.6701358431451,16,1
371.922580645161,261.490322580645,44.9104047614977,46,1
371.480769230769,262.108974358974,43.430508793729,31,1
369.576388888889,264.298611111111,56.2183200813508,56,1
368.064516129032,266.870967741935,72.8700526436343,60,1
367.696721311475,267.66393442623,70.5716477887232,22,1
367.185185185185,268.918518518519,66.4135452114988,41,1
366.985915492958,269.739436619718,62.810914953788,27,1
366.36,271.546666666667,58.3746531889104,52,1
365.25,274.69696969697,66.1341206419318,66,1
364.576,275.808,73.0748966389188,29,1
364.15625,277.578125,75.462992391128,41,1
363.68115942029,278.753623188406,74.7066194575289,26,1
363.278481012658,280.443037974684,65.5076631484275,56,1
362.239726027397,283.486301369863,66.479579659935,60,1
361.93661971831,284.584507042254,71.4876936775275,26,1
361.045112781955,287.12030075188,81.9731653898397,55,1
360.696296296296,288.251851851852,79.7514500659802,32,1
360.372549019608,289.686274509804,73.5961859122654,42,1
359.859060402685,291.912751677852,71.1215714407113,56,1
359.214285714286,293.7,76.7424273081699,35,1
358.540740740741,296.340740740741,88.862899889631,57,1
358.484848484848,297.371212121212,87.9850079870068,27,1
358.205479452055,299.164383561644,83.147629084838,42,1
357.927631578947,301.217105263158,79.9705716906735,60,1
357.594202898551,302.601449275362,84.1868793945849,26,1
357.522388059701,304.738805970149,-85.4432769071987,44,1
357.528985507246,306.173913043478,-82.1791970077875,34,1
357.489932885906,307.389261744966,-86.2994965665273,31,1
357.768707482993,309.884353741497,88.8716327789447,62,1
357.807407407407,310.955555555556,-89.2621370737317,28,1
357.813432835821,313.15671641791,-76.7055984244957,47,1
357.913333333333,313.46,-77.1870087546434,36,1
358.102040816327,315.65306122449,-77.0838981622302,47,1
358.569444444444,318.166666666667,-81.4934689727736,59,1
359.058394160584,319.700729927007,-78.8536966941286,31,1
359.669291338583,321.826771653543,-66.0354927013889,46,1
359.928057553957,322.690647482014,-65.6310176743879,28,1
360.486486486487,324.452702702703,-68.2200512779335,49,1
361.717391304348,327.188405797101,-78.4864129930497,72,1
362.184615384615,328.915384615385,-73.7829170784069,32,1
363,330.759124087591,-65.3610551332211,41,1
363.485507246377,331.746376811594,-61.4583568426242,25,1
364.384615384615,333.440559440559,-60.4680647594459,41,1
365.342857142857,335.035714285714,-69.46833711006,45,1
365.716312056738,335.900709219858,-71.1019074827723,31,1
366.977099236641,338.847328244275,-71.4302450018395,56,1
367.473684210526,339.812030075188,-70.1014644516984,28,1
367.964028776978,341.381294964029,-67.9122772134049,32,1
368.489208633094,342.992805755396,-73.3745952027954,36,1
368.602836879433,343.63829787234,-76.1674796741383,28,1
369.308823529412,346.198529411765,-84.8329623970431,47,1
369.63768115942,347.398550724638,-86.4741032268358,24,1
369.901408450704,349.260563380282,-79.9912247513378,38,1
370.293233082707,352.165413533835,-77.899532813368,59,1
370.233082706767,352.804511278195,-83.1894415845537,24,1
370.266666666667,354.548148148148,88.0045529042478,40,1
370.208333333333,355.388888888889,84.0295871652825,31,1
370.014084507042,357.816901408451,77.3741037589579,52,1
369.917293233083,359.646616541353,82.6876671992486,49,1
369.795454545455,360.386363636364,85.1082490391071,17,1
369.464566929134,362.771653543307,-85.8501336027007,41,1
369.434426229508,364,-86.4779927558986,21,1
369.104,365.272,89.7787318523334,35,1
368.970588235294,366.242647058824,88.8226039820091,25,1
369,367.102362204724,88.8131660449121,17,1
369.047619047619,368.650793650794,-89.9557168134063,35,1
369.1015625,368.9375,-89.8248475688988,14,1
369.095238095238,369.888888888889,-86.9503672622627,32,1
368.888,372.192,-83.9755998632016,37,1
368.838709677419,372.701612903226,-85.0923476376401,17,1
368.866141732283,374.086614173228,-88.4888370247982,31,1
368.744,374.448,89.6846946760158,16,1
368.991596638655,376.268907563025,87.060117607891,34,1
369.115702479339,377.735537190083,87.5811938545929,26,1
369.041666666667,378.383333333333,87.1585890554267,15,1
369.016949152542,380.084745762712,89.8671129460196,34,1
368.896551724138,380.793103448276,89.6863597031012,12,1
368.769230769231,381.940170940171,87.4316952982945,29,1
368.513274336283,383.725663716814,80.1511951180802,28,1
368.605263157895,383.622807017544,79.4765358655281,11,1
368.403361344538,384.848739495798,76.3750520134932,23,1
368.247863247863,385.615384615385,74.0316666994335,14,1
368.025641025641,386.982905982906,70.3164813869866,24,1
367.968,387.312,70.4082374478812,18,1
367.758333333333,388,68.3370132636924,15,1
367.754098360656,388.565573770492,68.1161642924998,18,1
367.612903225806,389.185483870968,68.1544303881105,10,1
367.528,389.864,68.4116553609669,15,1
367.3984375,390.40625,67.7053188293274,11,1
367.32,390.608,67.4394659255621,7,1
367.48031496063,390.858267716535,66.7267048911236,14,1
367.374045801527,391.045801526718,64.4511122687825,10,1
367.362204724409,391.330708661417,62.7970694146571,8,1
367.269230769231,391.938461538462,59.8819410251475,19,1
367.302325581395,392,59.9066021868692,7,1
367.282442748092,392.320610687023,60.7545977212995,12,1
367.325581395349,392.348837209302,61.1860808571394,6,1
367.268656716418,392.507462686567,60.0213735450892,11,1
367.261194029851,392.679104477612,60.9131483828755,8,1
367.124087591241,392.861313868613,59.9269467542992,5,1
366.898550724638,393.166666666667,60.9580063297027,7,1
366.992753623188,393.253623188406,62.1108015489516,4,1
366.766423357664,393.540145985401,61.250412995982,7,1
366.551470588235,393.801470588235,62.5131037307448,15,1
366.583941605839,394.160583941606,63.8256669137945,9,1
366.550724637681,394.333333333333,64.2969616573636,9,1
366.550724637681,394.333333333333,64.2969616573636,0,1
366.589928057554,394.424460431655,64.6232861705473,7,1
366.379562043796,394.722627737226,63.817166090896,10,1
366.532846715328,394.649635036496,64.6155826011838,8,1
366.48905109489,394.569343065693,63.8322812395638,4,1
366.467625899281,394.712230215827,63.6110158092961,4,1
366.438848920863,394.769784172662,63.8687444469988,4,1
366.531034482759,394.827586206897,64.1423817562514,6,1
366.570422535211,394.852112676056,63.354259545681,5,1
366.446043165468,395.057553956835,63.5510364283309,7,1
366.376811594203,395.130434782609,63.0100645234446,5,1
366.471830985916,395.12676056338,63.2997963256806,4,1
366.384057971014,395.275362318841,62.7674332785134,6,1
366.457746478873,395.253521126761,62.4227172445244,4,1
366.381294964029,395.424460431655,62.7797536740989,7,1
366.354609929078,395.411347517731,62.3056801621673,6,1
366.319444444444,395.368055555556,61.4417146344217,5,1
366.302158273381,395.467625899281,60.4652277386675,7,1
366.268115942029,395.507246376812,60.1544009623394,5,1
366.312056737589,395.602836879433,60.8956996374677,7,1
366.405797101449,395.434782608696,60.2810999335246,5,1
366.489510489511,395.363636363636,60.1755551004642,7,1
366.433566433566,395.405594405594,59.5201062772326,6,1
366.356643356643,395.615384615385,60.0476706853476,4,1
366.48275862069,395.441379310345,60.0312311572131,6,1
366.5,395.458904109589,60.578269507008,3,1
366.390410958904,395.431506849315,59.3024627073958,4,1
366.41958041958,395.503496503496,60.0014657489054,7,1
366.390070921986,395.432624113475,59.5840416762141,4,1
366.595890410959,395.294520547945,59.5049515365008,9,1
366.503401360544,395.374149659864,59.6101375289331,5,1
366.482517482517,395.307692307692,59.4228438851071,4,1
366.514084507042,395.387323943662,59.3559427330707,7,1
366.528169014084,395.408450704225,59.8570131515483,6,1
366.644927536232,395.36231884058,59.6552714555709,8,1
366.692857142857,395.457142857143,60.8485330556079,8,1
366.723404255319,395.156028368794,59.8892461385854,9,1
366.542857142857,395.535714285714,59.5214345684736,7,1
366.560283687943,395.560283687943,59.8528665595112,5,1
366.683098591549,395.408450704225,58.7444462733155,7,1
366.643356643357,395.41958041958,58.9690123616113,5,1
366.619047619048,395.489795918367,59.1735926482135,4,1
366.531034482759,395.68275862069,59.5054472329152,6,1
366.524137931034,395.620689655172,59.0561471097331,4,1
366.594405594406,395.643356643357,59.0830073264675,6,1
366.558620689655,395.820689655172,59.8030896256084,6,1
NaN,NaN,NaN,145,1
423.68,252.128,67.0517692993437,NaN,2
423.6796875,252.1875,67.494935357788,5,2
423.740157480315,251.984251968504,66.2301097987208,9,2
423.716535433071,252.070866141732,66.5371722038435,6,2
423.763779527559,252.102362204724,66.4206941578209,2,2
423.821705426357,252.085271317829,66.1820071875514,4,2
423.9609375,251.8984375,66.7631350109888,3,2
423.83064516129,252.024193548387,67.099299775486,4,2
423.861788617886,251.967479674797,67.3409889573037,3,2
423.842519685039,251.992125984252,67.0103694819897,4,2
423.968,251.904,67.470004303013,4,2
423.873015873016,252.007936507937,66.8651520313846,3,2
423.8984375,251.953125,66.8794315525507,4,2
423.8984375,252.1171875,67.3904261839183,4,2
423.862903225806,252.193548387097,66.9659868865814,4,2
423.8,252.288,66.6071809202323,3,2
423.873015873016,252,66.8772595950498,7,2
423.870967741935,252.048387096774,67.0824957046942,2,2
423.866141732283,252.07874015748,67.2062087507019,5,2
423.873015873016,252,66.8772595950498,3,2
423.833333333333,252.222222222222,66.8939588590447,4,2
423.827868852459,252.188524590164,67.3048630468404,6,2
423.878048780488,252.170731707317,66.8136974237097,7,2
423.928,251.992,66.6341822115942,8,2
423.936507936508,251.896825396825,66.7059827096808,7,2
423.920634920635,251.968253968254,66.1478144803804,4,2
423.8984375,251.9921875,66.7432972480735,6,2
423.842519685039,252.031496062992,66.9068803001876,5,2
423.937984496124,251.77519379845,67.1536265176616,6,2
423.896825396825,251.97619047619,67.7228397870645,7,2
423.9609375,251.84375,66.5455662630788,8,2
423.888888888889,251.936507936508,66.930182680405,2,2
424.007874015748,251.763779527559,67.1745843635847,3,2
424.007874015748,251.763779527559,67.1745843635847,0,2
423.944444444444,251.968253968254,67.3886895278383,3,2
424.015503875969,251.720930232558,67.3096687634714,5,2
424.038759689922,251.744186046512,67.6430688439584,4,2
424.062992125984,251.629921259843,67.0259937839849,6,2
424,251.761538461538,67.1315360378112,9,2
424.06106870229,251.580152671756,66.7925514527674,5,2
423.817518248175,251.70802919708,65.958410887424,8,2
423.926470588235,251.654411764706,66.5293342567917,3,2
423.897058823529,251.610294117647,66.4706366483043,6,2
423.70802919708,251.956204379562,66.2499346708692,9,2
423.723880597015,251.84328358209,66.8508549112356,9,2
423.477272727273,252.189393939394,66.862466625589,8,2
423.424242424242,252.295454545455,67.3635975657437,6,2
423.279069767442,252.511627906977,68.459011757112,5,2
423.166666666667,252.522727272727,68.8785628773158,7,2
423.157480314961,252.590551181102,69.5831436199923,9,2
423.279069767442,252.441860465116,72.1113545391069,18,2
423.442748091603,252.083969465649,73.1138343396797,16,2
423.816901408451,252.091549295775,-83.6456128884818,67,2
423.797297297297,253.810810810811,-63.747513178303,64,2
424.522388059701,254.835820895522,-64.0571097665519,34,2
426.354838709677,258.653225806452,-75.663751090598,80,2
427.074074074074,260.348148148148,-79.082147580855,47,2
428,263.741258741259,-61.3352416798875,80,2
429.812030075188,267.428571428571,-51.0650421956873,78,2
430.537313432836,268.723880597015,-54.5098657632725,25,2
432.128787878788,271.204545454545,-60.4615302498076,58,2
433.035460992908,272.872340425532,-62.8087884028922,35,2
434.559440559441,275.300699300699,-50.604557182671,58,2
436.241134751773,277.375886524823,-44.5355540422644,54,2
436.639705882353,277.963235294118,-43.6060534084716,23,2
438.335664335664,280.370629370629,-53.6767432864975,63,2
439.095238095238,281.210884353742,-58.2692087927509,36,2
440.91156462585,284.020408163265,-50.7200718392057,68,2
442.94701986755,286.245033112583,-38.0367497335089,60,2
443.521428571429,287.014285714286,-34.9944040282676,23,2
445.183673469388,288.802721088435,-41.5798672612636,59,2
446.013888888889,289.736111111111,-46.5004969944185,29,2
448.801526717557,292.167938931298,-50.3982249361761,61,2
450.294964028777,293.517985611511,-37.4893404251804,42,2
451.104166666667,294.125,-35.6293685469185,27,2
452.166666666667,294.861111111111,-30.7579504041835,42,2
452.945578231293,295.680272108844,-33.0003292091948,27,2
454.473333333333,296.506666666667,-43.1114398802624,55,2
457.430656934307,298.598540145985,-46.6901236313784,59,2
458.128571428571,298.914285714286,-40.6921336527604,21,2
459.951388888889,300.243055555556,-27.7036579342302,54,2
460.727891156463,300.789115646258,-25.7002172497206,25,2
462.360544217687,301.557823129252,-27.1074146127875,48,2
464.253246753247,302.519480519481,-38.6821840632281,61,2
465.771812080537,303.536912751678,-38.8755728653822,39,2
468.561643835616,305.219178082192,-32.6692438309875,59,2
469.255172413793,305.544827586207,-28.8776291351209,19,2
471.355263157895,306.618421052632,-18.5147408861631,61,2
473.114093959732,307.208053691275,-20.5504995674543,51,2
474.095541401274,307.515923566879,-24.8723736099957,32,2
475.993377483444,308.450331125828,-27.2853401392595,50,2
477.65034965035,309,-29.5152533339142,32,2
479.944055944056,309.923076923077,-25.3781160810229,48,2
481.79020979021,310.804195804196,-19.8281654759672,42,2
483.220588235294,311.691176470588,-18.0716361644298,39,2
484.496774193548,312.2,-25.3211652512893,35,2
485.422818791946,312.510067114094,-26.6761202840485,24,2
487.952054794521,313.678082191781,-29.4951340807665,63,2
490.447552447552,314.818181818182,-25.0760467375862,49,2
491.421768707483,315.08843537415,-18.6813095857296,24,2
494.659574468085,316.340425531915,-6.75548487223418,64,2
495.066666666667,316.266666666667,-7.51102155792491,23,2
497.273333333333,316.846666666667,-9.87203493115963,54,2
499.664429530201,317.073825503356,-13.4673621720332,51,2
501.042253521127,317.330985915493,-11.2680221683107,29,2
504.195804195804,317.685314685315,-5.95733732388555,61,2
505.474452554745,317.824817518248,0.82850004241897,32,2
507.784722222222,318.006944444444,-3.11180375688164,47,2
510,317.967105263158,-14.0534813199704,60,2
511.483443708609,318.251655629139,-14.8987967521753,35,2
515.085714285714,319.2,-16.3798612954149,69,2
515.967320261438,319.424836601307,-12.2424317732066,25,2
518.287581699346,319.653594771242,-4.15917817438372,52,2
520.895833333333,319.951388888889,-1.48673589528517,59,2
521.864516129032,320.116129032258,-4.61580174576258,27,2
524.367741935484,320.225806451613,-9.11912458285763,48,2
525.018987341772,320.373417721519,-8.68210672631792,25,2
528.302013422819,320.362416107383,-2.14466255832714,55,2
530,320.375,7.28923331639209,39,2
531.248366013072,320.091503267974,10.3353437712822,33,2
533.503311258278,319.781456953642,11.1210585516574,50,2
534.41059602649,319.774834437086,10.2676702103569,18,2
536.816455696203,319.392405063291,4.85641389527019,47,2
539.026490066225,319.119205298013,2.9659811033499,45,2
540.418918918919,318.912162162162,4.9522924561381,25,2
542.711409395973,318.322147651007,11.895728759912,49,2
543.646666666667,318.246666666667,15.3741577595852,23,2
545.821917808219,317.979452054795,18.1696554420319,52,2
548.10067114094,317.630872483221,12.8107223619987,43,2
548.954248366013,317.490196078431,9.24773988449334,24,2
552.007042253521,316.661971830986,-0.921867279045123,59,2
553.064748201439,316.604316546763,-2.37520239491025,21,2
554.622516556291,316.430463576159,1.37480214868484,36,2
557.059602649007,316.331125827815,6.57263799395995,50,2
558.106918238994,316.220125786164,6.76452115923299,24,2
560.459459459459,316.074324324324,4.8699569084774,53,2
561.444444444444,315.97385620915,4.16802734417478,25,2
563.427672955975,315.918238993711,-4.54845261699118,40,2
565.857142857143,316.224489795918,-7.23821386172447,52,2
567.8125,316.277777777778,-8.43803121972016,29,2
569.804195804196,316.258741258741,-5.02807731218934,41,2
570.884353741497,316.258503401361,-3.19762323510878,26,2
572.922077922078,316.623376623377,-0.762519087369295,47,2
575.040816326531,317,-1.76116364175107,45,2
576.425675675676,316.851351351351,-3.44690166977846,25,2
578,317.317567567568,-6.2209582754655,40,2
579.433333333333,317.153333333333,-7.41038095079397,26,2
581.972972972973,317.385135135135,-4.67321261656036,54,2
584.520833333333,317.430555555556,6.54544405930926,58,2
586.058823529412,317.242647058824,9.08765599672705,34,2
588.36170212766,317.212765957447,6.7286459831762,39,2
589.328767123288,317.267123287671,5.21857493063765,23,2
591.532894736842,317.105263157895,1.92485103830465,42,2
594.727891156463,316.795918367347,-0.495715467926147,55,2
596.179856115108,316.73381294964,2.41467720313544,28,2
598.729166666667,316.166666666667,10.8959007934172,53,2
599.46,316.093333333333,12.8229907739216,20,2
602.251748251748,315.552447552448,18.7555425326276,53,2
604.275167785235,315.03355704698,16.5476499067999,44,2
605.347222222222,314.868055555556,13.5514296954125,21,2
607.046052631579,314.190789473684,11.1371424655239,38,2
608.348684210526,313.848684210526,9.24432964095912,32,2
610.344370860927,313.112582781457,10.688934000783,41,2
612.826388888889,312.534722222222,19.0788160807943,51,2
613.666666666667,312.333333333333,19.196265336296,23,2
616.3,311.378571428571,21.9928123828546,51,2
617.401360544218,311.081632653061,20.0908254378618,23,2
618.926174496644,310.731543624161,14.6465639535015,38,2
620.915584415584,310.24025974026,10.3610755105988,41,2
622.447368421053,309.822368421053,9.58229495938548,28,2
624.006535947712,309.614379084967,10.4319411389654,33,2
625.289473684211,309.203947368421,12.2408691836544,29,2
627.019736842105,308.934210526316,14.2630442596245,42,2
630.154929577465,308.267605633803,14.8032171609516,52,2
631.041095890411,308.109589041096,11.3764377624077,26,2
633.075342465753,307.849315068493,7.50651624889874,42,2
634.268965517241,307.565517241379,5.34069245659612,25,2
636.344827586207,307.344827586207,5.01479505122921,38,2
638.342105263158,307.072368421053,9.29521796161031,45,2
639.692307692308,306.853146853147,12.5235796273826,35,2
642.062937062937,306.72027972028,15.0054352190239,46,2
643.201388888889,306.486111111111,13.5475222745289,23,2
644.809523809524,306.503401360544,9.69941860373947,41,2
646.567567567568,306.087837837838,5.99961894417149,33,2
648.275862068965,305.772413793103,4.92181974875153,29,2
650.006711409396,305.469798657718,7.2647818239535,34,2
650.770833333333,305.388888888889,8.02421045097651,21,2
652.965034965035,305.146853146853,12.4582097240538,49,2
654.964539007092,305.049645390071,15.8172246182566,52,2
656.042253521127,304.845070422535,14.414333447756,23,2
658.251851851852,304.437037037037,8.93586625988652,41,2
658.746376811594,304.565217391304,7.0963000231065,19,2
661.1,304.146153846154,4.33157231806396,42,2
663.527559055118,303.858267716535,4.81607063503336,41,2
664.684615384615,303.676923076923,7.59156919161923,19,2
666.318181818182,303.575757575758,9.59456249877824,42,2
667.751937984496,303.581395348837,11.5256310406286,23,2
670.193798449612,303.403100775194,11.5940602094965,40,2
672.220588235294,303.507352941176,8.36812375522088,45,2
673.164383561644,303.438356164384,5.96077388931075,26,2
674.523178807947,303.264900662252,2.50263655534975,29,2
675.232258064516,303.225806451613,0.142681578558655,20,2
675.456375838926,303.046979865772,-0.0872050654056924,26,2
675.525,302.83125,3.17082535453258,29,2
675.567073170732,302.603658536585,4.85982598889905,16,2
675.075949367089,302.550632911392,7.3648835196021,40,2
674.714285714286,302.642857142857,8.24376899910524,22,2
675.296052631579,302.473684210526,11.6503533527367,28,2
674.986394557823,302.557823129252,12.6391677643404,19,2
674.644295302013,302.651006711409,14.17312653142,18,2
674.450980392157,302.640522875817,13.5137849712704,18,2
674.78,302.513333333333,13.5052021844836,13,2
674.696774193548,302.438709677419,14.3142322645907,25,2
675.116129032258,302.387096774194,14.0487956257536,14,2
675.025477707006,302.343949044586,13.3777369094357,10,2
NaN,NaN,NaN,157,2
411.097014925373,239.574626865672,-15.4178873384467,NaN,3
411.268656716418,239.716417910448,-15.0401953004723,8,3
411.355555555556,239.718518518519,-14.7313759430205,3,3
411.151515151515,239.666666666667,-14.8814448690238,7,3
410.976377952756,239.732283464567,-15.3317573099864,5,3
411.015503875969,239.682170542636,-14.8786382496781,4,3
411.015625,239.75,-15.321112905252,3,3
411.014925373134,239.708955223881,-14.6321462187993,8,3
411.132352941176,239.691176470588,-14.2465719510943,8,3
411.102941176471,239.580882352941,-14.6359913014483,8,3
411.141843971631,239.716312056738,-14.2022408239716,7,3
411.212765957447,239.553191489362,-13.898817318584,8,3
411.36231884058,239.688405797101,-12.4614448755864,9,3
411.386206896552,239.820689655172,-13.4018414925476,17,3
411.513333333333,239.82,-12.8324123638956,11,3
411.384615384615,239.825174825175,-11.7850716672553,9,3
411.181818181818,239.664335664336,-13.0567117926296,10,3
410.9375,239.625,-12.5889632649253,5,3
411.119205298013,239.920529801325,-12.2713636798146,17,3
411.066666666667,239.86,-11.9242723573829,13,3
411.282894736842,239.973684210526,-12.3593262638003,12,3
411.273333333333,239.926666666667,-12.1897418965645,6,3
411.059602649007,239.87417218543,-12.4236608128799,9,3
411.078947368421,239.835526315789,-12.5013071334202,11,3
410.974358974359,239.891025641026,-11.6580260288941,10,3
411.115384615385,239.961538461538,-11.686976708848,8,3
411.198717948718,239.891025641026,-12.5191247798729,4,3
411.056962025316,239.949367088608,-12.0591371100609,12,3
411.254777070064,240.025477707006,-12.8240650178782,15,3
411.167741935484,240.051612903226,-12.0848329653691,8,3
411.006172839506,239.87037037037,-12.579427819398,11,3
410.961538461538,239.923076923077,-10.8047412169158,10,3
411.298136645963,240.080745341615,-11.8692392731924,17,3
411.75,240.127906976744,-10.0798159116544,15,3
411.784090909091,240.107954545455,-9.84034106026826,14,3
412.099447513812,240.038674033149,-8.95768178732651,15,3
412.316666666667,240.072222222222,-8.52668906348223,9,3
412.087912087912,240.049450549451,-7.56228778453197,10,3
411.888888888889,240.005555555556,-7.15892688313141,8,3
411.596590909091,239.943181818182,-7.15545064249255,8,3
411.059880239521,239.712574850299,-5.25789276750777,23,3
410.577380952381,239.505952380952,-3.90739219391177,23,3
408.696202531646,239.335443037975,3.91055918536699,60,3
406.261627906977,239.46511627907,20.998016930642,70,3
404.971264367816,239.781609195402,16.9840261518139,38,3
401.587878787879,240.793939393939,8.20598965078028,89,3
399.934640522876,241.274509803922,-0.579359126140945,52,3
396.046357615894,241.87417218543,4.36908417671307,72,3
393,241.929411764706,8.94759181835768,77,3
390.759036144578,242.210843373494,4.71014950307099,44,3
386.333333333333,241.943396226415,-14.197034736526,101,3
384.151898734177,241.829113924051,-21.6284572821905,53,3
381.164705882353,241.011764705882,-10.6518642029637,76,3
376.630573248408,239.815286624204,-11.576754504823,91,3
375.033333333333,239.433333333333,-11.7526683129965,37,3
371.456953642384,238.377483443709,-10.4814539847948,73,3
370.056603773585,238.03144654088,-4.63818607851266,34,3
366.777777777778,237.450980392157,0.131833726647894,70,3
363.832167832168,237.188811188811,-6.53616381130592,62,3
362.787671232877,237.171232876712,-11.001334503082,33,3
360.328671328671,236.517482517483,-8.24311371960484,57,3
359.013986013986,236.195804195804,-2.23422666956609,30,3
357.657534246575,235.719178082192,0.094758424164989,47,3
355.827814569536,235.913907284768,-7.88143814217872,49,3
354.953947368421,235.730263157895,-11.2520540195244,43,3
352.525547445255,235.379562043796,-12.1021185795883,57,3
350.792857142857,234.95,-8.64968225948906,33,3
349.476821192053,234.602649006623,0.26185497424962,47,3
347.356164383562,234.568493150685,-1.34227404856621,47,3
346.764285714286,234.564285714286,-5.94170178620031,36,3
344.265734265734,234.531468531469,-10.8068607749803,63,3
342.905797101449,234.355072463768,-11.8675790045172,29,3
340.835616438356,233.767123287671,1.94231848920734,54,3
339.232876712329,233.938356164384,3.12451283912059,46,3
338.048275862069,234.013793103448,1.48862895104892,33,3
336.026315789474,233.947368421053,-3.59428536791292,53,3
334.754838709677,234.006451612903,-6.2638268794955,33,3
331.803921568627,233.908496732026,-3.69946995905424,52,3
329.22962962963,233.881481481481,5.62424646966975,64,3
328.097222222222,233.736111111111,6.42256275156398,27,3
325.986666666667,234.086666666667,1.7767266680858,52,3
325.032679738562,234.143790849673,-0.721243686474423,31,3
322.365517241379,234.324137931034,-4.25611164625514,58,3
319.798561151079,234.035971223022,1.36239066251303,44,3
318.657342657343,234.076923076923,5.75670666914114,34,3
316.160839160839,234.524475524476,6.57139531855939,68,3
315.514084507042,234.394366197183,5.74691896969323,19,3
313.925170068027,234.65306122449,-1.30945682192224,51,3
311.635135135135,234.682432432432,-4.33984978730344,61,3
310.178082191781,234.684931506849,-7.66708817183337,24,3
307.489655172414,234.393103448276,1.24164770567271,53,3
306.359154929577,234.676056338028,4.05909727722597,35,3
304.902097902098,234.48951048951,1.91325606668657,43,3
303.054421768707,234.680272108844,-6.31646667985684,56,3
302.13698630137,234.547945205479,-5.13735071981897,33,3
299.474820143885,234.258992805755,-7.04646713025597,47,3
298.26618705036,234.302158273381,-1.37404302039491,30,3
296.146853146853,234.412587412587,7.78802589512893,50,3
294.161971830986,234.239436619718,9.26608545826533,49,3
293.096296296296,234.348148148148,4.51023648381558,27,3
291.707482993197,234.374149659864,0.53499063069307,38,3
290.815286624204,234.484076433121,-1.5943980418963,32,3
286.845070422535,234.901408450704,-3.28284565875041,71,3
285.352112676056,234.901408450704,5.66530085188339,50,3
283.875,235.036764705882,10.8052318912974,32,3
282.482269503546,235.269503546099,9.72017896923937,31,3
281.328571428571,235.257142857143,8.06994377157248,27,3
280.013793103448,235.537931034483,4.06596134709089,41,3
277.205673758865,235.921985815603,2.30175160310304,52,3
275.707142857143,236.185714285714,6.77992376184556,29,3
273.726618705036,236.294964028777,14.5313714119517,39,3
273.479452054795,236.458904109589,13.7420091320701,23,3
271.428571428571,236.965986394558,15.5798429221233,41,3
270.112582781457,237.238410596026,12.8849711630508,32,3
269.182389937107,237.547169811321,12.5493536255334,24,3
266.653333333333,238.286666666667,9.48068364649627,61,3
265.077464788732,238.746478873239,12.444512891739,34,3
262.695652173913,239.311594202899,23.908458024656,52,3
261.159722222222,239.902777777778,25.9442406624691,42,3
260.289855072464,240.347826086957,22.6890231298804,32,3
258.277777777778,241.1875,17.0253535911527,48,3
257.308219178082,241.541095890411,15.0215224279009,24,3
254.806896551724,242.255172413793,10.197787602031,65,3
252.157894736842,242.940789473684,12.1493388174885,49,3
250.758389261745,243.335570469799,17.0812187912118,37,3
248.828767123288,243.965753424658,17.1975028707429,43,3
248.12,244.153333333333,17.3350508897205,20,3
246.405405405405,244.25,12.5558579660309,42,3
244.670807453416,244.701863354037,8.77061794768549,43,3
242.834482758621,245.165517241379,6.09916144455165,36,3
240.210144927536,245.789855072464,9.79597243554311,53,3
239.627737226277,246.080291970803,11.1698388653937,19,3
238.210884353742,246.068027210884,13.6301624510289,38,3
236.620689655172,246.372413793103,13.8684920359038,46,3
235.708333333333,246.5625,11.945178697473,31,3
233.797297297297,246.837837837838,7.88301147034271,36,3
232.939597315436,247.134228187919,7.90093457522055,23,3
230.452054794521,247.691780821918,7.05782484196005,51,3
228.311594202899,248.18115942029,12.7053774677885,44,3
228.161971830986,248.288732394366,13.5524255428848,26,3
226.261744966443,248.48322147651,18.9159086137858,41,3
225.552631578947,248.776315789474,18.9550958082787,27,3
224.208860759494,249.006329113924,15.6505605026415,34,3
222.251572327044,249.918238993711,13.7183014809704,49,3
220.556338028169,250.478873239437,10.6555526728958,35,3
218.953642384106,251.006622516556,17.271921039096,47,3
217.662162162162,251.222972972973,20.3759623289512,29,3
216.301282051282,251.724358974359,25.4159666908888,44,3
214.53642384106,252.549668874172,22.288681501251,39,3
213.651612903226,253.064516129032,17.7526520569351,34,3
212.077844311377,253.712574850299,14.1464857428223,50,3
211.136645962733,254.217391304348,11.1816966893358,34,3
208.178082191781,255.253424657534,12.6522835963921,57,3
206.9,255.51875,19.9080470017278,46,3
205.807692307692,255.839743589744,20.9991119108919,30,3
203.924050632911,256.335443037975,20.8138530828851,42,3
203.296296296296,256.722222222222,19.421911871095,24,3
201.556962025316,257.025316455696,13.9299335259369,50,3
199.649350649351,257.954545454545,11.5763888363798,50,3
198.366013071895,258.424836601307,11.1986153051658,29,3
196.15923566879,258.783439490446,19.2413826838775,56,3
195.722891566265,258.746987951807,20.0135218710337,23,3
194.018181818182,259.193939393939,24.2564831755526,47,3
192.668711656442,259.61963190184,19.8540577042807,38,3
191.993710691824,259.836477987421,16.8394842094447,26,3
190.42,260.466666666667,14.2830727297206,41,3
189.834394904459,260.84076433121,13.4629847515684,27,3
188.164473684211,261.098684210526,14.6993655924385,41,3
186.27972027972,261.524475524476,21.000928919226,41,3
185.827586206897,261.689655172414,23.0545583600747,20,3
184.22695035461,262.290780141844,22.9558309377079,36,3
183.743243243243,262.439189189189,22.3903826457295,15,3
182.517482517483,262.937062937063,18.5752293393175,35,3
180.887218045113,263.669172932331,15.6143921261692,32,3
179.886363636364,264.151515151515,15.651277494005,27,3
178.284482758621,264.603448275862,15.3095465033467,32,3
177.268907563025,264.899159663866,18.9676005657675,19,3
175.49593495935,265.520325203252,25.2168031529706,36,3
174.473282442748,265.75572519084,24.0832766870165,30,3
173.651162790698,266.131782945736,22.2329723305068,20,3
172.340909090909,266.598484848485,19.8765377477907,35,3
171.038759689922,267.263565891473,16.885219415337,27,3
169.349206349206,268.039682539683,15.6617454509903,37,3
167.901639344262,268.713114754098,18.6958915092017,34,3
167.141666666667,269.083333333333,24.4365570056855,22,3
166.951612903226,269.040322580645,31.8048902445654,24,3
166.758064516129,269.282258064516,35.7950263315339,18,3
166.449612403101,269.899224806202,43.18575064299,29,3
166.807692307692,270.123076923077,44.7228116425661,25,3
167.15671641791,270.164179104478,45.2975848875124,14,3
166.762295081967,271.008196721311,45.9197749256447,20,3
166.883333333333,271.241666666667,47.4117566848052,12,3
166.825396825397,271.468253968254,53.6967158802669,24,3
166.365853658537,272.252032520325,65.698616702496,29,3
166.388888888889,272.650793650794,73.87706208682,15,3
166.352,273.472,85.9039460880015,27,3
166.432,273.728,88.7744811910555,20,3
166.726495726496,274.769230769231,84.6648118786079,36,3
167.157894736842,276.105263157895,74.8147892595024,41,3
NaN,NaN,NaN,114,3
422.619047619048,246.81746031746,-51.0191409302174,NaN,4
422.700787401575,246.818897637795,-51.3810072644692,5,4
422.59842519685,246.637795275591,-51.0955681226,4,4
422.404580152672,246.534351145038,-51.260636752674,6,4
422.341085271318,246.441860465116,-50.7494645114325,4,4
422.410852713178,246.558139534884,-50.8830785082017,4,4
422.582677165354,246.685039370079,-50.5175166343857,6,4
422.531746031746,246.761904761905,-51.5372206073973,5,4
422.592,246.72,-51.0678654436923,3,4
422.552,246.72,-51.0655280050935,6,4
422.637795275591,246.811023622047,-51.1406201527285,4,4
422.616,246.816,-51.0787469669527,6,4
422.535433070866,246.732283464567,-51.6403934367282,8,4
422.674603174603,246.825396825397,-51.2718808581528,3,4
422.648,246.832,-51.4672782346031,5,4
422.589147286822,246.767441860465,-50.9531620263354,6,4
422.606299212598,246.889763779528,-50.5604787123379,8,4
422.543307086614,246.779527559055,-51.2286993201365,4,4
422.604651162791,246.782945736434,-50.6249866070475,6,4
422.527131782946,246.697674418605,-50.5630972360789,4,4
422.581395348837,246.744186046512,-50.4751226408506,2,4
422.4,246.623076923077,-50.3705811225974,7,4
422.404580152672,246.595419847328,-50.4593550934503,1,4
422.390625,246.578125,-50.7963769920895,5,4
422.473282442748,246.618320610687,-50.6226320575311,7,4
422.3203125,246.546875,-50.3686011604036,7,4
422.453125,246.703125,-50.7386557452869,4,4
422.442748091603,246.625954198473,-50.453198499702,3,4
422.387596899225,246.68992248062,-50.930328431379,6,4
422.484126984127,246.738095238095,-50.7667484413624,3,4
422.4921875,246.7734375,-49.9693594372396,6,4
422.5078125,246.75,-50.3796285686993,4,4
422.453846153846,246.669230769231,-50.2723681243764,2,4
422.4765625,246.7421875,-50.6797674338836,2,4
422.609375,246.7421875,-50.634754220586,4,4
422.496124031008,246.720930232558,-50.7077285694632,3,4
422.527131782946,246.751937984496,-50.3666782445723,2,4
422.55905511811,246.866141732283,-50.8335042608141,4,4
422.59375,246.84375,-50.3252203782541,5,4
422.465648854962,246.679389312977,-49.8885012172803,7,4
422.435114503817,246.587786259542,-50.222125394004,4,4
422.603174603175,246.865079365079,-50.7374843284859,7,4
422.31007751938,246.558139534884,-49.7560779157408,7,4
422.368421052632,246.616541353383,-49.0525884451286,4,4
422.248120300752,246.511278195489,-48.7817308848459,4,4
422.30303030303,246.5,-49.5346134447719,7,4
422.458015267176,246.687022900763,-49.620801400783,7,4
422.546875,246.6328125,-49.8655003865413,7,4
422.744,246.872,-49.5871369675914,7,4
422.614173228346,246.850393700787,-49.9477655340112,6,4
422.625,246.84375,-49.295538615135,3,4
422.582677165354,246.716535433071,-48.8078189419839,3,4
422.648,246.76,-48.7847413299741,8,4
422.756097560976,246.739837398374,-48.9451585636246,4,4
422.738461538462,246.7,-49.3313180560422,9,4
422.706349206349,246.714285714286,-47.6881341377129,8,4
422.752,246.728,-47.5815643700342,3,4
422.705426356589,246.658914728682,-47.4089309455222,4,4
422.708661417323,246.606299212598,-46.9063626947912,8,4
422.581395348837,246.581395348837,-46.6326948627959,4,4
422.653846153846,246.538461538462,-46.3335633312545,5,4
422.679104477612,246.462686567164,-45.7527895651977,6,4
422.792307692308,246.461538461538,-46.1334968465323,6,4
422.734848484848,246.5,-45.7494805284969,6,4
422.801526717557,246.564885496183,-44.8204804435708,5,4
422.953488372093,246.713178294574,-45.7998728266597,6,4
422.832061068702,246.480916030534,-45.1606269735779,8,4
423,246.627906976744,-45.0154080325714,6,4
422.9453125,246.6015625,-45.9153982773616,7,4
422.891472868217,246.581395348837,-45.79963042363,7,4
422.8828125,246.546875,-48.898410250473,21,4
422.943548387097,247.153225806452,-59.8993271932426,42,4
423.732142857143,248.401785714286,-71.2622921946579,32,4
424.787878787879,250.742424242424,-66.2815440326759,66,4
425.515384615385,252.130769230769,-60.7895596351421,28,4
426.952702702703,254.52027027027,-50.9268233286357,82,4
429.085106382979,257.482269503546,-58.9840982899439,73,4
430.036764705882,258.463235294118,-68.6102924654066,35,4
431.477611940299,261.791044776119,-78.387878326605,66,4
431.913043478261,263.057971014493,-76.1316961854311,28,4
432.472222222222,265.1875,-75.1539068629804,44,4
433.045801526718,268.251908396947,-80.193806761699,55,4
432.962686567164,268.865671641791,-85.4525228870212,19,4
432.858267716535,271.330708661417,80.2026838087892,55,4
432.644444444444,272.496296296296,80.420205898208,30,4
432.521428571429,274.071428571429,85.8030786173073,33,4
432.317567567568,275.614864864865,-89.7172826331622,36,4
432.022222222222,277,-87.313939552516,33,4
431.626865671642,279.208955223881,89.9396434145663,51,4
431.459854014599,280.357664233577,84.625453530011,31,4
430.910344827586,282.013793103448,76.0632851762197,42,4
430.318518518519,284.585185185185,76.8759439703296,52,4
430.167883211679,285.350364963504,79.0896954230441,20,4
429.330769230769,288.376923076923,86.0401836359842,53,4
429.1171875,289.75,86.418596127014,26,4
428.643939393939,291.143939393939,78.4909721946792,30,4
427.673611111111,292.805555555556,66.4048986266211,44,4
427.315789473684,293.864661654135,59.9048271226236,23,4
426.416666666667,295.958333333333,62.9417616836738,57,4
426.103703703704,296.933333333333,65.0276963542775,23,4
424.881481481482,299.066666666667,70.9289849167593,48,4
423.527131782946,301.77519379845,65.4882232736898,50,4
423.022900763359,302.175572519084,59.0815954653186,16,4
421.992424242424,303.840909090909,54.0130627406075,43,4
421.22962962963,305.103703703704,53.7280724261938,31,4
420.466666666667,306.548148148148,57.7271075510176,38,4
419.451851851852,308.311111111111,67.7040813562272,38,4
418.752,309.312,70.0354027863283,28,4
417.847328244275,311.435114503817,71.0240849512522,42,4
417.462686567164,312.231343283582,68.5111831805843,19,4
416.388489208633,313.719424460432,62.0096095678061,39,4
415.481481481481,315.933333333333,59.8625355253172,44,4
414.933333333333,316.888888888889,62.6591757007437,22,4
414.427536231884,318.268115942029,67.0443813399542,31,4
413.765151515152,319.560606060606,71.8811627998838,28,4
412.874074074074,321.8,77.3470626466905,41,4
412.184397163121,323.22695035461,72.3178358014421,34,4
411.759124087591,324.160583941606,68.7697632506188,26,4
410.837037037037,326.296296296296,63.9525620033502,50,4
410.548148148148,327.044444444444,65.6735670818388,28,4
409.934306569343,329.007299270073,68.4408289897035,36,4
409.257575757576,330.962121212121,74.4864683850687,37,4
408.584615384615,332.169230769231,77.5120612066992,24,4
408.06976744186,333.387596899225,73.380138223822,29,4
407.687943262411,334.113475177305,72.0530156101419,20,4
407.050724637681,335.876811594203,64.9495005051996,43,4
406.283582089552,337.880597014925,63.7592121412099,48,4
406.0390625,338.7421875,65.2851320763762,16,4
405.2265625,340.5078125,69.2639305226413,38,4
404.833333333333,341.507575757576,73.0544832103974,20,4
403.976744186047,343.46511627907,72.9424565133335,35,4
403.360544217687,344.700680272109,67.2974452962358,30,4
403.107913669065,345.41726618705,63.6369508600457,24,4
402.25,347.560606060606,56.7422276480881,47,4
401.585185185185,349.066666666667,60.0162639427895,31,4
400.723880597015,351.029850746269,67.6819994104028,43,4
399.536585365854,353.739837398374,80.5486366865021,47,4
399.294573643411,354.643410852713,78.1568369641514,18,4
398.688405797101,356.304347826087,71.9614813492584,35,4
398.429577464789,356.697183098592,70.6354905919016,14,4
397.535211267606,359.183098591549,61.2583018063474,60,4
396.56204379562,361.182481751825,61.6407411478141,47,4
396.226277372263,362.102189781022,65.8383910793126,22,4
395.320610687023,363.984732824427,71.4212581165038,36,4
395.060606060606,364.719696969697,71.1134920379104,23,4
394.276119402985,366.358208955224,70.7317030760587,34,4
393.555555555556,367.861111111111,62.097631617932,44,4
393.154929577465,368.838028169014,58.8921622195,28,4
392.328244274809,370.893129770992,59.8366897054106,41,4
392.067164179104,371.432835820896,63.6024643992581,21,4
390.8984375,373.5078125,75.8697212152127,46,4
390.219512195122,375.593495934959,76.4679755078993,41,4
389.91935483871,376.766129032258,74.227503581686,25,4
389.574803149606,377.858267716535,65.3885516292342,35,4
389.206106870229,379.076335877863,63.5355314576832,28,4
388.572519083969,380.931297709924,61.4483818291905,46,4
387.893939393939,383.030303030303,66.7314611690809,37,4
387.460317460317,383.992063492063,73.4733795186367,26,4
386.766129032258,386.024193548387,79.6869012369259,44,4
386.677419354839,386.564516129032,77.0364213675214,18,4
386.171875,388.1484375,71.8239647158302,30,4
385.661971830986,389.711267605634,65.1204095688337,48,4
385.091603053435,391.412213740458,62.0834795919684,33,4
384.05737704918,393.680327868852,73.0545490039637,47,4
383.776923076923,394.669230769231,80.0129801521052,24,4
383.296,396.552,84.1002357891595,45,4
383.273381294964,396.575539568345,80.8678813759864,30,4
383.123287671233,396.493150684931,77.3461785925836,13,4
383.027777777778,397.006944444444,72.1781868573406,36,4
383.047297297297,396.804054054054,70.3153060956313,16,4
382.971223021583,396.870503597122,63.4969915683575,37,4
382.727941176471,396.941176470588,62.2872683796044,19,4
382.776978417266,396.697841726619,61.5646626585611,9,4
382.359712230216,397.043165467626,60.2914575810266,18,4
381.935251798561,397.338129496403,61.3085054220584,12,4
381.881118881119,396.937062937063,59.8676169775487,14,4
381.946308724832,396.536912751678,53.8845757306908,30,4
NaN,NaN,NaN,149,4
394.254658385093,237.596273291925,-23.1783424815938,NaN,5
394.188679245283,237.490566037736,-23.269780173115,6,5
394.055900621118,237.565217391304,-23.6101361345107,6,5
393.968152866242,237.484076433121,-23.3961170363712,6,5
394.37037037037,237.827160493827,-24.1616846937455,15,5
393.843137254902,237.581699346405,-22.6760419926127,13,5
393.493333333333,237.413333333333,-22.8589512562965,9,5
393.331081081081,237.398648648649,-22.7366760233937,8,5
393.184931506849,237.321917808219,-22.8807825194427,4,5
393.256756756757,237.439189189189,-23.3262015820384,6,5
393.102040816327,237.448979591837,-23.4920666164413,9,5
392.971830985916,237.457746478873,-24.0311090838862,7,5
393.482993197279,237.721088435374,-24.3385873734812,13,5
393.042553191489,237.418439716312,-24.1847931040712,10,5
393.631944444444,237.798611111111,-25.4221450589372,15,5
393.48275862069,237.91724137931,-25.7861677083932,11,5
393.923611111111,238.076388888889,-24.530466568895,9,5
393.724137931034,238.055172413793,-24.4962295273503,5,5
393.682432432432,238.060810810811,-23.9024764531838,5,5
393.657342657343,237.93006993007,-25.0318302447312,7,5
393.605442176871,238.095238095238,-24.5916034227377,6,5
393.68275862069,238.034482758621,-24.646581215273,6,5
393.614864864865,238.141891891892,-24.2090571672042,7,5
393.701388888889,238.131944444444,-24.3479058502318,4,5
393.583333333333,238.055555555556,-24.7554070214658,4,5
393.668965517241,238.131034482759,-24.3280365715055,7,5
393.538461538462,238.104895104895,-24.7349053374182,2,5
393.427586206897,238.103448275862,-24.9475190103172,6,5
393.422535211268,238.049295774648,-25.9217706577201,3,5
393.427586206897,238.103448275862,-24.9475190103172,3,5
393.489795918367,238.034013605442,-25.9931294273941,4,5
393.507042253521,238.112676056338,-25.3543287511869,5,5
393.482517482517,238.146853146853,-24.94325380496,9,5
393.25,238.131944444444,-24.4449777858386,9,5
393.383561643836,238.301369863014,-24.7324185675651,8,5
393.307692307692,238.230769230769,-24.7560183699704,7,5
393.517482517483,238.300699300699,-25.8538003525525,12,5
393.455782312925,238.312925170068,-24.9427551191655,16,5
393.433566433566,238.34965034965,-24.5905191665716,8,5
393.358620689655,238.344827586207,-25.1069232863294,14,5
393.374149659864,238.244897959184,-25.2707400871435,8,5
393.333333333333,238.283687943262,-25.2739241612145,10,5
393.6,238.366666666667,-25.7889143625658,11,5
393.237762237762,238.251748251748,-24.7940427862428,11,5
393.506849315069,238.41095890411,-24.8036466720992,7,5
393.368055555556,238.388888888889,-25.3183966754255,4,5
393.363636363636,238.391608391608,-25.2309073632111,3,5
393.455172413793,238.503448275862,-25.2753291833919,6,5
393.172413793103,238.372413793103,-24.5694296367006,12,5
393.223776223776,238.405594405594,-24.6215876152491,8,5
392.914893617021,238.191489361702,-24.5247712950523,8,5
393.326530612245,238.585034013605,-25.2038205185094,14,5
393.456375838926,238.577181208054,-25.0958423004132,10,5
393.41095890411,238.5,-25.2632120282094,7,5
393.358108108108,238.493243243243,-26.1643822359697,8,5
393.5,238.546052631579,-26.0510680939008,6,5
393.876623376623,238.909090909091,-26.3177957685827,12,5
393.987012987013,238.831168831169,-26.1448471387036,10,5
393.942307692308,238.916666666667,-25.5029658081623,14,5
394.0125,238.9125,-26.7004502004068,12,5
394.207547169811,238.962264150943,-27.3748703995653,9,5
393.842105263158,238.888157894737,-26.80073708793,11,5
393.942307692308,239.089743589744,-26.6162288488177,16,5
394.15,239.09375,-26.437310367981,6,5
393.888888888889,238.921568627451,-27.3692803658868,13,5
393.927631578947,239.105263157895,-26.7456610262761,17,5
393.980392156863,239.169934640523,-27.1463838269802,9,5
394.146496815287,239.203821656051,-27.1749157933762,4,5
393.882352941176,239.150326797386,-27.1967496007202,8,5
393.858974358974,239.102564102564,-27.6741826517101,11,5
393.883116883117,239.136363636364,-27.8988229931877,4,5
393.936708860759,239.120253164557,-26.6627844411419,10,5
393.96855345912,239.125786163522,-27.1172412534264,9,5
393.879746835443,239.063291139241,-27.4052521047493,13,5
393.74358974359,238.974358974359,-27.7073424561,12,5
393.625,238.782894736842,-27.9991225969402,10,5
393.625806451613,238.81935483871,-27.5864395717683,5,5
393.644736842105,238.835526315789,-28.4397756890454,9,5
393.554838709677,238.883870967742,-27.6999294055093,7,5
393.898089171975,238.929936305732,-26.7769222527133,12,5
393.858974358974,238.916666666667,-26.768985933767,5,5
394.030864197531,239.141975308642,-27.0792357551657,8,5
394.14375,239.13125,-26.9854775959099,10,5
393.8875,239.025,-27.6753746541024,8,5
394.043209876543,239.024691358025,-27.8462169294792,6,5
394.031847133758,239.03821656051,-27.1389472088022,9,5
393.9,239.01875,-26.4595867732931,7,5
393.9875,239.15625,-27.1381908242498,8,5
394.132911392405,239.170886075949,-27.8256868681405,8,5
394.165644171779,239.092024539877,-27.4924094677642,9,5
394.488095238095,239.214285714286,-27.6662337527924,9,5
394.476744186047,239.360465116279,-27.9375432680533,12,5
394.720238095238,239.309523809524,-27.667874711519,14,5
394.644171779141,239.312883435583,-27.375683455763,9,5
394.855421686747,239.301204819277,-27.4675139475495,13,5
394.914634146341,239.286585365854,-26.9461004536689,12,5
394.916666666667,239.303571428571,-28.0871415881438,6,5
394.951807228916,239.331325301205,-28.005127014189,10,5
394.842424242424,239.236363636364,-27.4095051876502,11,5
394.939393939394,239.084848484848,-28.2159563182087,8,5
394.851851851852,239.098765432099,-28.3677225654231,19,5
394.789808917197,238.936305732484,-29.35804795813,17,5
394.268965517241,238.593103448276,-31.6570982829022,26,5
393.94964028777,238.517985611511,-34.6607739854165,18,5
393.943661971831,238.443661971831,-41.3881377574645,21,5
393.881118881119,238.251748251748,-44.9996382278837,17,5
393.427536231884,238,-50.5749173425402,21,5
392.867647058824,237.595588235294,-56.5785835707038,28,5
392.954887218045,237.578947368421,-55.6376296052561,17,5
392.22480620155,236.759689922481,-58.6166312474275,26,5
391.611111111111,236.055555555556,-56.345352695532,19,5
391.53488372093,235.953488372093,-54.5990069012712,11,5
390.912408759124,235.029197080292,-52.2646536550686,26,5
390.753731343284,234.828358208955,-51.2796397286496,11,5
390.389312977099,234.038167938931,-49.0782970046508,33,5
389.952380952381,233.031746031746,-50.4625754703254,35,5
389.690476190476,232.698412698413,-52.1120408769408,12,5
389.136,231.368,-61.273632411264,33,5
388.829268292683,230.821138211382,-67.1266790241984,14,5
388.375,229.658333333333,-76.5524473507723,27,5
388.073770491803,228.5,-82.3895011958508,30,5
387.941666666667,227.733333333333,-83.7102034861612,18,5
387.762295081967,226.565573770492,-84.409906234107,22,5
387.81512605042,226.109243697479,-84.6195733699222,11,5
387.593495934959,224.747967479675,-81.4703734560531,26,5
387.544,224.072,-80.7026913779484,20,5
387.563492063492,223.571428571429,-79.1325367743562,9,5
387.504132231405,222.01652892562,-76.4210745988613,25,5
387.572580645161,221.483870967742,-76.3427204192245,13,5
387.603305785124,220.801652892562,-77.1767141551012,19,5
387.826771653543,219.905511811024,-79.0418171736522,26,5
387.868217054264,219.899224806202,-81.4570693190336,10,5
387.885496183206,218.664122137405,-85.5671291038388,24,5
387.962686567164,218.582089552239,-85.4292220938826,9,5
387.83064516129,217.040322580645,88.648648411236,26,5
387.870967741935,215.822580645161,86.0046564058877,26,5
387.806451612903,215.435483870968,86.771673332027,12,5
387.895161290323,214.008064516129,89.434989793915,26,5
387.912,213.552,-89.267666116562,9,5
387.932773109244,212.394957983193,-85.4957997304239,28,5
388.132231404959,211.388429752066,-83.5442066600389,20,5
388.280991735537,210.809917355372,-84.0186205283088,16,5
388.333333333333,209.596899224806,-86.8265534330386,22,5
388.423076923077,209.230769230769,-87.8162044197022,9,5
388.677165354331,207.779527559055,85.4911211715695,29,5
388.916030534351,206.763358778626,80.5943451245333,22,5
388.992063492063,205.769841269841,76.6045069297058,19,5
389.212598425197,204.614173228346,73.8916634563312,27,5
389.393442622951,203.959016393443,73.8701470405248,21,5
389.524193548387,202.846774193548,77.3255567522708,20,5
389.669230769231,201.9,78.9783388925955,28,5
390.008333333333,201.125,80.1208652837268,16,5
390.578947368421,198.850877192982,85.8941658550342,38,5
390.636363636364,198.471074380165,85.3159400069662,15,5
390.992063492063,197.52380952381,82.999543206813,27,5
391.377952755906,196.629921259843,78.4769991690427,27,5
391.576,195.712,74.491830342616,18,5
392.0234375,194.84375,68.4062202569366,27,5
392.380952380952,193.761904761905,65.6453523837766,18,5
392.72,192.432,64.8243029019545,27,5
393.314516129032,190.983870967742,67.4228511813998,27,5
393.488372093023,190.271317829457,69.0399317015965,17,5
394.152,189.296,71.1394766012872,28,5
394.561983471074,188.190082644628,74.1746368343368,18,5
395.333333333333,186.65811965812,74.6022962889838,32,5
395.885245901639,185.581967213115,70.4738422718239,23,5
396.346456692913,184.905511811024,67.7124449079458,17,5
396.692913385827,184.188976377953,62.9616067833152,16,5
397.18045112782,183.255639097744,61.9380168070968,22,5
397.839416058394,182,57.785105692057,30,5
398.419117647059,180.713235294118,58.7747950678435,25,5
399.044776119403,179.791044776119,61.4952851878495,20,5
399.548872180451,178.413533834586,63.7425971933813,31,5
400.046153846154,177.576923076923,68.484468554411,21,5
401.094488188976,175.858267716535,70.2918099961442,33,5
401.906976744186,174.488372093023,67.5066483846002,32,5
402.196850393701,173.968503937008,64.9790046794953,12,5
403.17037037037,172.57037037037,58.3028364978766,38,5
403.470588235294,172.073529411765,57.2476964366116,17,5
404.262773722628,170.63503649635,55.2879875169509,29,5
405.135338345865,169.210526315789,56.0635350966429,32,5
405.568,168.696,57.1854466895537,18,5
406.540322580645,166.991935483871,60.0327525000271,37,5
407.048,166.12,62.6838123842163,19,5
408.30081300813,164.219512195122,66.4828435405018,42,5
408.977272727273,163.272727272727,62.1688490891931,27,5
409.480620155039,162.441860465116,59.1109948182582,19,5
410.485294117647,161.014705882353,53.6908439660835,43,5
410.759124087591,160.678832116788,53.1976801051225,13,5
411.887218045113,158.902255639098,51.927520886725,36,5
412.699248120301,157.563909774436,54.1781772109407,30,5
413.151515151515,156.977272727273,56.4239983085784,15,5
414.007575757576,155.643939393939,60.759726704759,34,5
414.68,154.576,62.5933070302795,25,5
415.952380952381,152.68253968254,64.1039609155928,37,5
416.769230769231,151.638461538462,61.3791287917464,26,5
417.358778625954,150.763358778626,57.629653446801,23,5
418.162962962963,149.740740740741,54.960022920396,28,5
418.727941176471,148.919117647059,51.2482354636609,25,5
419.716417910448,147.335820895522,50.3309493887683,34,5
420.643939393939,146.007575757576,51.9925649081472,38,5
421.300751879699,145.127819548872,54.4152105990574,19,5
422.592592592593,143.577777777778,57.1979317184851,36,5
423.314960629921,142.590551181102,60.3852158909757,24,5
424.3203125,141.3359375,56.9945246695818,35,5
425.216417910448,140.067164179104,50.9798743004141,34,5
425.838461538462,139.507692307692,47.2184120772476,22,5
427.184615384615,138.076923076923,43.6459235558879,42,5
427.761538461538,137.315384615385,43.930196421467,20,5
428.759398496241,135.902255639098,45.678386687963,35,5
429.889705882353,134.816176470588,48.5962645624403,29,5
430.708661417323,134.110236220472,51.7137234547231,19,5
432.068702290076,132.381679389313,53.6598372253373,40,5
432.651162790698,131.558139534884,55.8593346987091,20,5
433.625,130.602941176471,52.92272824378,29,5
434.784172661871,129.31654676259,48.5214258821872,35,5
435.26618705036,128.63309352518,47.666380042243,18,5
436.430769230769,127.084615384615,45.8282997713203,35,5
436.873015873016,126.531746031746,46.6568872025496,16,5
437.921875,125.25,48.1978068972286,36,5
439.30303030303,123.871212121212,54.7041176727377,34,5
440.02962962963,122.948148148148,56.206172339344,23,5
441.503937007874,121.196850393701,57.3816919385348,44,5
441.727272727273,120.893939393939,56.3966804740324,13,5
442.654135338346,119.842105263158,50.9483841771435,29,5
444.223880597015,118.328358208955,45.6788072604955,43,5
444.824,117.512,41.4529945857346,21,5
445.669230769231,116.430769230769,43.3428428432015,35,5
446.383333333333,115.475,42.9721004642509,24,5
447.6796875,114.1953125,48.5182789445868,38,5
448.805970149254,113.074626865672,51.9635844720482,26,5
450.017094017094,111.769230769231,55.5454850573514,29,5
451.181102362205,110.314960629921,55.0327031252766,34,5
451.512,109.856,54.1970672923041,12,5
452.636363636364,108.689393939394,49.090082088567,31,5
453.607407407407,107.740740740741,46.3647067891051,31,5
454.233082706767,106.924812030075,45.1204090669357,22,5
455.524193548387,105.588709677419,41.1361347182885,39,5
456.023622047244,104.929133858268,43.0336720070511,21,5
457.177419354839,103.661290322581,46.729749749278,29,5
458.626016260163,102.211382113821,54.3680722689552,39,5
459.344,101.288,54.8863725413284,20,5
460.488549618321,100.099236641221,53.3675087998389,30,5
454.8,87.5,4.48791580729306,56,5
460.968421052632,95.821052631579,81.6867286307277,53,5
461.561085972851,94.4027149321267,85.9202950482574,63,5
462.389140271493,93.9095022624434,50.8983302150753,44,5
463.334821428571,92.8616071428571,23.2935126663104,55,5
464.339449541284,92.7706422018349,44.732910156207,40,5
464.787610619469,91.4159292035398,10.1137903871622,58,5
465.75,91.1556603773585,14.3156843716172,38,5
466.91,91.13,41.6721971986337,34,5
468.174603174603,90.2380952380952,30.6675021138171,41,5
468.630208333333,90.171875,33.6189402015798,21,5
469.436170212766,89.9042553191489,31.7871859798102,32,5
469.748792270531,89.7101449275362,21.4623275002385,35,5
470.094786729858,89.6113744075829,19.3082627494909,24,5
470.883177570093,89.5747663551402,20.9040706580322,37,5
470.99537037037,89.6064814814815,19.578170522075,16,5
471.68202764977,89.2488479262673,14.5574805428726,33,5
471.804444444444,89.2311111111111,11.4132464339563,30,5
472.321585903084,89.0969162995595,9.44586754548139,20,5
473.077253218884,89.0214592274678,8.34547757436546,20,5
473.359832635983,89.0418410041841,10.6318272931249,22,5
474.714893617021,88.8851063829787,7.19187770612864,36,5
476.77358490566,89.0283018867924,7.10334893394268,51,5
NaN,NaN,NaN,212,5
414.661764705882,230.433823529412,32.5724060062588,NaN,6
414.711111111111,230.459259259259,31.6659737144262,7,6
414.632352941176,230.5,31.5954650437179,3,6
414.791044776119,230.291044776119,31.91536647959,6,6
414.942446043165,230.302158273381,32.5601111748707,9,6
415.328125,230.1171875,32.5867613131935,11,6
415.72,230.024,32.5227541547358,11,6
415.744,229.912,33.3432443719134,6,6
416.049586776859,229.801652892562,35.1118032115737,6,6
415.6875,230.03125,38.6006101441406,23,6
415.317073170732,230.471544715447,57.1290736103786,63,6
415.15873015873,230.396825396825,64.6846765822643,25,6
416.25,228.233870967742,80.4861769245328,52,6
416.769841269841,225.261904761905,69.4543302759772,60,6
417.1875,223.758928571429,65.8503882454831,28,6
418.067796610169,220.728813559322,78.9505873472961,68,6
418.480620155039,219.077519379845,82.4917093862543,41,6
419.914728682171,214.348837209302,59.4805800959037,78,6
421.320610687023,211.114503816794,56.159340476901,78,6
422.224137931034,209.956896551724,61.6313923790911,31,6
423.882352941176,206.403361344538,73.8357363006192,69,6
424.75,204.328125,72.1129987270152,41,6
426.085714285714,201.9,65.83422882898,60,6
427.383458646617,198.902255639098,70.1358394796291,63,6
427.763358778626,198.015267175573,75.523533547032,26,6
428.658914728682,195.162790697674,81.6009388730992,50,6
429.038461538462,193.830769230769,81.9217906201085,25,6
429.513698630137,192.22602739726,71.52281503387,42,6
430.402777777778,189.972222222222,68.0335374741887,56,6
430.977611940299,188.84328358209,72.4837574407862,30,6
431.525179856115,186.143884892086,85.4840092558908,53,6
431.919708029197,184.63503649635,-89.6945939084752,32,6
432.255172413793,182.924137931034,81.9452204581953,46,6
432.469387755102,181.326530612245,76.8646157316539,48,6
432.962962962963,178.992592592593,83.3425934623049,40,6
433.352941176471,177.257352941176,-88.9850011129079,41,6
433.524822695035,176.198581560284,-83.7327537196206,29,6
433.539007092199,174.446808510638,-87.2837879935615,34,6
433.744827586207,172.441379310345,84.3526864109636,60,6
433.708955223881,171.417910447761,83.4379243500838,21,6
433.610687022901,168.519083969466,-88.0924378605339,53,6
433.664335664336,167.594405594406,-81.0603407197534,36,6
433.496402877698,165.913669064748,-81.3947502634143,40,6
433.422535211268,164.197183098592,89.4555990624347,49,6
433.375,163.360294117647,84.9447842507135,26,6
433.709923664122,159.358778625954,86.6200564015559,67,6
433.659090909091,158.477272727273,-87.7682611775424,21,6
433.485074626866,156.492537313433,-81.2506080548265,50,6
433.437037037037,154.377777777778,-86.8631088661036,47,6
433.569343065693,153.503649635037,85.9307491816829,32,6
433.573529411765,151.257352941176,78.8111543962166,57,6
433.686131386861,149.766423357664,79.6567625774831,35,6
434.075187969925,146.902255639098,-86.0197147424378,56,6
434.130769230769,144.476923076923,-81.0641240162207,47,6
434.111111111111,143.548148148148,-83.8640882109659,25,6
434.021739130435,141.557971014493,88.463223054504,53,6
433.894366197183,140.169014084507,84.6191946765081,38,6
433.915384615385,137.369230769231,87.9301857968172,48,6
433.812030075188,135.285714285714,-80.1815699173882,43,6
433.860465116279,134.542635658915,-78.993888575112,18,6
433.658914728682,132.496124031008,-82.3868842320487,44,6
433.622377622378,131.58041958042,-87.8494916142192,28,6
433.647482014389,129.071942446043,82.7486940347661,64,6
433.556390977444,126.082706766917,89.594797292195,46,6
433.55223880597,125.358208955224,-84.3675852328186,21,6
433.419847328244,122.961832061069,-79.7906925803191,47,6
433.396946564885,122,-79.2542560861471,20,6
432.972413793103,120.420689655172,-88.9899215555965,48,6
432.706293706294,118.13986013986,83.0111368633563,56,6
432.87786259542,116.984732824427,82.3318438504249,26,6
432.858267716535,114.850393700787,89.1044677099434,42,6
432.78125,113.2578125,-83.7557585080057,31,6
432.661290322581,110.774193548387,-79.8106986114175,46,6
432.57037037037,109.533333333333,-87.0781409011219,33,6
423.787234042553,87.6382978723404,1.3920320898448,70,6
426.66,87.7,1.52765868449439,83,6
429.425925925926,87.7777777777778,2.71652803102782,39,6
431.074626865672,87.9402985074627,1.04272387219459,66,6
430.455284552846,94.6869918699187,-61.5131117926174,99,6
430.6015625,94.05078125,-59.2501966887945,58,6
429.794776119403,93.1380597014925,-50.8362079516676,76,6
429.585551330798,92.7110266159696,-41.4733638150083,51,6
430.485596707819,91.1975308641975,-28.7185392360235,100,6
431.667870036101,90.9386281588448,2.51240838103682,52,6
431.003533568905,90.9151943462898,-2.50975232361267,42,6
429.755474452555,91.029197080292,-14.0598755606818,63,6
429.053003533569,91.3498233215548,-16.3484645998599,43,6
428.549090909091,91.9054545454545,-41.6939071798587,56,6
429.415094339623,90.7547169811321,-11.2927068192138,84,6
427.785992217899,90.2607003891051,-10.373818891995,54,6
426.728682170543,89.9418604651163,-13.5843277530074,65,6
425.075539568345,89.9568345323741,-13.1834103859572,50,6
424.591900311527,90.196261682243,-10.2469696666597,67,6
425.784722222222,90.34375,-10.8401803142124,65,6
425.505084745763,90.2169491525424,-9.41823336032973,31,6
424.21768707483,89.8401360544218,-6.93547230929625,61,6
423.436666666667,89.64,-4.13916830854776,46,6
420.685512367491,89.5901060070671,-2.88285087364885,81,6
417.575757575758,89.7340067340067,-6.44416605228789,78,6
416.80701754386,89.6771929824561,-6.92630418330844,32,6
NaN,NaN,NaN,285,6
433.730496453901,237.312056737589,-7.86032435476994,NaN,7
433.825174825175,237.370629370629,-8.19349704967375,6,7
433.957142857143,237.328571428571,-8.14398655578627,7,7
433.985915492958,237.281690140845,-8.15581457829514,4,7
433.691780821918,237.328767123288,-7.94071473944043,8,7
433.985915492958,237.302816901408,-7.57512395610898,8,7
434.006993006993,237.237762237762,-7.80738108000709,3,7
433.972222222222,237.25,-7.65018524582068,1,7
433.928571428571,237.285714285714,-8.61285529625085,6,7
433.86301369863,237.260273972603,-8.46587037804538,6,7
433.894366197183,237.366197183099,-8.39231099470847,4,7
434.175182481752,237.43795620438,-8.57153683088492,7,7
433.957142857143,237.342857142857,-8.65496110119688,7,7
433.929078014184,237.354609929078,-8.54224094615249,1,7
433.887323943662,237.30985915493,-7.68350476211654,3,7
433.864285714286,237.364285714286,-8.44447341653575,4,7
433.765517241379,237.227586206897,-8.48457999544778,7,7
433.936170212766,237.290780141844,-8.34450134849921,6,7
433.829787234043,237.234042553192,-8.77087320422445,6,7
433.992907801418,237.283687943262,-8.71933526529456,6,7
433.836879432624,237.333333333333,-8.46465399472681,10,7
433.906474820144,237.287769784173,-7.86521039660186,8,7
433.8,237.241379310345,-7.58323637492636,6,7
433.881118881119,237.237762237762,-8.31312174309119,4,7
433.848275862069,237.241379310345,-8.13222107550983,6,7
433.867132867133,237.181818181818,-7.99288299288039,4,7
433.535211267606,237.225352112676,-7.76490620613032,9,7
433.833333333333,237.3125,-8.43743432454898,6,7
433.923611111111,237.298611111111,-8.43789343204052,4,7
433.654929577465,237.281690140845,-7.97680858136372,8,7
433.813793103448,237.289655172414,-8.54584492291012,5,7
433.846153846154,237.244755244755,-8.83739087087483,6,7
434.007092198582,237.304964539007,-8.33896556926942,8,7
434,237.388489208633,-7.83222887339698,6,7
433.872340425532,237.368794326241,-7.71911601401777,4,7
433.808510638298,237.390070921986,-8.71147471749976,8,7
433.867132867133,237.377622377622,-7.87892959135,6,7
433.895104895105,237.328671328671,-8.07909576009377,4,7
433.886524822695,237.326241134752,-7.443446598344,4,7
433.866197183099,237.359154929577,-8.30988260840626,3,7
433.901408450704,237.302816901408,-7.88721829643769,2,7
433.871428571429,237.414285714286,-8.30657781019847,4,7
433.971223021583,237.352517985612,-8.10824413857524,3,7
433.80985915493,237.352112676056,-7.91785981610452,5,7
434.007042253521,237.288732394366,-8.2797021448942,6,7
433.929078014184,237.290780141844,-7.99718554546627,5,7
433.901408450704,237.422535211268,-7.32082694914964,7,7
433.971428571429,237.4,-8.01704577758332,4,7
433.838028169014,237.352112676056,-8.62923272351384,4,7
433.929078014184,237.404255319149,-8.06640027830928,9,7
433.85,237.292857142857,-7.96747944607067,9,7
433.79020979021,237.314685314685,-8.24138328031226,5,7
433.902777777778,237.319444444444,-8.26260537179052,3,7
433.836879432624,237.390070921986,-8.05884121001471,5,7
433.843971631206,237.333333333333,-7.92795399843201,4,7
433.836879432624,237.390070921986,-8.05884121001471,4,7
433.757142857143,237.4,-7.53478685847967,5,7
433.929078014184,237.326241134752,-8.16674850163674,7,7
433.858156028369,237.333333333333,-7.58146543131191,6,7
433.774647887324,237.408450704225,-8.49217052528652,5,7
433.843971631206,237.404255319149,-8.3406971539341,3,7
433.767605633803,237.338028169014,-8.7196220851021,5,7
433.680272108844,237.244897959184,-7.48096926255544,7,7
433.63698630137,237.232876712329,-7.15769975821224,5,7
433.593103448276,237.206896551724,-7.64559851211578,7,7
433.591836734694,237.12925170068,-7.01974873531717,4,7
433.775510204082,237.265306122449,-7.73867299092683,10,7
433.813793103448,237.28275862069,-8.05971873334675,8,7
433.924137931034,237.220689655172,-8.30009511873898,6,7
433.655172413793,237.234482758621,-8.18318921787061,8,7
433.737931034483,237.234482758621,-7.70625218602472,2,7
433.915492957746,237.239436619718,-8.25885364704963,5,7
433.668965517241,237.241379310345,-7.65080876004753,7,7
433.725352112676,237.30985915493,-8.18532626262836,9,7
433.795774647887,237.345070422535,-8.20613895502914,8,7
433.821428571429,237.221428571429,-8.26832072704185,8,7
433.834482758621,237.255172413793,-9.04180999633561,9,7
433.723404255319,237.276595744681,-9.01486277793903,8,7
433.713286713287,237.307692307692,-9.2153034504855,6,7
433.971223021583,237.374100719424,-9.05998823218765,10,7
434.007092198582,237.333333333333,-10.0815558420689,10,7
434.176470588235,237.330882352941,-9.8755070209105,7,7
434.115942028986,237.405797101449,-9.62644642652369,6,7
434.417910447761,237.432835820896,-10.3114209831833,8,7
434.661538461538,237.615384615385,-9.66321948509473,10,7
434.628787878788,237.69696969697,-8.91256700415603,6,7
434.75572519084,237.656488549618,-8.56675818715443,7,7
434.767441860465,237.736434108527,-4.56636377429758,22,7
434.616541353383,237.624060150376,0.616893038029025,16,7
434.572413793103,237.531034482759,7.42816232181769,32,7
434.81884057971,237.268115942029,9.10668993269265,31,7
437.354609929078,237.148936170213,8.55920568254209,51,7
439.915492957746,237.140845070423,-9.0083496894325,61,7
441.240875912409,237.29197080292,-9.74016444638476,37,7
443.763513513513,237.425675675676,-8.17863510908467,47,7
445.228187919463,237.738255033557,-4.1741911643966,33,7
447.77304964539,238.354609929078,-4.33793760674042,50,7
450.302816901408,238.732394366197,-12.1976517927176,47,7
451.340277777778,239.069444444444,-17.4373278340691,30,7
454,239.807407407407,-22.6431274557094,55,7
454.897058823529,240.220588235294,-23.0974397518822,25,7
456.71724137931,241.041379310345,-18.5849456780307,43,7
458.152777777778,241.319444444444,-14.5625132093316,41,7
459.268965517241,241.572413793103,-11.4098527290812,25,7
461.335664335664,242.307692307692,-11.0225042536929,42,7
462.248120300752,242.571428571429,-11.0664153002194,30,7
464.082089552239,243.111940298507,-18.020475211124,37,7
465.746268656716,243.835820895522,-24.2770814268969,40,7
467.109375,244.1796875,-29.6363260258138,24,7
468.25,244.864285714286,-28.7258186471035,32,7
469.488888888889,245.385185185185,-27.6687766264214,23,7
470.971631205674,245.829787234043,-22.7477989638112,34,7
472.929577464789,246.598591549296,-18.4185188195187,47,7
474.798507462687,247.462686567164,-16.2387755027908,34,7
476.488188976378,248.031496062992,-17.0616529565156,35,7
477.255639097744,248.458646616541,-21.6018682657975,24,7
479.131782945736,249.317829457364,-29.2175576619551,42,7
481.484375,250.359375,-36.7799986141571,43,7
482.280303030303,250.977272727273,-35.1554767364914,22,7
483.68345323741,251.345323741007,-33.0331543281227,33,7
484.468085106383,251.943262411348,-31.2445436156835,26,7
486.120805369128,252.704697986577,-27.5539801812035,36,7
488.387755102041,253.979591836735,-23.3742369851684,54,7
489.281690140845,254.521126760563,-24.7063113592682,23,7
491.014492753623,255.492753623188,-33.0604930015419,38,7
491.410071942446,255.870503597122,-32.9346456053822,23,7
493.541984732824,257.137404580153,-39.7690197008495,42,7
495.189781021898,258.350364963504,-41.3983447039045,38,7
496.035714285714,258.814285714286,-38.6036233494441,21,7
497.486111111111,259.680555555556,-32.7160873396739,34,7
498.296551724138,260.275862068966,-30.7508505246949,31,7
500.089655172414,261.310344827586,-25.8689365590715,48,7
501.751724137931,262.496551724138,-26.4049759393103,44,7
502.164285714286,262.885714285714,-26.9883910568133,19,7
504.195652173913,264.18115942029,-35.3559397257126,44,7
505.173913043478,264.847826086957,-37.3031885686235,30,7
507.051851851852,266.155555555556,-43.8864809143397,43,7
508.31914893617,267.156028368794,-38.7935756823444,32,7
508.957142857143,267.45,-36.1604539814987,17,7
510.68345323741,268.762589928058,-30.6350708894466,47,7
511.227586206897,269.048275862069,-28.0015207401159,16,7
513.027397260274,270.150684931507,-23.7336532832732,49,7
515.097014925373,271.365671641791,-24.5182919905561,44,7
515.876811594203,271.949275362319,-28.2071935473462,22,7
517.205882352941,272.551470588235,-33.1719560521996,34,7
518.007142857143,273.221428571429,-36.3263675763169,26,7
520.126865671642,274.60447761194,-40.4444060975473,46,7
521.695652173913,275.652173913043,-38.9523790340817,38,7
522.347517730496,276,-36.0763928749645,17,7
524,277.169117647059,-31.2939799438799,41,7
524.517730496454,277.553191489362,-30.9152349691261,17,7
526.13986013986,278.804195804196,-27.412092692616,40,7
527.576388888889,279.854166666667,-29.0201379566712,35,7
528.555555555556,280.348148148148,-34.3180409161581,23,7
530.248175182482,281.56204379562,-40.8886932058736,40,7
530.903703703704,282.014814814815,-42.2140283905223,16,7
532.536764705882,283.448529411765,-43.8830922884228,37,7
533.742857142857,284.128571428571,-40.37823402498,26,7
534.553191489362,284.815602836879,-37.7214012477942,19,7
536,285.930555555556,-33.6249751025899,41,7
536.755102040816,286.285714285714,-31.9926811515247,23,7
538.115942028986,287.601449275362,-29.2308757686454,43,7
539.63768115942,288.760869565217,-32.4558817397185,36,7
540.556338028169,289.281690140845,-37.6169044691215,24,7
542.123076923077,290.438461538462,-39.2840032068794,40,7
542.916030534351,291.221374045802,-43.4829080265838,21,7
544.398550724638,292.304347826087,-44.9683731451028,39,7
545.361111111111,293.111111111111,-44.4533027385176,30,7
546.19014084507,293.901408450704,-41.3471215046173,26,7
547.246666666667,294.7,-36.621525415678,30,7
548.047619047619,295.482993197279,-34.3000004401356,23,7
549.63309352518,296.697841726619,-30.9562129343547,42,7
550.647887323944,297.781690140845,-33.9275570812924,29,7
551.434782608696,298.115942028986,-35.0935967796856,20,7
552.951388888889,299.534722222222,-41.6291549061338,38,7
553.342465753425,299.897260273973,-43.6499969263433,20,7
554.985185185185,301.288888888889,-47.8484217974618,39,7
556.229166666667,302.034722222222,-44.7365950916206,35,7
556.902097902098,302.734265734266,-41.5843154000064,19,7
558.179310344828,303.675862068966,-36.5596412690036,36,7
558.944444444444,304.402777777778,-32.9306718664883,21,7
560.146853146853,305.531468531469,-32.3227915618464,37,7
561.678082191781,306.691780821918,-35.8978632222135,35,7
562.127516778523,307.221476510067,-40.0084504017825,19,7
563.592857142857,308.685714285714,-46.6864713534386,43,7
564.257142857143,309.107142857143,-48.4773374635317,16,7
566.007518796992,310.669172932331,-52.0276744192566,43,7
567.092857142857,311.835714285714,-49.2564552626564,29,7
567.762589928058,312.58273381295,-45.9396907490578,21,7
569.122302158273,314.071942446043,-42.6710730804934,44,7
569.735714285714,314.842857142857,-42.4123490983341,21,7
571.084507042254,316.450704225352,-43.8389926239679,40,7
571.837837837838,317.466216216216,-50.506005600983,28,7
572.282894736842,318.111842105263,-53.0393486335653,22,7
573.287671232877,319.664383561644,-59.2554310118797,44,7
574.440298507463,321.029850746269,-66.0814702191686,30,7
575.107142857143,321.914285714286,-65.2298910463866,26,7
576.076923076923,323.405594405594,-59.6770195997549,37,7
576.575757575758,324.234848484848,-55.3853967668455,19,7
577.257142857143,325.642857142857,-54.0857312654607,38,7
577.923076923077,326.566433566434,-53.3485979249767,31,7
579.130769230769,328.838461538462,-55.7775756952803,45,7
579.763358778626,330.030534351145,-59.8540362739635,27,7
580.021428571429,330.65,-62.4590421938335,17,7
580.69014084507,332.021126760563,-66.8980604388374,32,7
581.080291970803,332.642335766423,-68.6032566132373,21,7
581.913043478261,334.152173913043,-67.7237421324309,31,7
582.620437956204,335.284671532847,-62.6207325166595,27,7
582.898550724638,335.695652173913,-59.6279799886562,15,7
583.880597014925,337.589552238806,-53.3766867605373,44,7
584.492753623188,338.652173913043,-52.1688890745245,24,7
584.971223021583,339.978417266187,-51.9911620128088,33,7
586,341.507042253521,-55.5219678197587,35,7
586.204225352113,341.985915492958,-58.0183461300629,14,7
587.140845070423,343.880281690141,-64.7701615560343,40,7
587.539568345324,344.510791366906,-66.6861780690598,19,7
588.474074074074,346.288888888889,-68.7274357221425,38,7
589.352941176471,347.5,-62.2858564995718,37,7
589.537313432836,347.865671641791,-59.6003107969481,16,7
590.258992805755,349.374100719424,-56.0185084202611,35,7
590.985714285714,350.464285714286,-53.4657594605041,25,7
591.465277777778,351.756944444444,-53.0089949041212,34,7
591.958333333333,353.131944444444,-58.3434159369009,32,7
592.567375886525,354,-60.9655034574877,23,7
593.431654676259,355.431654676259,-63.9036737781827,40,7
593.795620437956,356.175182481752,-65.8983760071365,20,7
594.870503597122,357.561151079137,-67.5829685996893,40,7
595.631205673759,359.113475177305,-63.1734853688014,32,7
595.971631205674,359.652482269504,-60.3766592687132,16,7
597.035714285714,361.442857142857,-53.6303077873285,41,7
597.345323741007,362.014388489209,-52.7527154138581,19,7
598.228571428571,363.521428571429,-50.949398477909,41,7
598.770833333333,364.618055555556,-53.3364472276646,24,7
599.128571428571,364.9,-54.6330462189627,20,7
599.783216783217,366.153846153846,-60.1812592030655,33,7
600.36690647482,367.172661870504,-63.7710226660858,26,7
601.578947368421,369.045112781955,-67.7990618950414,42,7
602.425373134328,370.320895522388,-63.2465984593229,31,7
602.885714285714,371.085714285714,-61.7372325340931,18,7
603.546762589928,371.985611510791,-56.0864269710359,23,7
604.201438848921,373.115107913669,-54.4742583892366,26,7
604.884892086331,374.26618705036,-52.6151538683081,26,7
605.135714285714,375.185714285714,-53.3796569288655,33,7
605.496453900709,375.794326241135,-55.9236641855856,15,7
606.218309859155,376.887323943662,-60.3183210868381,35,7
606.755244755245,377.671328671329,-64.0015040144751,23,7
607.402684563758,378.879194630872,-66.6487433032252,28,7
608.584507042254,380.704225352113,-67.9106806084958,39,7
609.051094890511,381.408759124088,-66.1880737696627,19,7
609.675862068966,382.889655172414,-61.4484474207086,34,7
609.8,383.31724137931,-58.9746757613335,16,7
610.618705035971,384.906474820144,-55.7922415395539,34,7
611.161971830986,386.246478873239,-57.1644523289802,27,7
611.172661870504,386.474820143885,-59.6837293544512,19,7
611.992647058824,388.183823529412,-66.7982544485779,35,7
612.302816901409,388.485915492958,-67.7952526136103,18,7
613.068181818182,389.871212121212,-72.4246112871191,38,7
613.875968992248,391.279069767442,-73.2806517718817,37,7
614.162790697674,391.891472868217,-71.3906237890451,16,7
614.576923076923,393.415384615385,-65.5191831107615,29,7
614.876923076923,393.8,-65.3454803608196,20,7
615.492063492063,395.563492063492,-62.0998366261039,30,7
615.767441860465,396.387596899225,-59.2266907465041,29,7
616.054263565891,396.519379844961,-58.5251379168206,12,7
616.503816793893,396.854961832061,-58.6836223835082,22,7
616.778625954198,396.824427480916,-57.2327934837951,16,7
617.409090909091,397.393939393939,-57.8850701492668,17,7
617.912,397.832,-57.612565668034,23,7
618.214285714286,398.174603174603,-57.0367416627417,11,7
618.873949579832,398.831932773109,-55.5965307516635,23,7
618.803418803419,398.957264957265,-53.2009527990949,12,7
619.229508196721,399.286885245902,-47.76153766229,21,7
620.043103448276,400.206896551724,-38.0229782531296,28,7
619.983739837398,399.983739837398,-36.5861031006073,15,7
620.391666666667,400.025,-33.187333119119,23,7
620.853448275862,400.224137931034,-30.0605283145593,20,7
621.347826086957,400.182608695652,-26.4281051787929,27,7
622.130841121495,400.336448598131,-23.5370092312874,22,7
623.38,400.82,-24.8953082670795,15,7
623.719626168224,400.523364485981,-26.3292553241413,19,7
623.703703703704,400.277777777778,-25.4399049753692,13,7
624.171171171171,400.279279279279,-24.4628626987762,19,7
624.682242990654,400.214953271028,-21.9615596287321,18,7
625.214953271028,400.392523364486,-20.6059035197732,10,7
