403.277777777778,253.645833333333,83.5398624012161,NaN,1
403.224489795918,253.761904761905,82.5512155022305,7,1
403.187919463087,253.724832214765,83.0444614369835,6,1
403.176870748299,253.789115646258,83.0448057529147,4,1
403.153333333333,253.946666666667,82.7979968054303,5,1
403.175675675676,253.641891891892,83.3778963395373,6,1
403.166666666667,253.913333333333,82.7806302199884,6,1
403.153333333333,253.953333333333,82.7927883912114,4,1
403.114093959732,253.906040268456,83.7305573135952,9,1
403.142857142857,253.891156462585,83.1290257269967,4,1
403.198675496689,253.907284768212,83.0845124835274,8,1
403.255033557047,253.58389261745,82.2567524425583,10,1
403.185430463576,253.649006622517,82.8368038783345,8,1
403.213333333333,253.633333333333,82.5766764109926,7,1
403.233333333333,253.673333333333,82.8309864869347,6,1
403.214765100671,253.684563758389,82.3350989138054,5,1
403.140939597315,253.912751677852,82.5982790684915,4,1
403.185430463576,253.841059602649,82.5670348757879,2,1
403.206666666667,253.953333333333,82.9793699276328,5,1
403.210884353742,253.734693877551,82.8391351827261,5,1
403.231292517007,253.591836734694,82.7165101451008,4,1
403.190789473684,253.717105263158,82.9688268666176,7,1
403.122448979592,253.768707482993,83.2421811849047,9,1
403.182432432432,253.628378378378,82.8572556999328,3,1
403.236486486487,253.601351351351,82.7663542017469,6,1
403.213333333333,253.66,82.7893780493471,6,1
403.22972972973,253.912162162162,82.6100252019439,4,1
403.222972972973,253.837837837838,82.6729205995782,2,1
403.275167785235,253.624161073825,82.0739701286467,9,1
403.280821917808,253.650684931507,81.9220397376621,7,1
403.618705035971,254.892086330935,75.6190282393438,43,1
403.858064516129,254.109677419355,72.9432253222113,76,1
403.619047619048,253.721088435374,43.9674849242789,44,1
402.867924528302,253.276729559748,-14.6683495946428,66,1
402.801136363636,252.948863636364,-14.03039312233,27,1
405.022099447514,253.298342541436,-6.90736002428982,93,1
409.771428571429,253.778571428571,-29.5201774335182,109,1
411.152671755725,254.175572519084,-54.9660766002412,37,1
412.528455284553,256.837398373984,-79.2807677417202,88,1
412.76,258.186666666667,-78.0507621985194,71,1
414.608391608392,263.531468531469,-73.8932312877623,101,1
415.9609375,269.390625,-64.0451887700372,105,1
416.773109243697,270.294117647059,-70.5604747297809,37,1
418.070796460177,274.46017699115,-83.6027479754372,78,1
419.047244094488,278.551181102362,-86.3008975737756,68,1
420.483606557377,284.614754098361,-62.3870681161758,109,1
421.511111111111,288.407407407407,-71.1724636725635,67,1
422.166666666667,290.375,-80.8939775602769,47,1
423.090909090909,295.790909090909,89.4101177811981,88,1
423.92700729927,299.408759124088,-82.2699026939464,63,1
425.306451612903,304.935483870968,-67.8856762224001,103,1
426.465648854962,309.709923664122,-75.6408742276301,85,1
426.973451327434,311.247787610619,-81.7205734947315,42,1
428.142857142857,316.919642857143,-76.9279520181457,93,1
428.913385826772,319.55905511811,-72.6384336328602,47,1
429.736434108527,324.186046511628,-71.2468478063907,86,1
430.555555555556,328.761904761905,-81.1780467646293,87,1
431.300884955752,331.504424778761,-81.489717826238,45,1
432.347457627119,335.64406779661,-67.4245626353769,77,1
433.159090909091,338.280303030303,-66.3675102022643,50,1
434.59842519685,343.141732283465,-74.0530439020671,87,1
436.496,348.112,-77.7466589286661,88,1
437.125,349.4,-70.0332408553023,33,1
438.888888888889,353.253968253968,-59.4048363961245,80,1
440.191176470588,356.102941176471,-60.7858407887297,56,1
442.809523809524,360.444444444444,-71.6032332792326,88,1
445.234848484848,364.462121212121,-61.934461808038,80,1
446.174603174603,365.706349206349,-55.2624525632828,36,1
449.111111111111,369.982905982906,-54.0980871620474,85,1
450.045801526718,371.977099236641,-62.0440354881903,46,1
452.959016393443,376.491803278689,-65.0342748269007,85,1
455.341085271318,379.612403100775,-52.6178420222858,69,1
450,372,0,35,1
459.57264957265,385.230769230769,-52.8544781201978,85,1
461.360655737705,387.655737704918,-61.0174171788991,51,1
464.136,391.04,-54.1194512451864,73,1
466.659863945578,393.891156462585,-45.0986243722529,82,1
468.467153284672,394.919708029197,-38.2214878194955,46,1
470.845637583893,395.44966442953,-33.9692809121945,64,1
471.913907284768,395.774834437086,-32.8446161830991,28,1
473.453987730061,395.871165644172,-25.1055435731765,56,1
476.767123287671,396.767123287671,-18.8104556163288,71,1
477.723404255319,396.801418439716,-18.1854450899202,27,1
480.574468085106,396.652482269504,-23.5707664794381,76,1
481.625850340136,396.571428571429,-21.5492801832834,38,1
483.772727272727,396.5,-18.2012092681245,61,1
486.731543624161,397.020134228188,-10.9152512736406,65,1
487.301282051282,396.884615384615,-10.1171144097195,37,1
489.889570552147,396.386503067485,-9.14526316047018,73,1
490.858064516129,396.470967741936,-8.23556506664631,42,1
494.082278481013,396.639240506329,2.40523215418127,73,1
497.680272108844,396.659863945578,3.45076601465913,79,1
499.640287769784,396.345323741007,-5.24557146570663,48,1
502.404255319149,396.13475177305,-7.72221769682068,76,1
504,396.12676056338,-6.5210199226307,35,1
509.097014925373,396.60447761194,0.529707445255113,92,1
NaN,NaN,NaN,134,1
383.408805031447,245.622641509434,11.0913432991183,NaN,2
383.096774193548,245.638709677419,10.9750941965789,14,2
383.343949044586,245.59872611465,10.7669981811146,8,2
383.455696202532,245.601265822785,11.1753788687912,5,2
383.343949044586,245.579617834395,11.6743936698097,5,2
383.540880503145,245.59748427673,11.2235271923311,8,2
383.188311688312,245.655844155844,11.4798388481381,5,2
383.175,245.60625,10.8207276813646,8,2
383.149068322981,245.633540372671,11.5350811823992,13,2
383.14465408805,245.679245283019,10.7135721771699,12,2
383.54375,245.6,11.281841820014,9,2
383.044303797468,245.715189873418,12.0690030208686,8,2
383.3625,245.61875,11.0748025923559,8,2
383.20253164557,245.683544303797,11.2986610517684,8,2
383.30625,245.625,11.2221265998314,12,2
383.308641975309,245.697530864198,10.9915155612057,14,2
383.372670807453,245.708074534161,11.6730690155033,9,2
383.29375,245.6125,11.4862615198147,11,2
383.352201257862,245.660377358491,11.5166189452864,7,2
383.1625,245.6875,11.1503855852023,7,2
383.227848101266,245.639240506329,11.4807003836653,14,2
383.242236024845,245.664596273292,11.881962989699,7,2
383.420382165605,245.566878980892,11.569961475038,12,2
383.401234567901,245.635802469136,11.7031316372048,11,2
383.329192546584,245.701863354037,11.5874197413675,9,2
383.512195121951,245.628048780488,11.5652472037886,9,2
383.377358490566,245.672955974843,11.5295160758889,9,2
383.203821656051,245.668789808917,11.5193930466698,8,2
383.300613496932,245.687116564417,11.6130834311304,6,2
383.167701863354,245.689440993789,11.7415735869006,10,2
383.095541401274,245.745222929936,11.2265185054216,10,2
383.290909090909,245.618181818182,10.6956121082365,14,2
383.229299363057,245.713375796178,10.9881600723614,14,2
383.170886075949,245.696202531646,10.8209657334043,7,2
383.096153846154,245.871794871795,11.6123767149877,20,2
382.879746835443,245.727848101266,11.1865178860439,26,2
382.06875,245.81875,18.5971838114726,62,2
380.724550898204,246.592814371257,20.6482497777573,65,2
378.841463414634,247.164634146341,19.8628248291886,49,2
375.347058823529,248.452941176471,6.39991884027758,98,2
374.494444444444,249.022222222222,6.81849028931107,48,2
369.42,250.64,12.2461966336237,112,2
364.176870748299,252.462585034014,17.1022648905638,111,2
362.109489051095,253.532846715328,10.8424889814791,60,2
356.411764705882,255.308823529412,-0.99487209127633,109,2
354.15,255.6,-0.795336086584124,50,2
348.35,256.242857142857,11.1180579614218,112,2
343.076923076923,257.132867132867,11.298450829933,105,2
340.137404580153,257.793893129771,6.16502270549709,58,2
334.627118644068,259.050847457627,6.73591556542715,105,2
331.950704225352,259.739436619718,18.1680463251132,60,2
327.299319727891,261.102040816327,23.2403893693192,101,2
323.060402684564,262.402684563758,12.6170625949989,96,2
320.885714285714,263.214285714286,7.16779754339446,55,2
317.026490066225,264.933774834437,17.85698140596,103,2
315.013986013986,265.958041958042,23.1160460379635,56,2
310.302158273381,268.179856115108,25.959051094726,96,2
305.90780141844,270.54609929078,6.84429460148253,94,2
304,271.05223880597,8.73724362097217,39,2
300.311688311688,272,15.1191685061463,76,2
297.790849673203,272.993464052288,21.6652922860047,53,2
293.342465753425,274.575342465753,20.25201714205,83,2
290.077419354839,275.664516129032,14.2156385586695,67,2
288.081632653061,276.380952380952,12.7527094133786,42,2
283.418439716312,277.723404255319,18.6417573242125,84,2
281.826666666667,278.293333333333,23.3650419793478,39,2
278.027397260274,280.013698630137,26.6478771841221,76,2
274.789115646258,281.258503401361,17.7300178100545,69,2
272.791044776119,282.477611940299,14.5483575446527,47,2
269.820689655172,283.606896551724,16.6915604992942,61,2
268.296551724138,284.448275862069,23.1281240775652,38,2
265.187969924812,286.03007518797,29.9780694330959,72,2
262.007299270073,287.897810218978,29.1477548627804,66,2
260.619718309859,288.816901408451,25.8919988883959,35,2
257.060344827586,290.905172413793,15.4146206925932,72,2
255.873134328358,291.753731343284,24.1538941015136,36,2
253.654411764706,293.183823529412,33.2415106513442,54,2
251.093023255814,295.062015503876,34.5859656355142,61,2
249.932330827068,295.691729323308,30.6600177870318,30,2
246.846153846154,297.815384615385,22.0825080246149,63,2
246.0390625,298.2109375,20.8299944830929,30,2
242.780487804878,299.894308943089,28.2571350051128,59,2
241.044117647059,300.867647058824,31.5965491524954,47,2
239.672,301.744,32.3070423296611,29,2
237.515151515152,303.219696969697,32.6972769319333,53,2
236.355555555556,303.940740740741,29.4821941653723,27,2
234.112781954887,305.323308270677,25.6884299427318,56,2
231.548872180451,307.045112781955,28.1280176687364,54,2
230.691729323308,307.368421052632,30.4902276079746,18,2
228.421052631579,309.413533834586,41.0623950005451,62,2
227.3,310.315384615385,44.6214332233626,27,2
225.125,312.078125,41.5513434550509,50,2
223.518518518519,313.533333333333,36.2853666742519,45,2
222.386363636364,314.454545454545,35.7952135580681,27,2
220.426356589147,316.162790697674,36.499508260528,53,2
219.674074074074,316.918518518519,38.690759943135,22,2
218.086956521739,318.54347826087,44.2448593058474,55,2
216.124031007752,320.395348837209,47.4452481085354,57,2
214.563492063492,321.801587301587,44.5890956331553,33,2
213.290076335878,322.885496183206,39.0706511208711,45,2
212.043795620438,324.321167883212,40.1538496808576,42,2
209.725925925926,326.718518518519,41.3466079414024,62,2
207.978260869565,328.565217391304,46.4491962523294,57,2
206.408,330.072,52.0381548342436,39,2
204.40625,332.484375,49.7699412965205,59,2
203.503703703704,333.466666666667,46.6601179403627,29,2
201.65034965035,335.741258741259,43.6092149403896,56,2
199.602739726027,338.294520547945,44.9479847705666,59,2
199.198675496689,338.827814569536,49.5506445283775,31,2
197.5,341.326388888889,57.0902685023119,69,2
196.410071942446,342.964028776978,60.7960205950723,47,2
194.459259259259,345.822222222222,62.1375451723341,66,2
193.321917808219,347.328767123288,57.0916143369145,51,2
192.857142857143,348.178571428571,53.0140493623215,22,2
191.565517241379,351.08275862069,53.1091419530417,67,2
190.701388888889,352.4375,54.8757128640621,39,2
189.468531468531,354.342657342657,64.2742910346418,55,2
188.404580152672,356.603053435115,69.9265244370769,62,2
187.961538461538,357.784615384615,70.3152287150976,27,2
186.977443609023,360.466165413534,73.9794411347405,55,2
186.80985915493,361.105633802817,73.1820621583751,25,2
186.345864661654,363.616541353383,71.8672199480288,51,2
186,366.152671755725,75.9147816886217,46,2
185.977443609023,366.84962406015,79.0808517875724,22,2
185.617647058824,368.573529411765,83.4551412589738,47,2
185.323529411765,370,85.1980941933361,30,2
184.940740740741,372.718518518519,85.3662482761104,55,2
184.419117647059,375,78.9679783975989,59,2
184.238805970149,376.201492537313,76.610276622631,26,2
183.977099236641,378.63358778626,75.5515869598028,55,2
183.725190839695,380.045801526718,78.6125736283993,28,2
183.416,382.328,85.2295641756118,48,2
183.042016806723,385.084033613445,88.1970652633961,54,2
182.765765765766,385.621621621622,86.3531996717704,24,2
182.403669724771,388.990825688073,78.4816413469916,64,2
182.154545454545,390.309090909091,78.9118907817362,33,2
181.815789473684,392.456140350877,81.2945706820928,52,2
181.655462184874,392.655462184874,83.5165385255931,31,2
181.471074380165,392.280991735537,81.0470216226843,20,2
180.466666666667,393.116666666667,82.6196950661259,41,2
180.289256198347,392.917355371901,81.6383399719715,23,2
179.553719008264,393.231404958678,77.9013801125808,44,2
179.046875,393.390625,74.8413647312166,41,2
178.862903225806,393.75,72.1418395556507,22,2
178.285714285714,394.392857142857,69.3583058428057,40,2
178.157894736842,394.473684210526,68.7049867882318,12,2
178.422413793103,393.698275862069,66.8335545436031,24,2
178.046296296296,393.925925925926,66.6587432195475,22,2
NaN,NaN,NaN,108,2
387.230769230769,254.181818181818,-40.2534012484302,NaN,3
387.147887323944,254.218309859155,-40.4907383453866,3,3
387.145833333333,254.1875,-40.6691295209739,4,3
387.288732394366,254.232394366197,-40.0506718058217,6,3
387.286713286713,254.160839160839,-40.2712172405561,7,3
387.19014084507,254.239436619718,-40.3659318536842,7,3
387.124137931035,254.11724137931,-40.5562048622512,3,3
387.140845070423,254.133802816901,-40.1808407449344,5,3
387.246478873239,254.274647887324,-40.3363026128796,4,3
387.287769784173,254.244604316547,-40.4106254189893,5,3
387.404255319149,254.304964539007,-40.308978786337,6,3
387.246478873239,254.211267605634,-40.207882030883,3,3
387.197183098592,254.133802816901,-40.6789737208619,6,3
387.349315068493,254.342465753425,-40.6471272908891,8,3
387.293706293706,254.314685314685,-40.3734665402993,5,3
387.302816901408,254.295774647887,-40.342405978226,3,3
387.28275862069,254.310344827586,-40.4181142334125,3,3
387.286713286713,254.265734265734,-40.0862153133302,4,3
387.286713286713,254.307692307692,-40.0168251336224,4,3
387.402777777778,254.326388888889,-39.7174457342229,3,3
387.246478873239,254.274647887324,-40.3363026128796,6,3
387.262411347518,254.234042553192,-40.6251933539342,3,3
387.184397163121,254.141843971631,-40.7804450844769,6,3
387.311594202899,254.253623188406,-40.6921990573758,5,3
388.073529411765,254.816176470588,-39.9806792043217,16,3
388.470149253731,254.738805970149,-32.414817303921,50,3
388.715277777778,254.756944444444,-26.6853522437662,28,3
388.404624277457,254.21387283237,-10.777815385205,63,3
390.325842696629,254.797752808989,-3.50170062445796,87,3
392.115151515152,254.8,-9.00986218243345,51,3
396.15,255.6,-34.8225186005633,91,3
397.838028169014,256.352112676056,-45.1194974160503,44,3
401.083870967742,258.406451612903,-41.7795298625791,83,3
404.984251968504,262.007874015748,-39.0655879999768,112,3
407.376068376068,263.581196581197,-56.3438396758484,56,3
408.76724137931,264.974137931034,-70.287237630353,71,3
410.092307692308,268.315384615385,-82.3581763627467,62,3
411.529850746269,272.380597014925,-81.3003505414078,88,3
412.312977099237,276.832061068702,-80.6430679550467,79,3
412.758333333333,279.391666666667,87.5513862073832,43,3
412.888888888889,282.046296296296,66.698722873035,70,3
412.419847328244,284.977099236641,67.2651396405387,63,3
411.428571428571,288.398496240602,72.0531779594131,72,3
409.618644067797,293.101694915254,72.8970870885738,75,3
408.933962264151,295.245283018868,55.8187204431969,36,3
407.633333333333,297.533333333333,52.8934141730807,60,3
406.807142857143,299.478571428571,57.7290624154476,44,3
404.188405797101,303.188405797101,63.3909274187461,74,3
401.496062992126,307.716535433071,50.7400832758993,87,3
400.356060606061,308.924242424242,37.3718651946273,41,3
397.929078014184,310.673758865248,29.4350878159918,69,3
397.096774193548,311.212903225806,30.1389896215229,40,3
393.160839160839,313.622377622378,35.3782127971742,84,3
390.28275862069,315.648275862069,32.4775545970722,64,3
389.006896551724,316.28275862069,25.339808755888,32,3
385.68085106383,317.77304964539,17.4206299185921,72,3
384.51677852349,318.161073825503,17.0817253655523,36,3
380.613138686131,319.605839416058,22.4025136635282,74,3
377.411347517731,320.829787234043,23.7768639546818,60,3
375.993103448276,321.08275862069,19.130504168843,24,3
373.513157894737,321.75,15.0397369433052,49,3
372.08,322.04,12.5547363463698,32,3
367.894366197183,322.964788732394,14.6654448237544,72,3
364.814285714286,323.871428571429,15.8492468809956,62,3
362.369230769231,324.484615384615,16.0162949448903,38,3
359.306569343066,325,5.03672526344805,59,3
357.905797101449,325.231884057971,1.37446931690996,27,3
353.784172661871,325.884892086331,10.5206714475636,73,3
350.657342657343,326.370629370629,23.3803713908025,68,3
348.814285714286,327.035714285714,22.5406461634671,39,3
345.967105263158,327.888157894737,19.0099042320014,52,3
344.236486486487,328.351351351351,13.9756570967228,32,3
340.934782608696,329.297101449275,11.0766103161848,76,3
336.921985815603,330.141843971631,16.646768898771,69,3
335.608108108108,330.635135135135,17.3117855980529,27,3
331.944055944056,331.552447552448,20.7021219444278,61,3
330.2,332.135714285714,15.9455067560466,33,3
327.340425531915,332.737588652482,6.85970973516641,59,3
323.85,333.507142857143,4.14072579327664,67,3
321.919117647059,333.845588235294,7.93233345864728,40,3
319.479166666667,334.083333333333,14.2223324335028,56,3
317.695035460993,334.560283687943,15.4903883794248,35,3
314.030534351145,335.442748091603,13.0895162012572,66,3
311.088888888889,335.948148148148,3.30072679496195,56,3
309.220472440945,336.165354330709,0.594342859331644,34,3
305.646616541353,336.436090225564,3.49470867524981,62,3
303.984962406015,336.571428571429,5.89770193804805,32,3
301.258992805755,336.769784172662,8.50380384061542,50,3
298.094202898551,337.202898550725,5.37737004071758,55,3
296.63503649635,337.306569343066,-0.28127407415041,29,3
293.480916030534,337.106870229008,-5.47925664907517,64,3
291.264,337.192,-9.22112843788793,34,3
288.411764705882,336.955882352941,-3.20678437923736,55,3
285.425531914894,336.737588652482,3.328516052567,57,3
283.047619047619,336.81746031746,1.13652901324284,45,3
280.661654135338,336.894736842105,-4.75880532107399,41,3
279.355555555556,336.792592592593,-10.5669292563917,30,3
274.950413223141,336,-18.7461612592082,78,3
271.875968992248,335.449612403101,-9.83371905168587,60,3
270.434108527132,335.186046511628,-6.67264572593453,36,3
267.030769230769,334.830769230769,-3.32349381061136,59,3
264.953125,334.6640625,-8.99717003165864,36,3
262.379032258065,334.153225806452,-16.7916344680202,58,3
258.563025210084,333.268907563025,-19.2491107399036,69,3
257.365853658537,333.073170731707,-16.7798283378252,24,3
253.125,331.666666666667,-7.85862371063111,71,3
252.543307086614,331.740157480315,-10.4670394229875,37,3
248.308333333333,330.841666666667,-23.1958544711682,69,3
244.070175438596,329.587719298246,-23.4484798319378,74,3
242.427419354839,329.104838709677,-15.9003835449978,28,3
238.355555555556,328.037037037037,-10.8381094107446,75,3
237.076388888889,327.861111111111,-9.27095882709346,33,3
232.055118110236,326.724409448819,-26.2872203336788,97,3
228.137404580153,325.427480916031,-27.8436484141037,80,3
225.845588235294,324.382352941176,-21.2977404986665,45,3
223.190839694656,323.488549618321,-16.3217469415898,61,3
220.659420289855,322.253623188406,-21.5499409151388,49,3
216.410852713178,320.697674418605,-33.0066629070851,91,3
212.695652173913,319.224637681159,-24.5693244366995,71,3
211.087248322148,318.335570469799,-21.1052682608366,35,3
208.12582781457,316.927152317881,-16.3282641624875,72,3
206.027027027027,316.364864864865,-19.8220379136574,45,3
201.451851851852,314.933333333333,-28.6752667805209,89,3
197.729166666667,313.840277777778,-19.8242476965341,73,3
196.179104477612,313.15671641791,-14.9555762394998,40,3
192.410447761194,311.880597014925,-16.0069138728622,72,3
191,311.068965517241,-21.9844577569897,39,3
186.481481481481,309.481481481481,-28.7267346266683,90,3
183.138888888889,307.951388888889,-18.7020205324937,77,3
181.511627906977,307.209302325581,-14.6714894382085,35,3
178.459854014599,306.277372262774,-18.6295161024544,66,3
176.716216216216,305.297297297297,-24.0404747706037,47,3
172.201342281879,303.510067114094,-31.0034250246335,87,3
168.955414012739,301.980891719745,-21.5155708661755,70,3
167.660377358491,301.169811320755,-20.4235119554287,38,3
164.566878980892,299.847133757962,-22.9071102895796,70,3
162.916666666667,299.166666666667,-26.1968168564629,39,3
159.104166666667,297.458333333333,-35.3351770103267,70,3
156.372262773723,295.839416058394,-27.4499410965958,61,3
154.889705882353,295.044117647059,-25.4726209125422,31,3
153.046875,294.0859375,-22.5526539441435,46,3
152.037593984962,293.278195488722,-22.2117661469629,39,3
148.504587155963,291.761467889908,-29.9678809376238,60,3
146.620689655172,290.76724137931,-31.1600260018497,59,3
144.336538461538,289.5,-25.9749260924367,38,3
142.257731958763,288.484536082474,-16.9888885282538,47,3
141.339285714286,287.892857142857,-18.5861482630106,25,3
138.691588785047,286.485981308411,-21.3405343534494,47,3
137.342592592593,285.333333333333,-32.1157408636832,43,3
136.411764705882,284.676470588235,-38.6575926257579,18,3
135.653846153846,283.25,-48.475927058328,32,3
135.582524271845,282.660194174757,-49.9267574162849,19,3
134.851485148515,281.39603960396,-52.0311313864997,22,3
134.232323232323,280,-59.0120691936607,30,3
134.2,279.71,-61.013192118696,15,3
133.73,278.43,-67.5146199513846,34,3
133.073684210526,277.168421052632,-74.1098030145572,23,3
