400.509433962264,250.169811320755,-42.3187292394656,NaN,1
400.388888888889,250.046296296296,-42.5353242188442,2,1
400.495327102804,250.130841121495,-42.6364252925452,3,1
400.547169811321,250.150943396226,-42.9451905640741,1,1
401,250.44,-43.4640115768971,14,1
401.376237623762,250.792079207921,-48.8100943466074,25,1
401.323529411765,250.725490196078,-52.9176469198321,11,1
401.478260869565,250.434782608696,-64.6551703251054,25,1
401.278260869565,249.973913043478,16.5746127127883,24,1
401.120689655172,250.275862068966,-7.65691345649067,17,1
401.629032258065,250.185483870968,-18.1474479202525,26,1
402.349593495935,250.747967479675,-18.4914601402017,29,1
405.052173913043,251.913043478261,-36.5063421752005,60,1
407.869158878505,254.420560747664,-62.4796458457576,66,1
409.57,256.5,-45.8169601516299,43,1
411.752380952381,258.47619047619,-6.92712732456635,65,1
412.392523364486,259.018691588785,6.61543740014491,26,1
416.24,258.5,23.1892938947325,75,1
420.447619047619,257.47619047619,-13.2677939244556,77,1
422.901960784314,258,-20.819311993101,45,1
427.326315789474,259.147368421053,-10.6490370534606,75,1
428.745614035088,259.070175438596,-3.10268849242373,33,1
433.299065420561,259.009345794393,18.8678054483869,91,1
438.171428571429,258.028571428571,0.0235354586766627,84,1
440.532710280374,257.728971962617,-9.16318864883223,38,1
444.855769230769,258.269230769231,-2.14918454404424,79,1
446.928571428571,258.1875,8.63027979676052,36,1
452.451923076923,256.923076923077,18.2469754048349,94,1
456.603603603604,255.945945945946,-4.34402250432689,77,1
459.444444444444,255.87962962963,-3.70226362748117,45,1
463.773109243697,255.571428571429,9.08765551558577,83,1
466.263636363636,255.072727272727,24.0296973356447,49,1
471.103773584906,253.292452830189,16.090684973566,88,1
475.657657657658,252.306306306306,-3.43999721292635,79,1
478.21,252.37,1.33276547864927,41,1
482.669811320755,251.443396226415,19.9484686357097,78,1
485.342592592593,250.324074074074,32.3673319749451,50,1
489.518181818182,248.618181818182,10.2654920752663,78,1
494.383928571429,247.321428571429,10.7355754893467,86,1
496.05,247.08,16.4236327920493,32,1
500.867924528302,244.22641509434,35.4306192884794,94,1
502.971962616822,242.738317757009,37.0506267699022,45,1
506.907407407407,240.212962962963,13.1427061546294,81,1
511.263636363636,238.709090909091,26.2311607870567,80,1
513.3125,237.791666666667,34.0255082903508,40,1
517.614583333333,234.708333333333,22.8835385075652,84,1
519.089285714286,233.678571428571,24.5283197215396,48,1
523.342342342342,231.468468468468,20.7921679277169,85,1
527.285714285714,229.321428571429,46.6005687447641,81,1
529.060606060606,227.929292929293,39.4650112264548,39,1
532.610526315789,224.642105263158,24.6639741091543,80,1
534.333333333333,223.213675213675,26.7446943068275,52,1
538.140350877193,220.59649122807,42.3588628375299,81,1
541.78431372549,216.852941176471,54.7389445116728,92,1
543.208333333333,215.479166666667,38.8817515421611,36,1
546.357894736842,212.621052631579,18.0667839047828,77,1
548.116071428571,210.964285714286,29.892407071197,49,1
551.509090909091,208.590909090909,53.0016868601629,84,1
554.963302752294,205.119266055046,38.1835740854641,83,1
556.842592592593,203.5,21.7972963088165,47,1
559.833333333333,201.87037037037,26.8146115062924,66,1
561.655172413793,200.379310344828,44.3752622879204,46,1
565.283018867925,196.764150943396,55.9565326161941,88,1
567.893442622951,193.934426229508,38.7358068782816,70,1
570.298969072165,191.989690721649,30.6303063364816,51,1
572.766355140187,189.588785046729,49.4524945795013,68,1
574.81308411215,187.280373831776,66.2912773940401,50,1
577.09009009009,183.972972972973,56.1030578140376,72,1
579.276785714286,181.160714285714,47.4400818874928,69,1
580.467289719626,179.598130841122,56.4298306066847,31,1
582.757009345794,175.747663551402,69.9117918983153,76,1
583.69298245614,173.517543859649,70.4300558722825,45,1
585.466666666667,170.333333333333,47.4118831803556,72,1
588.044642857143,166.723214285714,55.4621732092904,78,1
589,165.272727272727,60.6363269717581,37,1
591.087378640777,161.339805825243,67.3472592116947,74,1
591.767857142857,159.508928571429,59.2889598054427,39,1
593.783783783784,156.063063063063,56.4598841609919,73,1
595.736842105263,152.385964912281,76.1023653546201,73,1
596.542553191489,150.351063829787,79.0812975063502,38,1
597.757281553398,147,65.7809770818623,67,1
598.672566371681,144.769911504425,60.1727941052438,42,1
600.311320754717,141.283018867925,65.4919819602881,67,1
601.679245283019,137.037735849057,83.275059290843,78,1
602.166666666667,135.264705882353,74.6072224277119,34,1
603.347368421053,132.231578947368,58.0420680278754,63,1
604.01724137931,130.120689655172,62.242121341975,49,1
605.403669724771,126.321100917431,88.2944082239616,73,1
606.353982300885,122.274336283186,80.3041749483421,72,1
606.650485436893,120.873786407767,66.5124315724571,32,1
608.677083333333,116.5,61.7056260769426,81,1
609.016666666667,114.858333333333,73.6822464103681,38,1
610.425925925926,110.722222222222,-89.0506938146706,82,1
611.054054054054,107.189189189189,74.7951025196685,67,1
611.586538461538,105.394230769231,68.2667588537819,37,1
612.414893617021,102.797872340426,80.9134918285208,54,1
612.645454545455,100.545454545455,87.5964806208028,40,1
613.320754716981,96.5377358490566,73.7977841868185,68,1
614.058252427184,93.8640776699029,59.5132267053213,57,1
614.804597701149,92.6091954022989,56.6736209070327,28,1
616.802083333333,89.65625,70.6058505180583,61,1
617.19,89.86,69.9622933870341,22,1
618.181818181818,89.4949494949495,60.5552422446132,33,1
619.95652173913,88.3913043478261,48.8882736872395,47,1
620.891304347826,88.1521739130435,44.0438992207257,26,1
623.098765432099,87.5432098765432,44.3993192198081,47,1
623.941176470588,87.4705882352941,47.6480498240768,24,1
625.650602409639,86.7710843373494,27.0388793540791,36,1
628.189189189189,85.9189189189189,10.6895735791806,45,1
630.074626865672,85.955223880597,7.79826508713354,29,1
631.283582089552,86.3134328358209,8.12669340329631,28,1
632.926470588235,86.4411764705882,10.7893837377146,21,1
635.850746268657,86.3880597014925,-6.66399534297035,37,1
638.697368421053,86.8552631578947,-15.6059216630199,41,1
640.72602739726,87.6301369863014,-5.73642367521742,33,1
643.154929577465,88.6056338028169,7.04031088456411,50,1
644.383561643836,88.8767123287671,12.5610261810145,24,1
646.444444444444,89.3611111111111,7.59717398182956,37,1
648.397260273973,89.7945205479452,-5.1704059103947,41,1
649.242857142857,90.2,-9.30466419011815,15,1
650.89552238806,91.9253731343284,-15.189359699185,51,1
652.096774193548,92.8709677419355,-2.70141182028137,25,1
NaN,NaN,NaN,62,1
402.547368421053,248.957894736842,-86.1146588720622,NaN,2
402.489795918367,248.867346938776,-85.4183912664603,5,2
402.536842105263,248.705263157895,-85.7139050355055,5,2
402.601851851852,248.333333333333,-84.9876395566681,15,2
402.594339622641,248.452830188679,-83.4643955769498,12,2
402.410714285714,248,-72.3417453902693,40,2
402.452380952381,248.111111111111,-40.810667963571,42,2
402.813008130081,248.593495934959,-40.5095028830173,31,2
404.80612244898,250.765306122449,-42.5192368830979,57,2
405.451612903226,251.311827956989,-51.9942442267459,21,2
406.553191489362,253.425531914894,-81.9090746286724,49,2
407.244444444444,257.644444444444,86.8150695820719,64,2
407.505882352941,258.694117647059,89.8323564663255,19,2
407.810126582278,263.556962025316,81.3357519545182,74,2
407.549450549451,266.065934065934,63.0636605625851,44,2
406.263736263736,269.604395604396,46.6763886100027,64,2
403.901234567901,272.358024691358,55.2593443812034,50,2
402.535211267606,273.619718309859,60.0886675278256,28,2
400.485294117647,277.529411764706,63.3242866373333,57,2
399.794871794872,279.051282051282,60.2416616678886,26,2
398.343137254902,281.382352941176,66.122233114117,50,2
397.190909090909,284.618181818182,76.6985555021944,58,2
396.901960784314,286.362745098039,89.0558788894671,32,2
397.136363636364,290.840909090909,-80.9649077091341,70,2
397.285714285714,292,-86.8058082664117,21,2
397.382978723404,294.840425531915,74.2755034913402,47,2
397.511111111111,297.8,85.0548517583109,54,2
397.443181818182,299.352272727273,-82.4198726312908,24,2
397.9125,302.0625,-70.1367206947955,46,2
398.252747252747,304.395604395604,-83.1463872151646,37,2
398.402298850575,307.367816091954,69.9641782169526,48,2
397.978021978022,310.802197802198,75.9714371462538,56,2
397.65,311.9,86.3843089229878,19,2
397.892857142857,315.321428571429,-79.2636733464411,54,2
398.141304347826,317.195652173913,-77.388580631122,30,2
398.402298850575,319.965517241379,81.6361092199484,43,2
397.976744186047,323.244186046512,72.5804545431983,55,2
397.75,325.071428571429,82.5492808070392,28,2
397.736842105263,328.078947368421,-74.8278286284564,48,2
398.077777777778,330.166666666667,-73.4917289132835,34,2
398.236559139785,333.150537634409,-86.0063838911701,49,2
397.966292134831,336.606741573034,73.3301375821407,60,2
397.951219512195,337.69512195122,73.2787541412885,23,2
397.416666666667,341.142857142857,-87.7948400965025,54,2
397.404494382022,342.730337078652,-81.4312635728142,25,2
397.435294117647,345.894117647059,-85.6468346917633,52,2
397.011111111111,348.911111111111,71.1563171044807,45,2
396.73417721519,350.012658227848,66.2691696193538,19,2
396.166666666667,353.1,77.512787794923,49,2
395.967741935484,354.634408602151,-89.5933867616313,29,2
395.956043956044,357.802197802198,-78.3537683178624,52,2
395.515789473684,360.515789473684,87.8025426927639,46,2
395.168831168831,362.233766233766,66.7165907282468,30,2
394.363636363636,365.147727272727,68.5700351930006,51,2
393.989247311828,366.655913978495,75.2736271210215,27,2
393.465909090909,369.909090909091,-80.9188835360177,53,2
393.609195402299,373.149425287356,-83.5090235694736,53,2
393.634146341463,374.914634146341,84.6620768808402,25,2
393.488095238095,377.571428571429,71.1481666265454,46,2
393.123595505618,379.584269662921,72.1213819388741,31,2
392.693181818182,382.659090909091,-85.8590225282532,49,2
393.232558139535,385.96511627907,-70.606692863262,54,2
393.662337662338,387.818181818182,-72.0934698827586,29,2
394.228915662651,390.746987951807,-87.7721519922545,48,2
394.476744186047,392.313953488372,84.6072159744302,27,2
394.547619047619,395.083333333333,82.151613300105,44,2
394.626373626374,397.681318681319,-79.1381843558581,45,2
394.865168539326,398.943820224719,-64.3564994607385,24,2
395.533333333333,399.622222222222,-52.0353133495087,29,2
396.151162790698,400.127906976744,-48.6697546577209,18,2
396.441176470588,398.696078431373,-52.6282790831691,54,2
397.927083333333,399.520833333333,-50.0755458019881,40,2
398.948453608247,400.113402061856,-45.286831804416,27,2
400.827956989247,401.193548387097,-28.4480557965381,52,2
401.354166666667,401.5625,-24.223543855465,21,2
403.301075268817,402.204301075269,-21.5807826914746,43,2
405.40206185567,401.40206185567,-34.7353680738695,62,2
407.168831168831,402.207792207792,-30.7649406818031,44,2
408.722222222222,402.625,-31.854494802024,35,2
408.25,401.402173913043,-40.3688552789545,34,2
409.831168831169,402.74025974026,-23.9828933036689,43,2
410.939759036145,402.843373493976,-18.8664694812368,24,2
411.771084337349,402.734939759036,-14.3521702468837,22,2
414.125,402.875,-15.1174078538654,39,2
414.797297297297,402.689189189189,-20.3863758368244,16,2
415.634146341463,402.317073170732,-27.906070140474,32,2
416.782608695652,402.228260869565,-27.8525600928144,30,2
417.611111111111,402.633333333333,-25.7941299912645,14,2
419.604395604396,403.054945054945,-16.7141241019473,37,2
420.717647058824,403.482352941176,-12.2048422724421,20,2
422.808988764045,403.269662921348,-6.34961383080878,42,2
424.797619047619,403.190476190476,-4.40382132232729,37,2
NaN,NaN,NaN,84,2
384.719626168224,239.018691588785,28.8070435078386,NaN,3
384.990990990991,238.864864864865,29.0020600777453,6,3
385.142857142857,238.821428571429,28.4616480505533,5,3
385.133928571429,238.901785714286,27.513362477197,4,3
385.290909090909,238.990909090909,27.3210016620789,6,3
385.892561983471,238.446280991736,29.5419680711734,17,3
386.057971014493,237.971014492754,30.1327744860981,27,3
385.94776119403,238.05223880597,26.6581819550076,22,3
385.532258064516,238.532258064516,22.9215100417018,38,3
385.389380530973,238.380530973451,-78.0742618034401,55,3
385.761904761905,238.990476190476,-72.3244391171937,26,3
385.8,239.855555555556,-65.7238013928849,33,3
386.117021276596,241.351063829787,-73.0053946928965,30,3
386.831578947368,243.610526315789,77.968565440443,45,3
386.554455445545,246.138613861386,64.6674633700421,50,3
386.43956043956,246.681318681319,66.8229275549729,14,3
385.76404494382,250.550561797753,71.7477418244638,60,3
385.549019607843,252.901960784314,67.7471456445669,43,3
384.038834951456,256.456310679612,48.6817845702519,69,3
381.747663551402,259.822429906542,43.224025686072,72,3
380.489130434783,261.021739130435,48.3295559693879,33,3
377.943181818182,265.056818181818,71.2472293488486,76,3
376.887755102041,267.744897959184,76.729876430116,46,3
375.543689320388,271.970873786408,64.4205600842441,67,3
373.802197802198,276.032967032967,73.4565676674207,68,3
373.481481481481,277.345679012346,82.3239440740815,22,3
373.132530120482,281.710843373494,-82.6645982315514,64,3
373.104166666667,284.364583333333,88.3838164505103,41,3
372.733333333333,287.809523809524,64.1084508619899,61,3
371.88679245283,291.575471698113,69.7080835253199,65,3
371.477272727273,293.113636363636,81.5372810715343,30,3
371.141304347826,297.152173913043,-85.2472435904727,68,3
370.990654205607,299.747663551402,-89.0489151100687,41,3
370.743119266055,303.97247706422,76.3458732375559,74,3
370.563106796117,308.009708737864,-85.2251108493941,70,3
370.714285714286,309.538461538462,-68.0124349797046,26,3
372.168539325843,313.460674157303,-66.8669619091875,70,3
373.030927835052,315.979381443299,-82.8679320799642,46,3
373.810526315789,320.052631578947,-88.6660649992215,70,3
375.054545454545,322.954545454545,-70.3531598062227,55,3
375.813186813187,325.142857142857,-60.1553355946029,39,3
377.620689655172,329.011494252874,-75.6421637867203,70,3
378.16,331.25,-87.8250936679756,37,3
379.097087378641,334.815533980583,-81.0295399676854,61,3
380.135922330097,338.436893203883,-64.4474166316703,66,3
380.824175824176,339.43956043956,-60.4989823894511,22,3
382.581632653061,344.071428571429,-78.9684122710323,79,3
383.234693877551,346.285714285714,-81.6165920050237,40,3
384.38679245283,349.745283018868,-63.7904745115831,58,3
386.40206185567,353.443298969072,-57.6757986690748,71,3
387.274725274725,354.89010989011,-65.0356424497139,28,3
388.873684210526,358.694736842105,-74.0901005442492,68,3
389.734693877551,360.724489795918,-73.8857488415262,37,3
391.412844036697,363.880733944954,-56.2027789728888,65,3
393.613861386139,367.633663366337,-65.8642334144507,70,3
394.461538461538,368.758241758242,-71.1057514628073,26,3
396.074468085106,372.872340425532,-68.3619738918529,69,3
396.901960784314,374.617647058824,-61.7165844738686,36,3
398.873786407767,377.611650485437,-52.6930822500831,69,3
401.129032258065,381.236559139785,-72.6959673363294,66,3
401.917647058824,383.270588235294,-72.7289853776561,32,3
403.645161290323,386.688172043011,-57.333695614017,62,3
404.53,388.3,-52.0848205380028,35,3
406.677083333333,391.40625,-60.4271525738044,60,3
408.659574468085,395.074468085106,-72.0018513228392,66,3
409.606382978723,396.553191489362,-63.4995234023033,32,3
411.490196078431,399.303921568627,-45.4379410497769,62,3
412.018181818182,399.472727272727,-40.7944869936148,24,3
414.043103448276,399.594827586207,-36.8394533362331,58,3
417.221052631579,401.189473684211,-34.027869999546,59,3
418.784090909091,401.784090909091,-26.0291470018219,27,3
420.614457831325,401.722891566265,-22.2449834803114,37,3
422.421052631579,402.197368421053,-18.9210492305042,29,3
424.153846153846,401.948717948718,-27.9179530164883,40,3
426.481481481481,402.20987654321,-23.2157132336224,37,3
427.645569620253,402.354430379747,-18.1996713329131,22,3
429.657894736842,402.855263157895,-14.4239639799711,29,3
430.5125,402.875,-13.7928472058482,22,3
432.567901234568,402.604938271605,-19.7585152303096,39,3
434.623529411765,402.682352941176,-26.6350000215398,42,3
436.514285714286,403.528571428571,-20.1013361861458,29,3
438.710526315789,403.144736842105,-15.0714763003827,44,3
439.869047619048,402.880952380952,-16.3244770417736,26,3
442.6,402.925,-17.0664494712827,48,3
445.434210526316,402.671052631579,-25.1897930111952,54,3
446.594936708861,402.329113924051,-19.6167254904722,25,3
448.914634146341,402.317073170732,-12.4730514226318,41,3
450.011904761905,402.214285714286,-10.7441561193341,24,3
NaN,NaN,NaN,84,3
407.691588785047,243.766355140187,75.9886575139577,NaN,4
407.635514018692,243.878504672897,76.7813338216957,4,4
407.688073394495,243.798165137615,75.4944825633992,6,4
407.428571428571,244.285714285714,73.350289731408,13,4
407.318584070796,244.203539823009,72.394802697114,11,4
407.368421052632,242.557894736842,51.7977779283115,56,4
406.990196078431,242.509803921569,17.7203275178209,47,4
407.75,242.97,-57.0551726313694,32,4
409.536842105263,244.905263157895,-61.9302389021107,59,4
410.336956521739,245.934782608696,-65.8063828928429,25,4
412.314606741573,248.820224719101,-8.99622075392927,63,4
415.05376344086,249.978494623656,30.6907227796573,72,4
416.877777777778,249.733333333333,31.4805759285305,33,4
420.244444444444,248.933333333333,22.8351742065519,60,4
421.315789473684,248.894736842105,20.0971859491686,25,4
425.105769230769,247.625,18.8130796820829,79,4
427.914285714286,245.447619047619,50.4880633241736,69,4
429.169811320755,244.452830188679,65.3443879659238,37,4
431.231481481481,241.851851851852,67.4599226075622,62,4
432.093220338983,240.14406779661,67.5115023375565,38,4
434,236.704761904762,52.8840451383797,69,4
436.494736842105,233.168421052632,62.4979078062405,64,4
437.267441860465,232.360465116279,68.5539026168851,21,4
438.358024691358,228.024691358025,80.1053528087865,71,4
438.978723404255,226.297872340426,75.1840887342035,33,4
440.019607843137,223.647058823529,62.8187153092976,50,4
440.666666666667,221.117117117117,69.7794355700317,47,4
441.207920792079,219.60396039604,78.3514304974292,28,4
441.422680412371,215.453608247423,-84.8995120770979,66,4
441.453608247423,213.422680412371,-89.6928397996644,34,4
441.67,210.06,73.2071945979236,59,4
441.872549019608,206.823529411765,80.8387832090577,62,4
441.765306122449,205.377551020408,-86.0716523153811,30,4
441.409090909091,202.102272727273,-63.6362871917533,56,4
441.123711340206,199.886597938144,-75.8550960978432,41,4
440.742574257426,196.039603960396,83.2739249396174,64,4
440.546391752577,192.773195876289,-86.7785183715452,60,4
440.241758241758,190.791208791209,-69.3544124420718,32,4
439.343434343434,187.686868686869,-63.3521287150303,56,4
438.822429906542,185.672897196262,-67.8316823126449,38,4
437.75,182.22,-87.0896969028626,63,4
437.191919191919,178.757575757576,-80.9644158970989,57,4
436.723404255319,176.81914893617,-61.3212447285434,33,4
435.532608695652,174.369565217391,-56.0333150267942,52,4
434.446601941748,171.78640776699,-66.8179067061566,43,4
433.076190476191,168.057142857143,-82.6226806636605,70,4
432.097087378641,165.058252427184,-70.0373178208947,58,4
431.273684210526,162.905263157895,-52.8063316151294,40,4
429.787234042553,160.340425531915,-47.4826193237309,55,4
428.881188118812,158.554455445545,-58.4228479153004,37,4
427.66,155.61,-79.1980468894806,55,4
426.432989690722,152.278350515464,-72.2799372311354,61,4
425.705263157895,150.526315789474,-58.4429087453612,32,4
424.625,148.25,-49.9617681310883,51,4
423.944444444444,146.842592592593,-54.1839441078813,30,4
422.168421052632,143.757894736842,-68.8798981883311,63,4
420.683673469388,140.744897959184,-58.2670131539157,55,4
419.842696629213,139.47191011236,-39.8600565225897,27,4
417.910112359551,137.426966292135,-31.8237492558563,54,4
416.578947368421,135.947368421053,-39.8903903301858,32,4
413.934065934066,133.087912087912,-64.8828173242811,60,4
411.89010989011,130.10989010989,-56.7858545922664,60,4
410.637362637363,128.494505494505,-41.3903282562842,32,4
408.518072289157,126.771084337349,-22.6195172623892,52,4
407.466019417476,125.514563106796,-33.0327979706909,32,4
404.711340206186,123.123711340206,-54.1920788338983,60,4
402.611111111111,120.522222222222,-57.0575857349491,55,4
401.715909090909,119.636363636364,-46.1425876382886,22,4
399.623655913978,117.430107526882,-32.7235975273559,51,4
398.653465346535,116.544554455446,-35.8429282174567,26,4
396.373626373626,114.736263736264,-48.7686925310311,48,4
394.472527472527,112.571428571429,-61.3198397927744,50,4
393.651685393258,111.314606741573,-60.5976298671858,26,4
392.0375,109.075,-41.6733624594487,45,4
391.527472527473,108.065934065934,-41.34563799923,25,4
390.1,106.311111111111,-36.0669690582207,43,4
388.337078651685,104.483146067416,-50.2484313747112,43,4
387.518072289157,103.44578313253,-59.5587014136888,24,4
386.02380952381,100.738095238095,-64.8972158194104,49,4
385.156626506024,99.2168674698795,-68.108725151861,27,4
383.536842105263,96.9684210526316,-52.3624877569203,50,4
381.467889908257,94.045871559633,-48.2420278760921,66,4
380.740157480315,92.2362204724409,-51.1565118777726,46,4
379.076335877863,89.9236641221374,-55.253068416068,70,4
378.382352941176,89.125,-58.0481661407825,33,4
376.1,88.3615384615385,-46.9672272784811,58,4
374.507462686567,87.8582089552239,-28.2712735917532,44,4
373.854961832061,87.5343511450382,-24.5181012403634,29,4
371.654411764706,86.9632352941177,-13.7720969268719,53,4
370.872180451128,86.7894736842105,-13.4238935387061,27,4
368.798611111111,86.9513888888889,-13.5741386299925,55,4
365.983333333333,86.5833333333333,-16.7797199610742,52,4
365.15873015873,86.5555555555556,-13.3570429539997,22,4
364.06,86.7333333333333,-5.72988360084831,36,4
363.265306122449,86.4489795918367,-0.499163581841959,27,4
361.493243243243,86.4594594594595,2.65508140997438,51,4
358.330985915493,86.4295774647887,1.94068837118756,54,4
356.830985915493,86.7464788732394,-1.58172047796421,32,4
353.828358208955,86.8208955223881,-7.61737233875263,58,4
352.580882352941,86.9191176470588,-7.00551269774243,28,4
349.671641791045,86.8283582089552,0.954797649804796,50,4
348.703225806452,86.8774193548387,2.19276329069888,29,4
347.296551724138,86.7586206896552,3.13599329586333,30,4
