427.657407407407,243.240740740741,-26.9883432562688,NaN,1
427.688679245283,243.235849056604,-26.1164426943322,2,1
427.672897196262,243.224299065421,-27.2994258246779,7,1
427.952830188679,243.405660377358,-28.0191586614403,5,1
427.757009345794,243.289719626168,-26.6662072429684,7,1
427.707547169811,243.11320754717,-26.2585328810692,7,1
427.485981308411,243.224299065421,-27.9135003619353,9,1
427.576923076923,243.317307692308,-27.5302828624754,9,1
427.549019607843,243.235294117647,-26.8018978553915,4,1
427.543689320388,243.26213592233,-26.9708995855305,3,1
427.504761904762,243.2,-27.3126282750903,4,1
427.576923076923,243.230769230769,-25.8375009576772,5,1
427.617647058824,243.303921568627,-27.0281045698358,8,1
427.543689320388,243.242718446602,-27.6767442905072,3,1
427.563106796117,243.281553398058,-27.3819009797004,4,1
427.586538461538,243.259615384615,-27.0186904237365,7,1
427.38679245283,243.198113207547,-28.1642741787792,4,1
427.538461538462,243.201923076923,-27.0826576015565,6,1
427.518867924528,243.169811320755,-26.442367513815,2,1
427.539215686275,243.205882352941,-27.1509611021328,6,1
427.542857142857,243.12380952381,-26.4861546889565,3,1
427.433962264151,243.141509433962,-27.3936576136214,3,1
427.390476190476,243.257142857143,-28.0667201622473,5,1
427.342857142857,243.095238095238,-27.3595114361251,8,1
427.553398058252,243.31067961165,-26.6434938856647,8,1
427.598039215686,243.294117647059,-26.9988312219823,5,1
427.465346534653,243.237623762376,-27.645583712711,5,1
427.490196078431,243.196078431373,-26.6886148099624,3,1
427.52427184466,243.21359223301,-26.6261336786868,5,1
427.557692307692,243.192307692308,-27.5910899091403,7,1
427.640776699029,243.300970873786,-27.9038632428358,7,1
427.721153846154,243.375,-27.9110188929428,7,1
427.523364485981,243.280373831776,-27.5594927666117,9,1
427.61320754717,243.141509433962,-26.1612051400752,5,1
427.803921568627,243.294117647059,-28.1097880794513,8,1
428.009708737864,243.31067961165,-27.3809550392225,11,1
428.24,243.57,-27.6470477540489,15,1
428.56862745098,243.539215686275,-14.3656853024108,34,1
428.346153846154,243.384615384615,-2.81337285757039,18,1
429.488888888889,242.7,45.9991170448748,54,1
428.92,242.54,35.1209326531323,26,1
431.03125,240.291666666667,29.0430415485286,62,1
432.296703296703,239.989010989011,14.7173570311668,59,1
433.886363636364,239.693181818182,5.47783937181418,27,1
435.575757575758,239.626262626263,13.2537723108355,55,1
436.623762376238,239.356435643564,12.9408475271202,20,1
440.392857142857,238.964285714286,0.398265850053344,55,1
443.069306930693,238.752475247525,-15.8729949368729,51,1
444,238.971153846154,-13.4747041675269,23,1
446.815533980583,239.699029126214,-4.40097048721037,59,1
447.694444444444,240.12962962963,-2.42377116561564,29,1
451.71875,240.875,-14.3708078075411,60,1
454.203883495146,241.640776699029,-15.7117648417737,51,1
454.939130434783,241.939130434783,-16.4734946766356,36,1
457.491379310345,242.870689655172,-11.9098635865892,53,1
459.117117117117,243.171171171171,-16.791136962943,33,1
461.867256637168,243.787610619469,-33.9342652086258,58,1
464.504854368932,245.902912621359,-27.8391983840631,68,1
466.085714285714,246.466666666667,-24.151185839185,34,1
468.366972477064,247.587155963303,-24.5694660050349,54,1
469.603603603604,247.936936936937,-29.2649450393139,32,1
471.695238095238,249.942857142857,-35.7864535441482,62,1
473.620689655172,251.508620689655,-33.5006395755954,55,1
474.438095238095,251.914285714286,-32.2208620912763,31,1
477.175257731959,253.855670103093,-31.6691789577177,58,1
478.45,255.05,-47.3827897269157,29,1
479.981481481481,257,-49.5260149301332,54,1
482.186274509804,259.254901960784,-45.9400785370021,60,1
483.010204081633,259.948979591837,-37.6815827352345,26,1
485.612903225806,262.634408602151,-47.603644008723,65,1
486.36170212766,263.606382978723,-54.9600467665287,23,1
488.009803921569,266.088235294118,-58.4778696665009,52,1
489.660550458716,268,-53.767192195084,49,1
490.666666666667,269.270833333333,-48.8703511378533,31,1
492.203883495146,271.893203883495,-61.6480445458033,55,1
492.79,273.26,-64.6892915634228,31,1
494.28431372549,275.882352941176,-63.4872434196124,54,1
495.7,278.17,-57.5392125140543,50,1
496.517647058824,279.635294117647,-57.5757039813139,27,1
497.840909090909,282.670454545455,-71.8134612076479,55,1
498.303370786517,284,-76.8877879159771,23,1
499.28125,286.0625,-65.2558145752123,43,1
500.25,288.695652173913,-58.198966018789,48,1
500.358695652174,289.304347826087,-61.6289240579449,20,1
501.149425287356,291.402298850575,-71.7352943369282,43,1
501.904761904762,293.440476190476,-74.9078209898648,33,1
502.571428571429,295.725274725275,-65.0304301332868,43,1
503.263736263736,297.912087912088,-59.1040724394164,50,1
503.811764705882,299.129411764706,-63.9746203879739,24,1
504.906976744186,301.53488372093,-69.1834502509549,43,1
505.48275862069,302.919540229885,-68.504960310397,27,1
506.565656565657,304.333333333333,-56.0614329559537,40,1
508.166666666667,307.010416666667,-55.4137048825064,51,1
508.929411764706,307.811764705882,-60.1205440420015,23,1
510.511904761905,311.202380952381,-67.4994145965271,57,1
511.022471910112,312.269662921348,-65.729217323891,23,1
512.086956521739,313.967391304348,-58.6631498868545,45,1
512.757894736842,316.031578947368,-63.518034999962,37,1
513.542168674699,317.289156626506,-67.3882377302508,24,1
514.62962962963,320.074074074074,-66.5157248710681,46,1
515.20652173913,321.304347826087,-63.5362008518736,25,1
515.980582524272,323.339805825243,-59.7246222504767,47,1
517.697916666667,326.197916666667,-66.0938738441612,57,1
518.155555555556,327.133333333333,-65.4639397674268,24,1
519.471264367816,329.850574712644,-59.5485459295483,53,1
520.031578947368,331.031578947368,-59.7109596367481,28,1
521.522727272727,333.784090909091,-59.39806787265,51,1
522.364583333333,336.135416666667,-70.6470150538428,44,1
523.166666666667,337.477777777778,-69.9803123674375,28,1
524.222222222222,339.633333333333,-58.4565222114978,44,1
524.855670103093,340.845360824742,-58.1560585705883,29,1
525.852631578947,343.621052631579,-68.0064429149913,46,1
527.240963855422,346.722891566265,-77.9286791420201,56,1
527.528735632184,347.609195402299,-72.8038423382756,14,1
528.076923076923,349.263736263736,-63.3713255099351,38,1
528.623655913978,350.795698924731,-63.4954591515683,30,1
529.461538461538,353.791208791209,-76.2656857352211,50,1
530.56976744186,356.488372093023,-79.0886562018375,47,1
530.917647058823,357.588235294118,-73.1339209207968,21,1
531.703703703704,360.024691358025,-63.8490498721125,44,1
532.197802197802,361.428571428571,-72.9853965658474,26,1
532.522727272727,363.840909090909,-86.7578517911959,43,1
533.088888888889,366.4,-84.3998041759024,44,1
533.252747252747,367.164835164835,-77.682432564955,17,1
533.701149425287,369.252873563218,-70.7374057747064,44,1
534.220930232558,371.372093023256,-75.6532296192522,31,1
534.77380952381,373.797619047619,-84.8483905656553,42,1
535.584269662921,376.123595505618,-72.3759253980264,39,1
535.966666666667,376.966666666667,-67.9444308974921,21,1
536.639534883721,379.337209302326,-62.9732395498421,42,1
537.176470588235,380.4,-70.0818034053786,21,1
538.392405063291,383.392405063291,-69.8484028576001,50,1
539.227272727273,384.738636363636,-55.9050851344259,29,1
539.767441860465,385.616279069767,-55.819857278106,22,1
541.144578313253,387.722891566265,-55.2965543402763,37,1
541.928571428571,389.095238095238,-61.851236932139,25,1
543.474358974359,391.5,-58.5783708676191,44,1
544.75,392.952380952381,-48.0902247020399,30,1
545.546511627907,393.872093023256,-43.2007384147549,20,1
546.975,395.5125,-49.281347570441,36,1
547.960526315789,396.644736842105,-57.3817066908563,22,1
549.506666666667,398.746666666667,-56.4096707395146,41,1
551.028985507246,400.536231884058,-44.6214021187779,36,1
552.064516129032,401.564516129032,-34.3093684327116,17,1
553.522388059701,402.746268656716,-37.8624817216384,33,1
553.857142857143,402.9,-37.2481312175791,15,1
555.619718309859,403.577464788732,-28.2914988163781,27,1
558.349206349206,404.68253968254,-16.3400336460301,36,1
559.698412698413,404.539682539683,-15.8524450148632,20,1
561.639344262295,404.803278688525,-19.5910726084078,28,1
562.290322580645,404.838709677419,-20.0138990882039,13,1
564.21875,405.03125,-9.53227371566614,26,1
566.424242424242,404.878787878788,-6.24111131434096,36,1
567.754098360656,405,-8.16235463866706,17,1
569.703125,404.828125,-13.3403280701978,27,1
570.484375,405.078125,-10.7203116235124,14,1
572.032258064516,405.064516129032,-5.56113327382637,22,1
574.9,404.983333333333,-9.77114500448789,36,1
575.603448275862,404.827586206897,-10.9716004947694,10,1
NaN,NaN,NaN,58,1
427.404255319149,238.914893617021,21.865053918998,NaN,2
427.462365591398,238.913978494624,22.301580148015,7,2
427.40206185567,238.855670103093,22.8735335835085,4,2
427.416666666667,238.979166666667,21.7720983362772,3,2
427.333333333333,238.958333333333,21.7356840429824,4,2
427.443298969072,238.824742268041,24.0051275973868,9,2
427.252631578947,239.042105263158,21.6193916054545,8,2
427.484536082474,238.876288659794,22.3902550428901,6,2
427.451612903226,239,21.7610793764405,8,2
427.5,238.904255319149,23.5493255118981,5,2
427.347368421053,238.842105263158,20.6363455395465,9,2
427.40206185567,238.80412371134,21.1301698854753,4,2
427.467391304348,238.945652173913,20.67873458646,7,2
427.270833333333,238.979166666667,21.8048263544153,4,2
427.408602150538,238.881720430108,21.2923042087258,5,2
427.166666666667,239.010416666667,22.1577775404575,7,2
427.21,238.86,22.4945605353331,6,2
427.393617021277,238.851063829787,19.7163574538155,8,2
427.260416666667,238.90625,19.1519048715968,6,2
427.265957446808,238.946808510638,19.1316583157747,2,2
427.389473684211,238.8,19.6304572292702,5,2
427.258064516129,238.860215053763,18.300829998383,8,2
426.978723404255,239.053191489362,19.7407120501911,7,2
427.376344086022,238.806451612903,18.228688023187,7,2
427.315217391304,238.891304347826,18.658896484967,5,2
427.152173913043,238.95652173913,17.3500127955015,8,2
427.184782608696,238.858695652174,16.5945588686031,4,2
427.10752688172,238.94623655914,17.4681456594623,3,2
426.845360824742,239.010309278351,16.3865471884216,6,2
427.061855670103,238.80412371134,17.2201492150449,6,2
426.914893617021,238.914893617021,16.3843459823726,5,2
426.915789473684,238.936842105263,16.9881228101102,5,2
427.276595744681,238.691489361702,15.7804740508517,7,2
427.010416666667,238.78125,13.5507489275819,6,2
426.989583333333,238.78125,13.6844596363034,2,2
426.927835051546,238.79381443299,13.7130963119036,5,2
426.857142857143,238.857142857143,13.577664042801,5,2
426.64,238.86,13.1948533294488,4,2
427,238.734693877551,15.2512804801719,10,2
426.85,238.93,14.1903099833705,8,2
427.094736842105,238.694736842105,14.2325667211337,15,2
427.129032258065,238.741935483871,12.8036051918772,8,2
427.307692307692,238.681318681319,11.4844773631277,10,2
426.916666666667,238.71875,11.5389577506034,7,2
426.978947368421,238.726315789474,11.7882085671792,3,2
427.195652173913,238.641304347826,11.0642023902581,5,2
427.301075268817,238.591397849462,11.3139047149106,3,2
427.221052631579,238.494736842105,10.8945391502392,4,2
427.061855670103,238.536082474227,12.6111033777397,4,2
427.285714285714,238.34693877551,12.5286082796229,5,2
427.214285714286,238.459183673469,13.3291661161534,4,2
427.191489361702,238.606382978723,11.1278810597511,8,2
427.151515151515,238.606060606061,12.2998029131284,5,2
427.09375,238.541666666667,11.2161582972337,5,2
427.114583333333,238.541666666667,11.4885617807105,2,2
426.989583333333,238.708333333333,10.8130530733458,4,2
427.021052631579,238.673684210526,10.3877964418206,1,2
427.042553191489,238.63829787234,10.0513889163791,1,2
426.989473684211,238.694736842105,10.6926071115461,3,2
427.127659574468,238.595744680851,11.0188218270922,3,2
427.170212765957,238.670212765957,9.6971902574213,2,2
427.052631578947,238.589473684211,10.3931513344179,3,2
427.276595744681,238.702127659574,9.56225500602174,5,2
427.297872340426,238.585106382979,11.9363555888954,4,2
427.085106382979,238.68085106383,10.85300582397,4,2
427.157894736842,238.694736842105,10.1109158014067,1,2
427.072916666667,238.697916666667,9.73005579579538,1,2
427.073684210526,238.589473684211,8.39438834993785,5,2
427.21875,238.6875,8.6322518865152,5,2
427.239130434783,238.695652173913,9.65318091312264,4,2
427.260869565217,238.684782608696,9.95917048954261,2,2
427.258064516129,238.698924731183,9.29084175927447,3,2
427.294736842105,238.757894736842,8.59655318505909,4,2
427.127659574468,238.691489361702,9.86339845431212,5,2
427.10752688172,238.645161290323,10.5017779813593,3,2
427.185567010309,238.690721649485,7.11655698717623,8,2
427.2,238.684210526316,8.39646152979664,4,2
427.21,238.65,8.94647344100617,7,2
427.553191489362,238.531914893617,9.1326321186971,8,2
427.247311827957,238.623655913978,8.93411057384071,5,2
427.315789473684,238.673684210526,9.63999469324332,4,2
427.265957446808,238.712765957447,9.62505438768265,3,2
427.258064516129,238.634408602151,9.3857730545191,3,2
427.446808510638,238.670212765957,7.59764266604213,3,2
427.333333333333,238.729166666667,8.43597700838442,2,2
427.229166666667,238.708333333333,7.99486283816339,4,2
427.276595744681,238.734042553192,8.86080444894421,4,2
427.421052631579,238.705263157895,8.00637258951567,3,2
427.427083333333,238.75,10.0996939346543,5,2
427.484210526316,238.747368421053,9.49089291541606,3,2
427.791208791209,238.659340659341,7.94748954063197,6,2
427.554347826087,238.70652173913,7.70823669639083,5,2
427.7,238.622222222222,6.28976995426337,4,2
427.655555555556,238.566666666667,8.81230320037515,4,2
427.747252747253,238.549450549451,8.41502532429496,5,2
427.75,238.630434782609,7.357482532303,5,2
427.835164835165,238.626373626374,7.6473079325434,1,2
427.827956989247,238.623655913978,7.2417590829893,2,2
427.847826086957,238.619565217391,8.83576530376738,3,2
428,238.595744680851,8.84495803459333,2,2
427.869565217391,238.652173913043,7.81675933549798,2,2
427.882978723404,238.585106382979,8.08729011335174,2,2
427.810526315789,238.578947368421,7.57148472333587,1,2
427.902173913043,238.597826086957,6.64739452495013,3,2
427.882978723404,238.585106382979,8.08729011335174,2,2
428.04347826087,238.586956521739,9.33034228737669,4,2
427.602040816327,238.65306122449,9.74666734433326,8,2
427.947368421053,238.610526315789,7.6423868445966,7,2
427.810526315789,238.578947368421,8.35262640851484,4,2
427.763440860215,238.666666666667,7.81339187657919,4,2
427.849462365591,238.612903225806,7.53725341345797,2,2
427.691489361702,238.585106382979,6.79412265386186,3,2
427.858695652174,238.489130434783,8.00220977576068,4,2
427.763440860215,238.52688172043,8.25315413520651,3,2
427.838709677419,238.537634408602,7.37940519415983,2,2
428.042553191489,238.5,6.70918656579879,3,2
428.075268817204,238.440860215054,6.57588373633055,5,2
428.10101010101,238.343434343434,3.01134810972387,18,2
427.89010989011,238.648351648352,-20.2887191211736,34,2
428.175824175824,238.67032967033,-46.1279184112333,25,2
429.159090909091,239.636363636364,-47.877614096417,36,2
430.191011235955,240.52808988764,-48.2087744922821,25,2
431.705882352941,241.852941176471,-32.842563958309,43,2
433.603603603604,243.099099099099,-21.8491347907148,63,2
435.978947368421,244.178947368421,-24.3967848929808,42,2
438.40404040404,245.585858585859,-26.1438762142369,56,2
440.23,246.29,-26.5969483095582,33,2
442.875,247.145833333333,-2.57462968911185,56,2
445.453608247423,247.742268041237,5.64672373112167,65,2
447.082474226804,247.659793814433,-0.523988323003242,36,2
451.088888888889,247.422222222222,-12.5656799070473,67,2
452.531914893617,247.744680851064,-11.2168071480337,30,2
455.576086956522,248.130434782609,6.81826416493944,54,2
457.858585858586,248.030303030303,2.26616333900273,43,2
459.977777777778,247.644444444444,-7.50598134151001,39,2
463.553191489362,247.81914893617,-10.5780107183735,50,2
464.533333333333,247.647619047619,-13.1733538983413,31,2
467.776699029126,247.961165048544,6.54225688464009,64,2
470.542056074766,247.897196261682,-3.03223647706242,58,2
472.707070707071,248.141414141414,-18.3848729232923,36,2
475.257142857143,248.428571428571,-16.1879545999519,58,2
476.317757009346,248.654205607477,-10.7316988997871,22,2
479.365384615385,248.817307692308,2.0557475166286,59,2
482.11320754717,249.066037735849,-9.26783196531441,48,2
483.611650485437,249.184466019417,-11.6100928359135,27,2
486.857142857143,249.895238095238,-9.92072581772673,54,2
488.245098039216,250.019607843137,-5.26986032243313,29,2
491.085714285714,250.190476190476,-2.10563088076752,51,2
494.091836734694,250.34693877551,-19.0800424140404,51,2
495.494949494949,250.69696969697,-15.7233329045107,25,2
498.020618556701,251.041237113402,-8.29307396602518,46,2
499.381443298969,251.20618556701,-3.04598675066065,22,2
502.49,251.35,-4.18172794223033,55,2
505.63,251.99,-26.9601145780303,56,2
507.123711340206,252.463917525773,-25.7431261590674,29,2
510.061224489796,253.367346938776,-14.8999499006686,53,2
511.158415841584,253.80198019802,-12.1710557382654,27,2
514.196078431373,254.647058823529,-10.1869207476797,53,2
516.794117647059,255.421568627451,-21.1005848024736,46,2
518.217821782178,256.158415841584,-20.3336127332307,29,2
521.326315789474,257.294736842105,-11.457559731467,52,2
522.360824742268,257.536082474227,-7.67118534269435,20,2
525.17,258.26,-8.1280815449311,45,2
528,259.020618556701,-15.9464822293516,49,2
529.323232323232,259.444444444444,-12.00227157596,30,2
532.287234042553,260.053191489362,-3.86022112668636,47,2
533.18,260.35,-4.28571149984066,30,2
536.41052631579,260.547368421053,-5.81852611138295,55,2
539.019801980198,261.059405940594,-13.4813062499088,48,2
540.6,261.378947368421,-12.8505582923764,28,2
543.768421052632,262.178947368421,-5.63658723831417,52,2
544.615384615385,262.394230769231,-2.74032045008969,25,2
547.553191489362,262.670212765957,-2.61984658592158,48,2
550.336734693878,263.030612244898,-12.4292642377664,50,2
551.424242424242,263.333333333333,-14.043076369584,25,2
554.755319148936,263.978723404255,-10.0307741745345,55,2
555.510204081633,264.244897959184,-8.20601713269012,24,2
558.510638297872,264.81914893617,-5.13912249266242,48,2
561.063157894737,265.263157894737,-10.8006911881236,47,2
562.868131868132,265.428571428571,-17.1505101429634,30,2
564.663043478261,266.152173913043,-10.7209044876016,41,2
566.282608695652,266.423913043478,-10.2755296502451,22,2
568.816326530612,267,-2.83573471604556,44,2
571.648936170213,267.606382978723,-6.2225173377382,50,2
572.705263157895,267.757894736842,-12.5954038403229,21,2
575.13829787234,268.617021276596,-17.8419981439394,55,2
576.347368421053,268.810526315789,-16.9089108728112,19,2
578.851063829787,269.617021276596,-8.16360421759968,45,2
581.655913978495,270.279569892473,-10.8153691157737,47,2
583.186813186813,270.736263736264,-15.6295618255923,32,2
585.806818181818,271.204545454545,-21.8041611814159,51,2
586.945054945055,272.032967032967,-22.0453097754004,25,2
589.225806451613,273.064516129032,-16.6707508124143,46,2
591.808988764045,274.134831460674,-14.328514868327,48,2
592.559139784946,274.709677419355,-18.4611215059413,22,2
595.788888888889,275.922222222222,-29.8165254793989,51,2
596.340206185567,276.329896907216,-26.8535728007259,21,2
598.915789473684,277.631578947368,-17.384183064012,48,2
601.2,278.547368421053,-12.2234804950407,46,2
602.380434782609,279.054347826087,-15.9184977361156,23,2
604.525252525253,280.050505050505,-23.9320610317579,43,2
606.011235955056,280.831460674157,-23.8052331879612,28,2
608.244897959184,281.734693877551,-20.6963714047704,39,2
610.61,282.74,-14.2380310488478,46,2
611.752577319588,283.051546391753,-15.4578913967039,19,2
614.464646464646,284.121212121212,-29.1326588756222,44,2
615.782608695652,284.652173913043,-26.3080733603466,27,2
618.369565217391,285.826086956522,-25.7719496526008,48,2
620.19587628866,286.60824742268,-19.6792168554648,35,2
621.760416666667,287.21875,-14.0340811074335,21,2
624.02,288.01,-21.6711141579788,42,2
625.148936170213,288.553191489362,-24.4166131040999,26,2
627.784946236559,289.569892473118,-30.406485025853,47,2
629.576086956522,290.260869565217,-22.5766948378943,37,2
630.831578947368,290.778947368421,-19.6007374020291,23,2
633.555555555556,291.488888888889,-13.8902241641055,39,2
634.833333333333,292.34375,-21.8461420512752,30,2
637.076923076923,293.318681318681,-30.8307135082983,47,2
639.505376344086,294.731182795699,-28.9515111211938,42,2
640.795698924731,295.193548387097,-23.1435004601517,20,2
643.043010752688,296.741935483871,-18.4819364447091,50,2
643.572916666667,296.791666666667,-17.0248162754407,15,2
645.860215053763,297.827956989247,-24.0678626551391,41,2
648.552941176471,299.258823529412,-31.7983849720078,48,2
649.317647058824,299.435294117647,-29.8382904362747,20,2
651.606741573034,300.831460674157,-22.7783071647731,40,2
652.385542168675,301.240963855422,-19.5121400553071,20,2
654.522222222222,302.355555555556,-22.7912472294,31,2
656.909090909091,303.480519480519,-30.5975861280814,45,2
658.276315789474,304.434210526316,-30.8063722508352,25,2
660.594202898551,305.536231884058,-27.1519162630603,35,2
661.506666666667,306.16,-24.2667454508098,16,2
664,307.277777777778,-20.1967063943955,39,2
666.128205128205,308.551282051282,-26.1250458582652,36,2
667.112676056338,309.070422535211,-25.6489718797815,19,2
668.626666666667,310.466666666667,-39.0861057443851,38,2
669.050632911392,311.012658227848,-41.8907433975231,12,2
669.878048780488,311.963414634146,-44.3338821682517,19,2
670.225,313.2125,-47.0640529843946,28,2
670.719512195122,313.768292682927,-49.0844934047392,12,2
671.204819277108,315,-57.4917829934084,27,2
671.4625,315.7125,-59.3191504072721,17,2
672.065789473684,317.394736842105,-65.097828019368,26,2
672,318.617283950617,-59.938977259197,27,2
672,319.202380952381,-62.6446626787916,15,2
671.928571428571,320.107142857143,-65.932553210855,22,2
671.905882352941,320.611764705882,-70.0477200897267,15,2
672,321.707317073171,-77.6654205906395,25,2
672.078947368421,323.5,-82.9929477746654,28,2
NaN,NaN,NaN,76,2
358.952941176471,254.905882352941,68.6870586421513,NaN,3
359,254.906976744186,68.5088274745671,1,3
358.96511627907,254.96511627907,67.9354180372041,2,3
359.103448275862,254.816091954023,68.8426647420905,5,3
359.151162790698,254.744186046512,69.2577400152205,1,3
359.116279069767,254.895348837209,68.1825471217683,2,3
359.25,254.678571428571,69.7201948090683,2,3
359.235294117647,254.764705882353,70.0887596755796,1,3
359.297619047619,254.738095238095,71.1608862967084,3,3
359.367816091954,254.793103448276,70.8094311496946,7,3
359.494252873563,254.528735632184,68.4863761550113,14,3
359.55421686747,254.325301204819,69.4872617715863,6,3
359.963855421687,253.963855421687,74.8923798779165,22,3
360.354166666667,254.416666666667,77.0122176437919,25,3
357.821705426357,256.193798449612,36.7185252664434,47,3
357.875,256.157894736842,38.9717126009035,65,3
358.630573248408,255.802547770701,44.7437899768503,33,3
362.111111111111,252.919191919192,10.0235898163873,96,3
363.19,252.94,22.349204825848,43,3
364.488888888889,252.344444444444,31.7853557942518,26,3
367.279069767442,250.53488372093,49.2854498115653,54,3
368.231707317073,249.963414634146,43.0104496002698,22,3
369.623655913978,248.731182795699,39.9079737501903,39,3
371.45,247.3,74.7373716769412,45,3
371.641975308642,246.654320987654,79.7344512360464,17,3
372.241379310345,244.793103448276,83.6846188212989,36,3
372.532608695652,243.565217391304,80.903074722386,29,3
373.322916666667,241.604166666667,73.0816690572197,38,3
373.901960784314,240.058823529412,75.7080657713592,42,3
374.30303030303,238.79797979798,85.796415003394,31,3
374.510638297872,236.553191489362,-84.8236453205845,41,3
374.536842105263,235.178947368421,-83.7218151103355,19,3
374.666666666667,232.462365591398,87.9070095255193,48,3
374.732558139535,230.162790697674,88.371852276577,41,3
374.909090909091,228.467532467532,-79.290912745444,21,3
374.691358024691,226.592592592593,-73.1696658996196,28,3
374.386363636364,225.204545454545,-77.0393788086558,23,3
374.279069767442,222.593023255814,-82.1734714354634,42,3
373.850574712644,220.448275862069,-83.4280508842632,35,3
373.720930232558,219.197674418605,-74.7015435978385,21,3
373.321428571429,217.488095238095,-67.8286286936386,30,3
372.916666666667,216.595238095238,-69.1172067850658,18,3
372.6,214.447058823529,-75.1029959180305,39,3
372.337662337662,211.961038961039,-85.1482122232111,42,3
372.134146341463,210.987804878049,-81.0165966118054,17,3
371.867469879518,209.590361445783,-78.1113277876552,35,3
371.710843373494,208.240963855422,-78.2591831588574,20,3
371.670731707317,205.792682926829,-88.7422167657073,43,3
371.546511627907,203.593023255814,88.7782493024944,36,3
371.548780487805,202.743902439024,-88.6286000748591,18,3
371.5,200.988095238095,-82.7441181249197,31,3
371.355555555556,199.755555555556,-78.0059026352256,27,3
371.409090909091,197.568181818182,-83.4326808790333,36,3
371.322222222222,194.922222222222,85.1207650804457,42,3
371.36170212766,193.691489361702,87.2321878254787,20,3
371.402173913043,191.804347826087,-86.7228517332993,34,3
371.388888888889,190.555555555556,-82.8105675191874,26,3
371.406593406593,187.989010989011,-82.3526545495208,41,3
371.202247191011,184.910112359551,87.8235053917086,44,3
371.173913043478,184.152173913043,87.4555312537483,13,3
371.252747252747,182.10989010989,88.4932675902136,33,3
371.127906976744,180.976744186047,-86.1844361463839,19,3
371.364705882353,178.211764705882,-79.6589612580604,37,3
371.067415730337,175.977528089888,-85.8831323642394,36,3
370.792207792208,174.623376623377,87.3991716433004,18,3
370.67816091954,172.195402298851,-89.4710334799333,34,3
370.651162790698,170.918604651163,-86.9658262362711,21,3
370.287356321839,168.988505747126,-81.0867364009601,33,3
370.168674698795,166.481927710843,-78.743842272644,38,3
370.158536585366,165.231707317073,-82.7312537909536,21,3
369.78313253012,162.915662650602,-86.6764606063456,35,3
369.642857142857,161.214285714286,-86.5126266207901,25,3
369.276595744681,159.734042553192,-76.716194334496,22,3
368.909090909091,157.5,-68.9020055646136,38,3
368.847058823529,157.023529411765,-67.7095486418505,15,3
367.952380952381,154,-74.5540373288715,43,3
367.609195402299,152.896551724138,-76.0189162151778,21,3
366.845238095238,150.916666666667,-72.9794601987606,33,3
366.232558139535,148.96511627907,-65.3794436567341,32,3
365.858823529412,148.141176470588,-64.0991978838055,23,3
364.903614457831,145.481927710843,-66.0329580520393,42,3
364.654320987654,144.432098765432,-70.6110061392345,18,3
363.351351351351,141.77027027027,-77.0698756561261,43,3
362.712328767123,139.671232876712,-67.1044694018933,33,3
362.133333333333,138.906666666667,-62.1945866744631,20,3
361.5375,137.3625,-59.7932043239301,35,3
361.1875,136.5,-61.7496922569842,20,3
359.974358974359,133.871794871795,-68.6425340924976,40,3
358.958333333333,131.125,-74.1822642132356,38,3
358.605263157895,130.697368421053,-69.6823173357261,12,3
357.727272727273,128.896103896104,-65.4702135280976,31,3
357.536585365854,127.939024390244,-66.3540942068672,17,3
356.892857142857,126.202380952381,-68.1660091151977,36,3
356.269230769231,123.679487179487,-77.3971496743216,36,3
356.026315789474,123.105263157895,-76.2661073937526,18,3
355.352112676056,120.450704225352,-75.0537555025123,39,3
355.073170731707,119.475609756098,-72.6468679010518,15,3
354.658227848101,117.620253164557,-68.7521805708078,29,3
354.26582278481,115.79746835443,-67.1017310163958,40,3
353.845070422535,114.619718309859,-72.3843248608764,16,3
353.411764705882,112.558823529412,-77.5326490288542,35,3
353.194444444444,111,-81.7649112046663,22,3
352.319444444444,108.819444444444,-73.0453465490414,34,3
351.684931506849,106.575342465753,-67.1090740595362,31,3
351.472972972973,105.391891891892,-68.3231574944534,19,3
350.567164179104,102.328358208955,-80.0663635054025,45,3
350.417910447761,101.373134328358,-86.0770228365952,18,3
349.885714285714,99.4428571428571,-75.2493272571612,33,3
NaN,NaN,NaN,70,3
NaN,NaN,NaN,0,3
NaN,NaN,NaN,0,3
NaN,NaN,NaN,0,3
NaN,NaN,NaN,0,3
NaN,NaN,NaN,0,3
NaN,NaN,NaN,0,3
NaN,NaN,NaN,0,3
NaN,NaN,NaN,0,3
NaN,NaN,NaN,0,3
NaN,NaN,NaN,0,3
NaN,NaN,NaN,0,3
NaN,NaN,NaN,0,3
NaN,NaN,NaN,0,3
NaN,NaN,NaN,0,3
NaN,NaN,NaN,0,3
NaN,NaN,NaN,0,3
NaN,NaN,NaN,0,3
NaN,NaN,NaN,0,3
NaN,NaN,NaN,0,3
NaN,NaN,NaN,0,3
NaN,NaN,NaN,0,3
NaN,NaN,NaN,0,3
NaN,NaN,NaN,0,3
NaN,NaN,NaN,0,3
NaN,NaN,NaN,0,3
NaN,NaN,NaN,0,3
NaN,NaN,NaN,0,3
NaN,NaN,NaN,0,3
NaN,NaN,NaN,0,3
NaN,NaN,NaN,0,3
NaN,NaN,NaN,0,3
NaN,NaN,NaN,0,3
NaN,NaN,NaN,0,3
NaN,NaN,NaN,0,3
NaN,NaN,NaN,0,3
NaN,NaN,NaN,0,3
NaN,NaN,NaN,0,3
NaN,NaN,NaN,0,3
