445.251798561151,239.151079136691,61.9276380668254,NaN,1
445.230215827338,239.165467625899,61.7122824625642,8,1
445.303448275862,238.944827586207,61.6236434293486,6,1
445.241134751773,239.148936170213,61.8081045283468,6,1
445.242857142857,239.007142857143,62.2420083247828,7,1
445.290780141844,238.992907801418,62.5277271108973,9,1
445.231884057971,239.144927536232,61.5154756233085,11,1
445.225352112676,239.211267605634,61.4851315987083,6,1
445.187050359712,239.086330935252,61.8112274291907,9,1
445.282608695652,239.094202898551,62.2083041785632,5,1
445.241134751773,239.156028368794,61.8520286111697,5,1
445.218309859155,239.154929577465,62.0368496774904,7,1
445.218309859155,239.070422535211,61.5586039114074,6,1
445.6875,238.527777777778,61.2783389951809,20,1
446.331034482759,237.841379310345,53.7995988314293,45,1
446.802631578947,237.677631578947,45.1908404965254,35,1
449.609589041096,235.287671232877,41.539677934648,96,1
453.035714285714,231.35,68.8600822818325,108,1
454.514705882353,229.345588235294,61.5968726106276,52,1
457.2109375,225.65625,47.6680396153243,96,1
459.058441558442,223.077922077922,49.9715551952388,74,1
463.230769230769,217.530769230769,73.1420005315409,120,1
465.418604651163,212.581395348837,80.1564282091522,99,1
466.01652892562,210.743801652893,74.9897669853286,34,1
467.3,206.616666666667,67.0410011341879,83,1
468.179104477612,203.746268656716,69.3779213810648,54,1
469.432835820896,200.014925373134,73.8323340203934,70,1
471.12,195.04,75.7920237113781,79,1
471.7,193.883333333333,66.6672599156808,25,1
473.022058823529,191.036764705882,60.1483602570221,62,1
473.904109589041,189.08904109589,59.5879284477947,42,1
476.014598540146,185.795620437956,63.4786822551392,71,1
477.766423357664,182.620437956204,70.0038959565828,60,1
478.847328244275,180.931297709924,66.1576482716531,36,1
480.383458646617,178.676691729323,59.3214697812644,52,1
481.442176870748,176.639455782313,57.8753864825049,46,1
483.347222222222,173.5625,58.8022053429192,67,1
485.5,170.442028985507,71.6934227724982,72,1
486.538461538462,169.138461538462,76.6525109925463,32,1
487.820895522388,166.149253731343,73.2901688922025,60,1
488.407142857143,164.85,71.369697391754,32,1
489.514084507042,162.37323943662,68.8950486221908,56,1
490.736434108527,158.93023255814,75.7563406320335,61,1
491.336,157.504,82.6347821226884,32,1
491.983050847458,154.694915254237,86.9927347405238,51,1
492.403225806452,152.758064516129,84.7613309281568,36,1
492.984615384615,150.207692307692,73.6326191204122,50,1
493.648854961832,147.312977099237,70.6934949575561,57,1
494.1640625,145.828125,73.6385054228027,31,1
494.96694214876,142.776859504132,84.6396697679421,59,1
495.241935483871,141.258064516129,87.0759502085132,31,1
496.022900763359,138.610687022901,80.9714547569482,51,1
496.666666666667,136.550724637681,74.7368886444079,43,1
497.015151515152,135.44696969697,72.1192959641486,28,1
497.96875,132.4375,71.1470163503481,54,1
498.49593495935,130.317073170732,76.9518347204584,39,1
499.229508196721,128.090163934426,85.1400464963942,53,1
499.968503937008,125.708661417323,83.9250496434038,49,1
500.368,124.784,79.3271190781162,22,1
500.81512605042,122.403361344538,72.7615523180643,46,1
501.159090909091,120.856060606061,73.2131318766321,31,1
501.643410852713,118.426356589147,75.7749398158895,49,1
502.354330708661,115.535433070866,85.588028380536,54,1
502.76,114.088,86.8021002195966,24,1
503.396825396825,111.650793650794,85.3366157540647,51,1
503.692307692308,110.546153846154,83.0598332381992,26,1
504.293650793651,107.65873015873,77.8849665356331,58,1
504.680327868852,104.754098360656,77.9387977912355,54,1
504.925619834711,103.165289256198,82.8329842220442,31,1
505.418803418803,100.837606837607,-89.9590335813507,46,1
505.708333333333,98.7166666666667,-85.7588336366576,39,1
506.150793650794,96.4206349206349,-89.4047676532656,46,1
506.452380952381,93.7539682539683,83.8373437754659,56,1
506.450819672131,92.7213114754098,82.020829023514,22,1
506.714285714286,89.7301587301587,81.8515137879951,58,1
506.922480620155,88.4496124031008,84.7973286798461,31,1
507.209677419355,86.5483870967742,-88.3359926131156,39,1
507.420634920635,86.3888888888889,-87.3417710465842,22,1
507.609375,86.1953125,-88.9424189471035,20,1
508.111111111111,85.962962962963,84.3107057537731,45,1
508.416666666667,85.719696969697,82.5110801848311,25,1
508.829457364341,85.7984496124031,78.8319148493699,37,1
509.015748031496,85.8897637795276,77.851691436235,30,1
509.2,85.544,77.0150352720416,14,1
509.2890625,85.34375,74.8397711927765,19,1
509.307692307692,85.5615384615385,74.4799332524005,8,1
509.906779661017,84.7796610169491,77.1844446696996,26,1
510.120689655172,84.7155172413793,79.8002137413429,16,1
510.139130434783,84.6173913043478,79.690013241181,9,1
510.136752136752,85.1965811965812,77.5307814315477,16,1
510.14406779661,85.4661016949153,77.1845454185785,7,1
509.983333333333,86.0416666666667,76.1356062142113,16,1
510.405172413793,85.6724137931034,76.2556749085973,20,1
510.478632478633,85.8632478632479,76.640882031181,11,1
510.55737704918,86.0819672131148,78.7872850213726,17,1
510.683760683761,85.7606837606838,80.5911822692436,7,1
NaN,NaN,NaN,117,1
427.553299492386,248.670050761421,5.2136157250556,NaN,2
427.259067357513,248.59067357513,4.63576153343516,16,2
427.446153846154,248.574358974359,5.04878852615125,16,2
427.528497409326,248.621761658031,5.22236789297865,14,2
427.05612244898,248.561224489796,5.13482497931796,15,2
427.121693121693,248.656084656085,5.36862851082872,11,2
427.230366492147,248.55497382199,5.22907766933441,10,2
427.142857142857,248.397959183673,4.49337272604923,11,2
427.408163265306,248.474489795918,4.64936175846077,12,2
427.288659793814,248.458762886598,4.62882914980368,12,2
427.530303030303,248.454545454545,4.45951441221264,12,2
427.430769230769,248.266666666667,4.60738440016238,15,2
427.517766497462,248.319796954315,4.35623521428699,4,2
427.243523316062,248.341968911917,4.37788915660903,6,2
427.086294416244,248.360406091371,4.80747071525275,10,2
427.492385786802,248.294416243655,4.17455717104021,10,2
427.5,248.24,4.55916037179388,11,2
427.346534653465,248.331683168317,4.33433076127632,8,2
427.365979381443,248.335051546392,3.94825488763985,12,2
427.767326732673,248.178217821782,3.7444794208935,14,2
427.67,248.155,3.79944704912783,6,2
427.543147208122,248.172588832487,3.64650957420304,7,2
427.88,248.075,3.16013532663351,9,2
427.804020100502,248.095477386935,3.04974172515654,7,2
428.025125628141,248.065326633166,3.90828684956709,10,2
428.18407960199,248.064676616915,4.25920457577412,10,2
428,248.13,2.85957299530232,17,2
427.813471502591,248.113989637306,2.77229700378784,15,2
427.069892473118,248.236559139785,3.25609316731997,17,2
426.54748603352,248.324022346369,2.43825432981988,13,2
426.122807017544,248.345029239766,1.76163745790609,12,2
426.011976047904,248.275449101796,1.51459894664922,8,2
426.152941176471,248.405882352941,1.09212444997036,9,2
425.897590361446,248.367469879518,0.551554326150324,12,2
425.88622754491,248.311377245509,0.819797285723961,5,2
426.218934911243,248.295857988166,0.0529921211823501,12,2
425.994011976048,248.353293413174,-1.138705317559,18,2
425.80625,248.325,-5.59853871595674,41,2
425.055118110236,248.023622047244,-52.9192537561551,97,2
424.798245614035,246.921052631579,-79.7426382862774,55,2
423.875,242.6171875,-76.1883506316819,78,2
422.904761904762,239.830687830688,-58.1759129118348,97,2
421.26282051282,236.717948717949,-29.2047549037871,75,2
418.073825503356,234.395973154362,-37.1245390536511,101,2
415.415492957746,232.56338028169,-58.8444342648198,65,2
412.69465648855,228.801526717557,-69.1828388392288,93,2
410.606299212598,225.070866141732,-65.1241624448471,70,2
409.578125,223.3984375,-59.2173946768854,33,2
407.934959349593,220.756097560976,-52.5430157924992,59,2
407.031496062992,219.433070866142,-49.4554390007544,32,2
405.504672897196,217.485981308411,-46.0841438041636,50,2
403.811111111111,215.844444444444,-46.4229790131331,29,2
403.259259259259,215.469135802469,-48.784958572874,15,2
401.707692307692,214.092307692308,-58.1822565346049,24,2
401.277777777778,213.87037037037,-64.704227869935,13,2
401.179487179487,213.358974358974,-73.1441959042618,15,2
NaN,NaN,NaN,39,2
NaN,NaN,NaN,0,2
NaN,NaN,NaN,0,2
NaN,NaN,NaN,0,2
NaN,NaN,NaN,0,2
NaN,NaN,NaN,0,2
NaN,NaN,NaN,0,2
NaN,NaN,NaN,0,2
NaN,NaN,NaN,0,2
NaN,NaN,NaN,0,2
NaN,NaN,NaN,0,2
NaN,NaN,NaN,0,2
NaN,NaN,NaN,0,2
NaN,NaN,NaN,0,2
NaN,NaN,NaN,0,2
NaN,NaN,NaN,0,2
NaN,NaN,NaN,0,2
NaN,NaN,NaN,0,2
NaN,NaN,NaN,0,2
NaN,NaN,NaN,0,2
NaN,NaN,NaN,0,2
NaN,NaN,NaN,0,2
NaN,NaN,NaN,0,2
NaN,NaN,NaN,0,2
NaN,NaN,NaN,0,2
NaN,NaN,NaN,0,2
NaN,NaN,NaN,0,2
NaN,NaN,NaN,0,2
NaN,NaN,NaN,0,2
NaN,NaN,NaN,0,2
NaN,NaN,NaN,0,2
NaN,NaN,NaN,0,2
NaN,NaN,NaN,0,2
NaN,NaN,NaN,0,2
NaN,NaN,NaN,0,2
NaN,NaN,NaN,0,2
NaN,NaN,NaN,0,2
NaN,NaN,NaN,0,2
NaN,NaN,NaN,0,2
NaN,NaN,NaN,0,2
NaN,NaN,NaN,0,2
NaN,NaN,NaN,0,2
NaN,NaN,NaN,0,2
NaN,NaN,NaN,0,2
NaN,NaN,NaN,0,2
NaN,NaN,NaN,0,2
NaN,NaN,NaN,0,2
NaN,NaN,NaN,0,2
NaN,NaN,NaN,0,2
NaN,NaN,NaN,0,2
NaN,NaN,NaN,0,2
NaN,NaN,NaN,0,2
NaN,NaN,NaN,0,2
NaN,NaN,NaN,0,2
NaN,NaN,NaN,0,2
NaN,NaN,NaN,0,2
NaN,NaN,NaN,0,2
NaN,NaN,NaN,0,2
NaN,NaN,NaN,0,2
NaN,NaN,NaN,0,2
NaN,NaN,NaN,0,2
NaN,NaN,NaN,0,2
NaN,NaN,NaN,0,2
NaN,NaN,NaN,0,2
NaN,NaN,NaN,0,2
NaN,NaN,NaN,0,2
NaN,NaN,NaN,0,2
NaN,NaN,NaN,0,2
NaN,NaN,NaN,0,2
NaN,NaN,NaN,0,2
NaN,NaN,NaN,0,2
NaN,NaN,NaN,0,2
NaN,NaN,NaN,0,2
NaN,NaN,NaN,0,2
NaN,NaN,NaN,0,2
NaN,NaN,NaN,0,2
NaN,NaN,NaN,0,2
NaN,NaN,NaN,0,2
NaN,NaN,NaN,0,2
NaN,NaN,NaN,0,2
NaN,NaN,NaN,0,2
NaN,NaN,NaN,0,2
NaN,NaN,NaN,0,2
NaN,NaN,NaN,0,2
NaN,NaN,NaN,0,2
NaN,NaN,NaN,0,2
NaN,NaN,NaN,0,2
NaN,NaN,NaN,0,2
NaN,NaN,NaN,0,2
NaN,NaN,NaN,0,2
NaN,NaN,NaN,0,2
NaN,NaN,NaN,0,2
NaN,NaN,NaN,0,2
NaN,NaN,NaN,0,2
NaN,NaN,NaN,0,2
NaN,NaN,NaN,0,2
NaN,NaN,NaN,0,2
NaN,NaN,NaN,0,2
NaN,NaN,NaN,0,2
NaN,NaN,NaN,0,2
NaN,NaN,NaN,0,2
NaN,NaN,NaN,0,2
NaN,NaN,NaN,0,2
NaN,NaN,NaN,0,2
NaN,NaN,NaN,0,2
NaN,NaN,NaN,0,2
NaN,NaN,NaN,0,2
NaN,NaN,NaN,0,2
NaN,NaN,NaN,0,2
NaN,NaN,NaN,0,2
NaN,NaN,NaN,0,2
NaN,NaN,NaN,0,2
NaN,NaN,NaN,0,2
NaN,NaN,NaN,0,2
NaN,NaN,NaN,0,2
NaN,NaN,NaN,0,2
NaN,NaN,NaN,0,2
NaN,NaN,NaN,0,2
NaN,NaN,NaN,0,2
NaN,NaN,NaN,0,2
NaN,NaN,NaN,0,2
NaN,NaN,NaN,0,2
NaN,NaN,NaN,0,2
NaN,NaN,NaN,0,2
NaN,NaN,NaN,0,2
NaN,NaN,NaN,0,2
NaN,NaN,NaN,0,2
NaN,NaN,NaN,0,2
NaN,NaN,NaN,0,2
NaN,NaN,NaN,0,2
NaN,NaN,NaN,0,2
NaN,NaN,NaN,0,2
NaN,NaN,NaN,0,2
NaN,NaN,NaN,0,2
NaN,NaN,NaN,0,2
NaN,NaN,NaN,0,2
NaN,NaN,NaN,0,2
NaN,NaN,NaN,0,2
NaN,NaN,NaN,0,2
NaN,NaN,NaN,0,2
NaN,NaN,NaN,0,2
NaN,NaN,NaN,0,2
NaN,NaN,NaN,0,2
NaN,NaN,NaN,0,2
NaN,NaN,NaN,0,2
NaN,NaN,NaN,0,2
NaN,NaN,NaN,0,2
NaN,NaN,NaN,0,2
NaN,NaN,NaN,0,2
NaN,NaN,NaN,0,2
NaN,NaN,NaN,0,2
NaN,NaN,NaN,0,2
NaN,NaN,NaN,0,2
NaN,NaN,NaN,0,2
NaN,NaN,NaN,0,2
NaN,NaN,NaN,0,2
NaN,NaN,NaN,0,2
355.577777777778,226.088888888889,-33.8658906054148,NaN,3
355.676470588235,226.161764705882,-34.1933665881058,3,3
355.762962962963,226.17037037037,-33.7939713731657,7,3
355.795454545455,226.204545454545,-33.9084234675083,5,3
356.037593984962,226.383458646617,-33.8209631497557,7,3
355.736842105263,226.270676691729,-32.5072145572634,8,3
355.466666666667,226.088888888889,-33.3144239725763,10,3
355.563909774436,226.112781954887,-33.0885886267297,8,3
355.780303030303,226.227272727273,-32.7922102614833,7,3
355.511111111111,226.2,-33.1534143810123,9,3
355.542857142857,226.328571428571,-32.6020380047092,13,3
355.671532846715,226.255474452555,-32.4198321140471,7,3
355.702290076336,226.206106870229,-33.3159130290905,8,3
355.651515151515,226.204545454545,-32.6098939810207,7,3
355.522388059701,226.171641791045,-32.5788828776816,10,3
355.488721804511,226.195488721805,-31.5448988498789,7,3
355.75,226.439393939394,-31.6372247739387,9,3
355.496240601504,226.172932330827,-31.5248951804213,9,3
355.636363636364,226.219696969697,-31.2006289270085,5,3
355.887218045113,225.954887218045,-38.0380983545314,55,3
354.135593220339,223.974576271186,-60.2623605325356,83,3
352.09243697479,221.546218487395,-48.5290569178199,57,3
350.325396825397,220.253968253968,-31.505172356249,65,3
348.648648648649,218.912162162162,-35.8505092232813,52,3
343.674796747967,214.772357723577,-56.6588641179632,113,3
340.303278688525,210.647540983607,-54.9531655849438,89,3
338.991666666667,209.183333333333,-46.483894380519,32,3
336.119047619048,206.095238095238,-42.3377468353883,76,3
334.692913385827,204.574803149606,-44.0512293486273,41,3
332.008,201.824,-50.2429869867882,68,3
329.12,198.84,-50.0707690444169,70,3
327.696,197.248,-44.2682315855202,34,3
325.797101449275,195.557971014493,-37.0358453498149,57,3
324.705479452055,194.424657534247,-36.9721485690175,36,3
321.978102189781,192.058394160584,-44.600729105804,63,3
319.269230769231,189.7,-56.1544705619117,65,3
318.184615384615,188.576923076923,-54.3746324053828,26,3
315.916030534351,185.992366412214,-48.20830881749,59,3
315.089552238806,185.097014925373,-44.5824934823051,25,3
313.198529411765,182.985294117647,-38.5969890968146,52,3
311.126865671642,181.164179104478,-42.2305683732582,48,3
309.661157024793,180.01652892562,-46.9564896023546,35,3
308,178.033613445378,-51.4824656918228,48,3
306.700854700855,176.521367521368,-56.2245128703321,34,3
304.927419354839,174.532258064516,-45.3260482890749,45,3
303.405797101449,172.876811594203,-39.8486675529197,48,3
302.683823529412,172.191176470588,-40.882850240818,22,3
301.045454545455,170.606060606061,-48.231887592863,52,3
300.069230769231,169.307692307692,-55.8085860277727,34,3
297.830508474576,166.177966101695,-60.3873266094572,60,3
296.483870967742,164.177419354839,-51.3790375798523,44,3
295.766129032258,163.362903225806,-46.7655663544818,26,3
294.560606060606,161.80303030303,-42.6962578075877,42,3
293.875912408759,160.912408759124,-43.6016797266593,27,3
291.785185185185,158.644444444444,-53.4161076116518,56,3
289.921052631579,155.605263157895,-61.3458442836076,63,3
289.140495867769,154.504132231405,-59.8624622897324,29,3
287.568,152.16,-56.1734158732657,48,3
286.969230769231,151.192307692308,-52.2429663444594,27,3
285.732824427481,149.595419847328,-50.0098727874229,39,3
284.123076923077,147.253846153846,-52.4547629487847,53,3
283.284552845528,146.227642276423,-54.0944511363583,29,3
281.991803278689,143.713114754098,-59.9995583991326,51,3
281.141666666667,142.275,-63.0690145709464,26,3
279.827868852459,139.909836065574,-60.494319258006,44,3
278.829457364341,138.294573643411,-57.3191748031557,43,3
278.403100775194,137.441860465116,-56.3068579077883,24,3
277.317829457364,135.519379844961,-57.3269573046164,44,3
276.630769230769,134.307692307692,-59.1666524964316,25,3
275.722222222222,132.650793650794,-66.2119702570432,42,3
274.412280701754,129.894736842105,-69.0571249776003,56,3
273.717948717949,128.735042735043,-70.4653679101882,21,3
272.79674796748,126.79674796748,-66.0685014158301,40,3
272.544715447154,126.162601626016,-66.3164116558211,24,3
271.823076923077,124.430769230769,-65.1060119942206,37,3
271.029850746269,122.410447761194,-65.6742448365262,42,3
270.632,121.4,-65.8871257670018,27,3
269.82905982906,119.384615384615,-71.7891087318824,44,3
269.587301587302,118.460317460317,-72.9772866788303,23,3
268.565217391304,115.269565217391,-77.5940321502108,45,3
267.830508474576,113.584745762712,-73.906786207945,33,3
267.652892561983,113.090909090909,-71.9866918240527,17,3
267.225806451613,111.435483870968,-68.951011501579,39,3
266.906976744186,110.333333333333,-69.6162815976768,23,3
266.213675213675,107.871794871795,-72.3878217107515,40,3
265.790322580645,106.298387096774,-75.8334594524967,35,3
265.377192982456,105.078947368421,-78.6863788689864,22,3
264.936363636364,102.818181818182,-82.9665826209646,36,3
264.705357142857,101.375,-83.9139650681983,22,3
264.316666666667,99.1833333333333,-81.5431707199664,36,3
264.008196721311,97.9672131147541,-79.6375727189379,28,3
263.898305084746,96.9406779661017,-76.7609823260966,20,3
263.688,95.424,-76.5290561712579,29,3
263.467213114754,94.4672131147541,-76.2141527140483,21,3
263.18487394958,92.6806722689076,-77.3914126875146,29,3
263.089430894309,91.3577235772358,-77.2423723871493,28,3
262.790322580645,90.1774193548387,-78.8816798188482,17,3
262.704918032787,89.2704918032787,-80.5791001357934,22,3
262.561983471074,88,-82.5357918308125,21,3
262.264,87.728,-81.4689464357708,12,3
262.112,87.776,-81.4335556128281,10,3
262.024,87.592,-81.071592314339,8,3
261.904,87.12,-81.2803454825557,8,3
261.795275590551,87.1811023622047,-81.1660473079369,6,3
261.426356589147,87.077519379845,-79.3873738859234,16,3
261.412213740458,87.1374045801527,-78.0017345855171,14,3
261.315384615385,87.1615384615385,-78.0831690401474,7,3
261.235294117647,87.375,-76.1387167613005,14,3
261.230769230769,87.1230769230769,-76.2687119171619,8,3
261.126865671642,87.0074626865672,-74.7034540044851,12,3
261.211382113821,86.9268292682927,-74.6835634370884,11,3
261.234375,86.984375,-75.0412002080126,7,3
261.147540983607,86.9754098360656,-75.1817733346917,8,3
261.283464566929,87.1338582677165,-75.1807749992271,9,3
261.125,86.921875,-75.0435670649852,11,3
261.184,86.92,-75.9260899841369,13,3
261.1875,87.265625,-75.2770920343598,9,3
261.133858267717,87.5433070866142,-73.6470303771299,11,3
261.125984251969,87.3858267716535,-73.7226069598022,4,3
261.073170731707,87.2032520325203,-74.4498645515632,8,3
261.008064516129,87.3387096774194,-73.0638370529871,9,3
260.943548387097,87.258064516129,-72.8846569214405,2,3
260.752,87.016,-72.9828231706454,9,3
260.798449612403,87.2480620155039,-72.7076632147132,6,3
260.846153846154,87.3461538461538,-72.58717251849,7,3
260.805970149254,87.4253731343284,-71.378319011525,12,3
260.75,87.280303030303,-72.3190784461002,6,3
260.595419847328,87.175572519084,-72.1061945010294,7,3
260.571428571429,87.187969924812,-72.0301502797988,2,3
260.384615384615,87.0538461538462,-72.8280081524514,9,3
260.296296296296,87.1555555555556,-71.9478840347021,7,3
260.293233082707,87.2857142857143,-71.6010260264512,8,3
260.216417910448,87.3134328358209,-71.2200825659402,9,3
260.308823529412,87.5,-70.7480168094778,4,3
260.233082706767,87.1353383458647,-71.3668681010898,11,3
260.282442748092,87.2519083969466,-71.1241955324143,6,3
260.186046511628,87.1705426356589,-70.7527997117871,6,3
260.114503816794,86.9770992366412,-69.6986973343284,8,3
260.076335877863,86.9236641221374,-69.8818823459368,2,3
260.069230769231,86.8615384615385,-69.7244592627468,5,3
260.142857142857,87.0977443609023,-69.1156358000147,9,3
260.092307692308,86.9769230769231,-69.2926795476631,7,3
260.068702290076,87.1374045801527,-69.2424924879153,5,3
260.1,87.1307692307692,-69.2766908286931,1,3
259.9765625,86.9453125,-68.3773637274405,6,3
259.852713178295,86.922480620155,-68.5421714732966,7,3
259.870967741935,86.7096774193548,-68.6751579385429,5,3
259.814516129032,86.6532258064516,-67.3011142106864,6,3
259.724409448819,86.6141732283465,-68.8613638268068,7,3
259.801587301587,86.7619047619048,-67.8582613761735,5,3
259.728,86.68,-67.6671314816542,5,3
259.723577235772,86.6585365853659,-67.6673173158658,6,3
259.774193548387,86.6290322580645,-67.5211781107419,5,3
259.83064516129,86.6854838709677,-67.0025936347664,2,3
259.792,86.568,-67.0986861890442,3,3
259.850393700787,86.7165354330709,-67.3307147635201,8,3
259.736,86.632,-67.4212204226927,8,3
259.611111111111,86.7698412698413,-66.5016618214783,7,3
259.747967479675,86.8211382113821,-66.381941918,5,3
259.577235772358,86.6747967479675,-68.027858597838,6,3
259.511627906977,86.7364341085271,-66.0723371357624,6,3
259.469230769231,86.7230769230769,-65.8351101546804,1,3
259.492307692308,86.7615384615385,-66.174284772317,2,3
259.415384615385,86.7692307692308,-65.58724253002,4,3
259.453846153846,86.7692307692308,-66.195487814915,6,3
259.612403100775,86.8449612403101,-65.9217264095941,5,3
259.507692307692,86.8,-66.4817206787289,3,3
NaN,NaN,NaN,130,3
430.902985074627,231.701492537313,54.3441304390794,NaN,4
430.827338129496,231.676258992806,54.7008533950951,9,4
430.928057553957,231.669064748201,53.9401120274542,8,4
430.810606060606,231.55303030303,54.7786701085336,9,4
430.699248120301,231.842105263158,54.761985736838,7,4
430.715384615385,231.753846153846,54.0617313160643,5,4
430.701492537313,231.716417910448,54.210910983872,6,4
430.628787878788,231.75,54.8040633078257,8,4
430.681818181818,231.598484848485,55.1369540030773,4,4
430.661538461538,231.661538461538,54.4879509885872,4,4
430.638461538462,231.707692307692,54.7521736892709,2,4
430.842105263158,231.511278195489,52.3105797372265,17,4
430.94696969697,231.545454545455,50.9021023815256,17,4
431.64,231.086666666667,14.5685699775865,74,4
434.213836477987,230.735849056604,-0.482777330973663,87,4
436.368794326241,230.843971631206,4.01882042862911,50,4
443.085526315789,228.993421052632,21.7581860770842,127,4
445.860759493671,228.227848101266,22.6123782312766,60,4
451.696774193548,227.038709677419,-4.94979198026697,121,4
457.817518248175,227.846715328467,-5.59971619777154,122,4
460.585714285714,228.4,1.12736117141269,51,4
465.952702702703,228.371621621622,10.9076997126248,98,4
467.806896551724,228.137931034483,12.6804266570402,47,4
472.472602739726,227.72602739726,5.10622757765933,81,4
476.328571428571,227.685714285714,-1.31235477582345,74,4
478.401459854015,227.817518248175,-4.39792361514598,45,4
481.902097902098,228.153846153846,-1.98408488546107,66,4
483.3125,228.263888888889,1.26413814343478,43,4
486.219178082192,228.417808219178,3.15518379246446,60,4
489.192857142857,228.664285714286,-10.3017900842339,56,4
490.541095890411,228.931506849315,-15.9471023260657,32,4
493.330935251799,229.402877697842,-24.933764741314,61,4
495.108695652174,230.217391304348,-27.9758033106431,41,4
498.289855072464,231.666666666667,-22.3057886488182,64,4
500.516339869281,232.666666666667,-17.2549661638829,53,4
502.141843971631,233.489361702128,-17.1798307858882,36,4
504.573426573427,234.664335664336,-24.8881856852525,48,4
505.906474820144,235.338129496403,-32.5075020843576,32,4
508.5,237.194029850746,-38.7846394796553,63,4
511.507462686567,239.589552238806,-35.0934932926933,66,4
512.577777777778,240.585185185185,-31.1071982424824,35,4
514.6484375,241.8671875,-25.0695164241042,47,4
515.842857142857,242.828571428571,-29.5414494483049,34,4
518.373134328358,244.529850746269,-43.1358903202706,58,4
519.842105263158,246.218045112782,-47.5681015110247,51,4
520.785714285714,247.242857142857,-45.7522965195923,27,4
523.108527131783,249.116279069767,-43.4158411801789,53,4
524.173913043478,250.231884057971,-40.9664917239443,29,4
525.912162162162,251.932432432432,-38.1113451839087,52,4
528.255319148936,254.191489361702,-43.9732334890617,59,4
529.268656716418,255.119402985075,-49.4412013647426,31,4
531.25,257.516129032258,-59.1441764310225,60,4
532.298387096774,259.233870967742,-61.1559016629657,38,4
534.12,261.768,-59.0035710885842,51,4
535.286764705882,263.551470588235,-54.0794789829481,45,4
536.233082706767,264.857142857143,-50.0082825392492,35,4
537.954198473282,267.496183206107,-48.5424974345996,56,4
538.435714285714,268.128571428571,-48.3468254743675,23,4
540.227272727273,270.416666666667,-51.9964402731446,54,4
542.069230769231,272.576923076923,-52.1917874013286,50,4
542.719008264463,273.322314049587,-45.8358895703658,27,4
544.460317460317,275.293650793651,-39.1352306184654,51,4
545.246376811594,276.152173913043,-38.6741569604317,34,4
547.292857142857,278.192857142857,-36.4714714015118,58,4
549.382352941176,279.970588235294,-43.3247197205234,50,4
550.353383458647,280.984962406015,-45.7873771173133,35,4
552.625,282.916666666667,-47.6070335546099,53,4
553.590551181102,284.102362204724,-50.1859459381796,33,4
555.062015503876,285.480620155039,-44.0541719074855,42,4
556.691176470588,287.058823529412,-41.284401594112,47,4
557.704545454545,287.969696969697,-40.589224912858,32,4
559.35,289.357142857143,-46.1986716213711,50,4
560.271428571429,290.442857142857,-51.5870877817808,32,4
561.977777777778,292.562962962963,-55.5370845701194,55,4
563.832061068702,294.809160305344,-61.5609061227857,50,4
564.407692307692,295.8,-58.9318335115261,25,4
565.588235294118,297.477941176471,-57.0792850476528,42,4
566.179856115108,298.352517985611,-56.3853781005524,23,4
567.601503759398,300.563909774436,-53.3293713694092,46,4
568.165517241379,301.675862068966,-53.341649248615,38,4
568.788732394366,302.507042253521,-54.4625036082329,27,4
569.888059701493,304.201492537313,-57.6969398097358,38,4
570.586466165414,305.375939849624,-59.6656682421711,27,4
571.896296296296,307.577777777778,-59.4395665181677,44,4
573.302158273381,309.503597122302,-57.2019992167498,40,4
573.748148148148,310.177777777778,-53.6476443849431,18,4
575.098484848485,312.068181818182,-49.3113866011765,45,4
575.510489510489,312.923076923077,-50.8659444597642,27,4
576.258503401361,314.333333333333,-54.4475312084308,40,4
577.772727272727,316.780303030303,-61.1597401893244,53,4
578.390625,317.5078125,-62.171264864427,22,4
579.7109375,319.6015625,-64.6584201149988,46,4
580.24427480916,320.862595419847,-65.1998665297628,23,4
580.985294117647,322.595588235294,-62.9260114709509,37,4
582.049645390071,324.234042553192,-59.4253426615146,37,4
582.31654676259,324.892086330935,-58.6342469020823,20,4
583.201438848921,326.661870503597,-58.4511893391083,40,4
583.708333333333,327.701388888889,-59.3734689306517,27,4
584.759398496241,329.812030075188,-64.3541616925584,39,4
585.732283464567,331.622047244094,-68.2252398860577,42,4
586.160305343511,332.618320610687,-68.7871898787152,18,4
587.058823529412,334.360294117647,-68.4029777509817,33,4
587.377777777778,334.881481481482,-66.8651129358528,15,4
588.074626865672,336.432835820896,-65.6224056561275,39,4
588.70802919708,337.992700729927,-64.1084626676241,31,4
588.971223021583,338.532374100719,-64.5756067308639,16,4
589.822222222222,340.177777777778,-66.4641076437297,40,4
590.22480620155,341.06976744186,-68.6875813796963,22,4
591.0390625,343.140625,-74.5010680117851,37,4
591.566929133858,344.267716535433,-74.2899101054506,31,4
591.842519685039,344.984251968504,-74.060589022093,14,4
592.3984375,346.5546875,-74.2298341631715,33,4
592.8984375,347.5859375,-73.4047250659056,24,4
593.348148148148,349.177777777778,-72.0875757775521,25,4
593.827067669173,350.428571428571,-69.9451185516524,32,4
594.052631578947,351.270676691729,-69.9275795819797,16,4
594.423357664234,352.416058394161,-68.8580697853893,24,4
594.607142857143,352.9,-69.637033656089,15,4
595.108695652174,354.173913043478,-71.0184784743461,24,4
595.60447761194,355.65671641791,-71.8325097501548,32,4
595.81679389313,356.312977099237,-73.253969686097,21,4
596.443609022556,358.105263157895,-74.3899911435759,30,4
596.736,358.648,-74.7117022182772,16,4
597.161538461538,359.846153846154,-74.1590589234711,21,4
597.634328358209,360.880597014925,-72.811389750064,30,4
597.758865248227,361.432624113475,-73.1008302147383,13,4
598.179856115108,362.460431654676,-71.5832361497344,24,4
598.359712230216,363.41726618705,-71.8004079753436,20,4
598.765517241379,364.213793103448,-72.0702951661427,22,4
598.978571428571,365.3,-72.6224131539453,23,4
594.5,352,0,17,4
599.594202898551,367.202898550725,-73.7592513464008,25,4
599.636363636364,367.583333333333,-73.2853131744209,10,4
600.067669172932,368.924812030075,-75.3751520462585,25,4
600.424242424242,370.204545454545,-76.7542613519249,25,4
600.534351145038,370.725190839695,-75.3604942284506,13,4
600.992481203008,371.962406015038,-75.2759186338668,28,4
601.088235294118,372.242647058824,-74.7692416583946,9,4
601.414285714286,373.335714285714,-73.2324125075922,22,4
601.744360902256,374.225563909774,-70.3870960138979,25,4
601.914728682171,374.744186046512,-70.786306714502,8,4
602.175182481752,376.138686131387,-72.5259034728483,26,4
602.157894736842,376.375939849624,-72.2038708855452,10,4
602.653543307087,377.669291338583,-73.6350937948628,26,4
602.954887218045,378.375939849624,-73.6333295935609,18,4
603.24,379.032,-73.9800345363135,14,4
603.336,380.32,-77.6802042290194,28,4
603.456692913386,380.590551181102,-78.7147834129275,8,4
603.764705882353,381.764705882353,-78.7614754696308,24,4
604.022727272727,382.143939393939,-77.5821576826789,17,4
604.212598425197,382.629921259843,-78.6924010456243,13,4
604.3984375,383.8828125,-80.3705303588904,25,4
604.519379844961,384.186046511628,-80.6951407836576,13,4
604.59375,384.9765625,-80.0710193298585,15,4
604.828125,385.5703125,-79.1381292606921,14,4
604.825757575758,385.878787878788,-79.424919173256,12,4
604.961538461538,386.861538461538,-79.2361662566563,18,4
605.083969465649,387.267175572519,-78.3388965156279,13,4
605.195488721805,387.699248120301,-78.9958408740498,14,4
605.428571428571,388.833333333333,-78.0878582233686,23,4
605.515625,389.2265625,-79.0858606469047,14,4
605.575,389.566666666667,-79.462357467392,18,4
605.663865546219,390.117647058824,-79.4691152561226,9,4
605.860655737705,391.016393442623,-80.1429830537514,13,4
605.991869918699,391.80487804878,-81.3245865137464,13,4
605.97520661157,392.04132231405,-81.5705093403045,12,4
606.128205128205,392.863247863248,-82.6740266149303,14,4
606.186440677966,393.110169491525,-82.9403878249958,5,4
606.146341463415,392.617886178862,-81.298203307393,13,4
606.252100840336,392.764705882353,-81.8607047853697,4,4
606.289256198347,392.760330578512,-81.7430062136514,4,4
606.487603305785,392.859504132231,-81.3207283466287,10,4
606.575,392.808333333333,-80.4732554464928,3,4
606.639344262295,392.827868852459,-80.3636562623798,4,4
606.682926829268,392.837398373984,-80.6088566482762,7,4
606.789915966387,393.134453781513,-80.35506822794,10,4
606.796610169491,393.033898305085,-79.0468825087323,11,4
606.865546218487,393.235294117647,-79.1425800195063,7,4
607.044247787611,393.265486725664,-77.8402844170924,10,4
607.094017094017,393.188034188034,-77.7957250993196,6,4
607.191304347826,393.408695652174,-77.226718225445,8,4
607.327433628319,393.451327433628,-76.7448562214497,8,4
607.407079646018,393.681415929204,-76.1530681266198,4,4
607.416666666667,393.516666666667,-75.181928833055,11,4
607.347107438017,393.198347107438,-75.387241532494,5,4
607.426229508197,393.368852459016,-75.6197962142387,7,4
607.471544715447,393.422764227642,-75.4512119984173,13,4
607.470588235294,393.756302521008,-75.1491880111302,6,4
607.6875,394.232142857143,-75.2848873172032,9,4
607.632478632479,393.854700854701,-74.7419655550336,11,4
607.589285714286,393.946428571429,-74.5047404329998,11,4
607.883928571429,394.392857142857,-74.1812876942457,12,4
607.90756302521,394.126050420168,-73.1432450067265,9,4
608.194690265487,394.513274336283,-73.3920058486361,10,4
608.268518518518,394.888888888889,-73.3944182338641,9,4
608.350877192982,394.657894736842,-74.7204590553089,12,4
608.495327102804,395.299065420561,-73.5073192625624,9,4
608.36036036036,394.81981981982,-73.6293808454018,4,4
