432.330985915493,243.5,83.1258611483601,NaN,1
432.274647887324,243.732394366197,82.6390788837831,4,1
432.267605633803,243.711267605634,82.601974748968,2,1
432.323943661972,243.661971830986,82.8105896116321,2,1
432.208633093525,243.913669064748,82.4163985827763,7,1
432.260869565217,243.898550724638,83.3459569451916,7,1
432.269503546099,243.716312056738,83.1830044726184,5,1
432.328571428571,243.557142857143,82.8369588549439,5,1
432.333333333333,243.506944444444,82.9042152897716,6,1
432.385135135135,243.094594594595,82.992935240822,6,1
432.381944444444,243.236111111111,82.0850548410521,8,1
432.324137931034,243.172413793103,82.150437210948,5,1
432.303448275862,243.606896551724,82.0556551801719,6,1
432.3125,243.458333333333,82.6461461815013,5,1
432.376712328767,243.219178082192,83.064564369018,8,1
432.366197183099,243.281690140845,83.3653579538886,8,1
432.363636363636,243.202797202797,83.5460940355811,3,1
432.288732394366,243.549295774648,82.8273768587512,7,1
432.27397260274,243.479452054795,83.1912016775228,6,1
432.306666666667,242.586666666667,84.4952598633988,12,1
432.328767123288,243.130136986301,82.6594202232133,12,1
432.340277777778,243.215277777778,82.6427170465624,6,1
432.41958041958,242.776223776224,82.3660620644978,11,1
432.426573426573,243.160839160839,82.8590548245371,10,1
432.333333333333,242.87074829932,82.6394368578814,8,1
432.365517241379,242.88275862069,83.110411718207,6,1
432.351724137931,243.165517241379,82.9144238940936,8,1
432.408450704225,243.091549295775,83.5693275772196,7,1
432.464285714286,242.792857142857,82.5964723194942,8,1
432.604026845638,242.89932885906,83.2521566003278,11,1
432.496551724138,242.524137931034,82.8477959438446,10,1
432.452054794521,242.821917808219,82.8842749281148,7,1
432.489795918367,242.700680272109,83.3489010510663,5,1
432.469387755102,242.721088435374,83.6072884401826,4,1
432.376712328767,242.972602739726,83.4611149330999,7,1
432.416666666667,242.993055555556,83.5723396561833,4,1
432.438356164384,243.047945205479,83.5899647394733,6,1
432.517006802721,242.87074829932,83.7642547129624,11,1
432.615894039735,242.781456953642,84.3011599683495,8,1
432.448979591837,242.972789115646,83.8191498656186,12,1
432.428571428571,243.75,84.5590899074497,11,1
432.586666666667,242.953333333333,84.2181750747289,10,1
432.460431654676,243.719424460432,84.7993563352199,13,1
432.471428571429,243.642857142857,84.8783647978178,5,1
432.524822695035,243.695035460993,85.1613443426979,7,1
432.587412587413,243.601398601399,85.4357742421707,6,1
432.503597122302,243.482014388489,85.4000578403211,6,1
432.528571428571,243.471428571429,85.3113106133883,3,1
432.552447552448,243.503496503497,85.6020121205568,3,1
432.4,243.434482758621,85.7093776649143,8,1
432.582191780822,242.869863013699,85.1841057834417,13,1
432.651006711409,242.744966442953,85.7969061239098,5,1
432.58904109589,243.047945205479,85.5746919317303,9,1
432.591836734694,242.816326530612,85.1683058566218,3,1
432.631944444444,242.944444444444,86.1130378918286,7,1
432.531914893617,243.290780141844,86.5623255091319,9,1
432.63829787234,243.31914893617,87.4616371052323,6,1
432.617021276596,243.446808510638,86.9569480879318,4,1
432.635714285714,243.364285714286,87.1081464497816,3,1
432.573426573427,243.496503496503,87.0650817323527,5,1
432.594202898551,243.427536231884,86.7340355111757,5,1
432.592857142857,243.428571428571,86.8444990771728,2,1
432.609929078014,243.709219858156,86.8503322828307,5,1
432.68345323741,243.63309352518,86.7579677089239,4,1
432.624113475177,243.439716312057,86.96967187055,6,1
432.771812080537,242.744966442953,86.0209629822249,12,1
432.769736842105,242.401315789474,85.944945768131,7,1
432.771812080537,242.691275167785,86.325122757993,17,1
432.844155844156,242.448051948052,85.8947623322832,5,1
432.796052631579,242.644736842105,86.4126181371631,6,1
432.748344370861,242.87417218543,85.9662054663785,5,1
432.822368421053,242.796052631579,86.2396480640295,11,1
432.822368421053,242.631578947368,86.6735137193453,6,1
432.726666666667,242.926666666667,86.7382329325145,8,1
432.78,242.78,87.0038302451862,6,1
432.751724137931,243.048275862069,87.2249353995507,13,1
432.678321678322,243.454545454545,87.1642834211163,8,1
432.728476821192,243.284768211921,87.8988589978272,16,1
432.758620689655,243.413793103448,89.5123662178638,12,1
432.789115646258,243.56462585034,88.5311886938801,12,1
433.176470588235,244.084967320261,86.9922202252263,26,1
433.038709677419,244.541935483871,88.900435155041,20,1
432.993197278912,246.56462585034,-83.6663939470929,36,1
432.943661971831,247.443661971831,-81.0228351663401,19,1
432.95,248.614285714286,-75.8309061763368,24,1
433.213235294118,250.132352941176,-73.0986335985021,38,1
433.5,251.426470588235,-74.0799927589433,20,1
434.129770992366,253.786259541985,-82.4387808517839,43,1
434.425373134328,254.888059701493,-87.5923524453268,23,1
434.631578947368,256.157894736842,-84.8415068106042,38,1
434.88961038961,258.435064935065,-80.8806190095222,56,1
435.121428571429,260.021428571429,-81.3703089108248,30,1
435.152173913043,261.963768115942,-88.0057753394379,52,1
435.2375,262.91875,88.8783479426794,44,1
435.20253164557,266.443037974684,83.7134876499708,58,1
434.71974522293,269.261146496815,87.4754949069507,61,1
434.465753424658,270.479452054795,88.8918885086263,31,1
434.369565217391,273.615942028986,82.5393445312051,54,1
434.167832167832,274.622377622378,77.4492728001846,21,1
433.646666666667,276.353333333333,72.8109751317039,45,1
433.464052287582,278.098039215686,74.8532362651108,45,1
432.830985915493,279.704225352113,77.5475497651123,39,1
432.029197080292,282.277372262774,80.1964562456221,59,1
431.819444444444,283.166666666667,76.1100272206209,23,1
430.913580246914,284.956790123457,63.057249504185,58,1
430.029761904762,286.922619047619,53.3318164617981,74,1
429.414634146341,287.774390243902,52.9527959036591,34,1
427.815789473684,289.848684210526,55.5013103521398,64,1
427.315789473684,290.269736842105,57.0901109404781,32,1
425.098484848485,292.992424242424,55.3291020795332,60,1
423.457746478873,294.478873239437,41.9445376943229,46,1
422.77027027027,294.851351351351,37.2879786863806,26,1
421.006944444444,296.395833333333,33.4519214411567,60,1
420.032467532468,297.058441558442,36.7989881118014,30,1
418.534591194969,298.320754716981,40.8607306373955,47,1
415.62676056338,300.408450704225,39.4515043520956,65,1
414.604316546763,301.151079136691,35.6963837889604,27,1
412.448275862069,302.841379310345,27.2451910992392,64,1
411.486301369863,303.253424657534,23.6682450221853,23,1
409.544871794872,304.025641025641,26.0249127200313,48,1
407.918238993711,305.03144654088,30.2904319562505,49,1
406.509803921569,305.797385620915,34.1482430646077,36,1
403.958904109589,307.253424657534,30.1265940979612,53,1
402.953020134228,307.765100671141,28.275421642425,27,1
401.307692307692,308.814102564103,22.6158919571439,47,1
399.723926380368,309.699386503068,22.0913459508866,47,1
398.76397515528,310.149068322981,25.2875266727674,26,1
396.65,311.19375,32.2027514446426,59,1
395.535031847134,311.707006369427,34.4270929873911,35,1
392.906040268456,313.543624161074,33.8665896774898,60,1
391.430303030303,314.090909090909,26.9588765713444,44,1
390.319018404908,314.822085889571,23.2381437105814,38,1
389,315.506578947368,20.6851245544346,51,1
387.527950310559,316.23602484472,23.7302819463481,39,1
386.379518072289,316.801204819277,29.0047366131477,55,1
383.623376623377,318.142857142857,29.6064615889995,66,1
382.269230769231,318.916666666667,25.4600268923854,40,1
379.787096774194,319.851612903226,15.4023565430975,59,1
379.151515151515,320.321212121212,13.2162827111319,36,1
377.52380952381,320.684523809524,11.0684826207333,45,1
375.409638554217,321.186746987952,17.9672481342351,58,1
374.469135802469,321.382716049383,18.9287036945779,30,1
372.150943396226,321.955974842767,20.1558913678877,53,1
371.562874251497,322.035928143713,20.2438301696685,30,1
368.272727272727,323.060606060606,12.3447622725757,66,1
366.568047337278,323.562130177515,10.0546875040524,48,1
365.877906976744,323.587209302326,10.6690692303164,19,1
364.094936708861,323.936708860759,14.1446502616352,52,1
363.224358974359,324.198717948718,18.5575617669193,30,1
360.503105590062,324.944099378882,21.3044723440669,51,1
357.764331210191,325.656050955414,16.0815938755613,52,1
356.470588235294,326.013071895425,8.94397721111529,36,1
354.753086419753,326.450617283951,4.73278867123301,51,1
353.96875,326.55,3.59364345262215,24,1
352.061728395062,326.660493827161,8.80709675281998,48,1
349.993788819876,326.987577639752,15.5924352727058,57,1
348.951219512195,327.189024390244,15.0455869353998,25,1
346.11320754717,327.805031446541,13.5639879127948,51,1
344.711538461538,328.192307692308,9.19451190742741,31,1
342.633540372671,328.484472049689,3.68538903685324,47,1
341.314814814815,328.851851851852,5.68160806892306,41,1
340.3125,328.91875,6.06390317911474,20,1
338.41875,329.25,12.6809161086113,62,1
337.105590062112,329.44099378882,13.1854996981473,31,1
335.085365853659,329.670731707317,12.7668023901437,51,1
333.18125,329.80625,4.02171877724196,48,1
331.673076923077,330.057692307692,-0.104711181146661,30,1
330.263803680982,330.21472392638,1.39565850841418,41,1
329.417721518987,330.284810126582,1.50403071933123,23,1
327.240506329114,330.26582278481,4.97677983896256,50,1
325.414634146341,330.628048780488,8.02012729976764,46,1
324.354037267081,330.72049689441,6.43977584046143,27,1
322.515527950311,330.745341614907,2.10676066356361,42,1
320.941558441558,330.902597402597,-6.15099201328525,35,1
319.119496855346,330.798742138365,-8.00849119481092,45,1
317.179012345679,330.740740740741,-5.40488080003504,49,1
315.96855345912,330.584905660377,-2.27230504231315,33,1
314.371951219512,330.451219512195,3.03513099973713,41,1
313.138364779874,330.477987421384,6.63243067868368,37,1
311.024691358025,330.283950617284,6.02706503963911,41,1
308.666666666667,330.425925925926,-2.7037416736441,52,1
307.364238410596,330.384105960265,-6.99905141578948,35,1
306.453987730061,330.533742331288,-5.85421876837909,28,1
305.471337579618,330.388535031847,-5.34168630143057,20,1
303.751552795031,330.391304347826,-0.490856078249227,38,1
301.885542168675,330.240963855422,1.2976288929963,45,1
300.640243902439,330.170731707317,-0.263415173536656,28,1
299.098159509202,329.914110429448,-3.09044576798075,43,1
297.817610062893,330.03144654088,-5.98840730688669,22,1
296.232704402516,330.075471698113,-10.8359665204278,32,1
294.875776397516,329.857142857143,-10.5958857632956,38,1
293.937106918239,329.698113207547,-8.4427379283848,20,1
292.05,329.4,-4.65960034564536,33,1
291.060240963855,329.367469879518,-1.6745446891299,26,1
289.639534883721,329.087209302326,0.456395319749189,44,1
287.262195121951,328.817073170732,-4.32495372175679,48,1
286.460606060606,328.860606060606,-8.04613282075207,29,1
284.5,328.731707317073,-13.2424523724543,43,1
283.701754385965,328.783625730994,-13.9861178529616,25,1
282.179012345679,328.537037037037,-11.5033410968042,35,1
280.812865497076,328.25730994152,-7.75279453997711,35,1
279.403726708075,328.018633540373,-5.29051033830898,34,1
278.485207100592,327.89349112426,-6.72206389999785,30,1
277.722891566265,327.656626506024,-6.60439889860636,25,1
275.453416149068,327.354037267081,-15.1299467499068,43,1
274.100591715976,327.301775147929,-17.6896378164067,36,1
273.553571428571,327.136904761905,-18.2468931600731,23,1
271.951515151515,326.806060606061,-18.0365781804594,33,1
271.120689655172,326.632183908046,-16.9611132334053,23,1
269.738372093023,326.28488372093,-13.6657847476286,36,1
268.011764705882,325.688235294118,-11.3993711693988,48,1
266.926829268293,325.384146341463,-12.4735735412226,26,1
265.460122699386,325.055214723926,-17.1753883248849,33,1
264.680981595092,324.852760736196,-20.0416795773577,22,1
262.906832298137,324.546583850932,-24.1414308708594,38,1
261.481927710843,324.078313253012,-24.18261719717,37,1
260.864705882353,323.9,-22.9431394667864,18,1
259.74269005848,323.421052631579,-20.6203430466976,37,1
259.005988023952,323.25748502994,-17.3480626052917,28,1
257.470238095238,322.535714285714,-14.5141842068067,45,1
255.45,321.875,-16.0147910952289,44,1
254.310126582278,321.689873417722,-21.1950820096464,38,1
253.164634146341,321.371951219512,-21.8178980820805,32,1
252.385542168675,321.096385542169,-24.9464728418282,28,1
251.063953488372,320.709302325581,-25.7271930984951,38,1
249.958083832335,320.299401197605,-22.7443124689418,33,1
249.121212121212,319.921212121212,-20.1860417699936,20,1
248.081395348837,319.529069767442,-19.3259820251073,37,1
247.35838150289,319.104046242775,-17.0409921486431,33,1
NaN,NaN,NaN,173,1
436.255319148936,243.609929078014,-33.6130811189433,NaN,2
436.119718309859,243.654929577465,-33.9802474713348,5,2
436.285714285714,243.664285714286,-33.8233563801007,8,2
436.2,243.714285714286,-33.8944114975871,6,2
436.183098591549,243.669014084507,-34.3188034321209,6,2
436.21768707483,243.69387755102,-34.2041324317467,5,2
436.159722222222,243.569444444444,-33.7971074283252,7,2
436.251748251748,243.706293706294,-33.8293024296054,5,2
436.194444444444,243.569444444444,-34.3301648646034,7,2
435.888888888889,243.388888888889,-32.9448114137868,10,2
436.237762237762,243.622377622378,-34.137415084337,9,2
436.295774647887,243.612676056338,-33.9446323082318,9,2
436.263888888889,243.638888888889,-34.1346626709961,8,2
436.35,243.65,-34.3212838103676,6,2
436.145833333333,243.520833333333,-33.0767496578951,12,2
435.986394557823,243.401360544218,-35.0238762319133,13,2
435.993197278912,243.401360544218,-34.9354273580316,6,2
435.9375,243.465277777778,-33.4593252322448,9,2
436.062068965517,243.524137931034,-33.7167090707969,5,2
435.993103448276,243.427586206897,-33.5074480341281,4,2
436.020979020979,243.405594405594,-33.736163392471,8,2
436.013986013986,243.461538461538,-33.6180648257985,8,2
436.098591549296,243.429577464789,-33.7010778456374,5,2
436.244755244755,243.531468531469,-34.6536460590959,9,2
436.173611111111,243.569444444444,-33.987548189808,11,2
436.027972027972,243.468531468531,-33.8234643792626,7,2
436.44966442953,243.590604026846,-32.262957371808,20,2
436.630136986301,243.712328767123,-24.3473810956033,43,2
437.227272727273,243.727272727273,-23.6589374214024,22,2
439.142857142857,244.214285714286,-28.6480834185504,64,2
439.886904761905,244.357142857143,-38.1155499309645,40,2
442.46357615894,246.423841059603,-60.8752259451533,93,2
444.671428571429,249.742857142857,-57.7930680099254,71,2
445,250.020979020979,-53.4777356994832,27,2
446.113924050633,252.259493670886,-46.240992467947,67,2
446.893081761006,253.477987421384,-44.1101617826552,39,2
447.98717948718,254.942307692308,-43.0630353303043,55,2
449.527131782946,256.53488372093,-49.0057134831133,55,2
450.330578512397,257.727272727273,-52.9287570999894,30,2
452.09375,259.8359375,-56.413264814208,47,2
452.55223880597,260.320895522388,-53.9918711508828,18,2
453.58904109589,261.184931506849,-46.955236743134,40,2
454.645569620253,261.936708860759,-43.4958260659394,48,2
455.124223602484,262.496894409938,-44.2892371657733,17,2
457.110344827586,264.655172413793,-48.6412028134485,58,2
457.993197278912,265.938775510204,-54.7442256563725,30,2
459.429577464789,267.704225352113,-71.4544090666893,47,2
460.340136054422,269.43537414966,-73.7271496704108,47,2
460.714285714286,270.371428571429,-72.6710708257137,23,2
461.535714285714,272.342857142857,-70.534975854723,42,2
461.847222222222,273.444444444444,-69.9984592312144,30,2
462.090277777778,275.118055555556,-68.6245512316262,40,2
462.542857142857,277.45,-67.8523351795191,52,2
463.046875,278.7734375,-73.900404598966,26,2
463.552,281.28,-86.8459278275525,49,2
463.618320610687,282.114503816794,-87.3584535347343,22,2
463.963235294118,284.169117647059,-84.5814296560405,43,2
464.143835616438,285.917808219178,-78.1714433713093,38,2
464.169014084507,286.422535211268,-75.3807427979504,22,2
464.493055555556,289.152777777778,-72.8576742693505,58,2
464.753521126761,290.239436619718,-72.9902850767669,26,2
465.06106870229,292.977099236641,-79.3771124396864,47,2
465.414814814815,294.977777777778,-84.5050298307479,42,2
465.664122137405,296.36641221374,-86.2872887206024,24,2
465.792592592593,297.903703703704,-83.3805471648285,34,2
465.971014492754,298.855072463768,-80.7795515876522,21,2
466.093525179856,300.539568345324,-80.5757560243903,37,2
466.021126760563,302.161971830986,-80.7930457788643,41,2
466.144927536232,303.717391304348,-85.2515286027637,26,2
466.169230769231,306.569230769231,80.9510941560643,50,2
466.117647058824,307.102941176471,78.8808090027803,24,2
465.875912408759,309.036496350365,75.6696529050286,43,2
465.71724137931,310.572413793103,76.6588000048428,38,2
465.534722222222,311.506944444444,78.710560850152,25,2
464.942446043165,313.41726618705,81.6311680014036,41,2
464.753731343284,314.291044776119,83.5270744353206,21,2
464.137404580153,316.534351145038,81.7858691656838,43,2
463.659090909091,318.55303030303,76.2452593800861,35,2
463.409090909091,319.257575757576,74.7403792039682,20,2
463.022900763359,321.12213740458,70.8074594344299,43,2
462.84328358209,322.126865671642,71.9252927110979,25,2
462.433823529412,323.860294117647,75.7451666608255,36,2
462.139705882353,325.5,80.6498713973717,34,2
461.937984496124,326.387596899225,82.8278188564658,25,2
461.346456692913,329.314960629921,84.8083720728326,46,2
461.125,330.140625,84.0613951085752,19,2
460.795620437956,331.715328467153,78.5902313528702,27,2
460.482517482517,333.293706293706,74.6454261570767,32,2
460.223880597015,334.529850746269,69.7770617733614,25,2
459.850746268657,336.313432835821,70.5311407835649,34,2
459.779411764706,337.227941176471,72.8380835626034,28,2
459.503597122302,338.712230215827,74.4311813505773,37,2
458.842105263158,340.699248120301,77.768533600665,38,2
458.397058823529,341.838235294118,76.9007788594229,21,2
457.897058823529,343.904411764706,75.9590580095944,36,2
457.571428571429,344.729323308271,73.0667300540379,17,2
457.172661870504,346.028776978417,69.5696897402445,34,2
456.748148148148,347.82962962963,65.9271473063139,42,2
456.560606060606,348.5,66.505034172798,15,2
456.099236641221,350.30534351145,71.0917897682085,37,2
455.859259259259,351.303703703704,72.3981269570353,24,2
455.333333333333,352.881481481482,74.1878582753179,38,2
454.427480916031,355.167938931298,74.7567151303309,44,2
454.045112781955,356.187969924812,71.3942183062031,22,2
453.766917293233,357.097744360902,65.2828988713035,30,2
453.496402877698,358.035971223022,64.5386398024893,24,2
452.784172661871,359.877697841727,61.4809563820398,38,2
452.397163120567,361.156028368794,62.6784456419851,32,2
452.028571428571,361.785714285714,64.3492883021415,19,2
451.316176470588,363.75,69.1079834173677,40,2
451.184397163121,364.113475177305,69.2545318180496,19,2
450.328571428571,365.75,71.1826176295191,33,2
449.554744525547,367.343065693431,68.2355475759108,35,2
449.037593984962,369.082706766917,60.7301962585857,30,2
448.36690647482,370.381294964029,56.3728735943139,38,2
448.130136986301,370.77397260274,56.9514303354974,15,2
447.585185185185,371.925925925926,58.4778142356621,31,2
446.766423357664,373.540145985401,62.0659209741442,38,2
446.3,374.192307692308,63.3990659193859,21,2
445.1796875,376.203125,65.090707526449,42,2
444.857142857143,377.007936507937,64.9691455815734,18,2
444.03937007874,378.322834645669,61.3278517102684,29,2
443.197080291971,379.270072992701,59.2831044023637,30,2
442.560606060606,380.462121212121,52.7531648807574,23,2
442.10447761194,381.335820895522,54.0054420368398,28,2
441.771653543307,381.826771653543,53.670832281272,17,2
440.780303030303,383.242424242424,56.503044627583,31,2
439.93023255814,384.558139534884,58.6244790658442,35,2
439.357142857143,385.31746031746,60.0850328769892,17,2
438.227941176471,386.764705882353,58.577683029247,44,2
437.477611940299,387.932835820896,56.5224026231686,26,2
436.355555555556,389.511111111111,49.3205974563618,33,2
435.647887323944,390.253521126761,47.3747679873429,27,2
435.4,390.551724137931,48.601076228689,13,2
434.9375,391.055555555556,48.4238098603319,21,2
434.452229299363,392.12101910828,54.2951105366862,25,2
433.445161290323,393.529032258064,59.6200047034768,36,2
432.725,394.90625,64.2834456788905,39,2
432.358490566038,395.201257861635,63.2581425464667,19,2
431.668789808917,396.675159235669,66.3468053472313,38,2
431.49375,396.90625,66.1580184010056,15,2
430.994186046512,397.302325581395,63.1793057758013,28,2
430.238372093023,397.982558139535,53.909159079429,30,2
430.130952380952,398.333333333333,47.6223610001464,22,2
429.598870056497,398.175141242938,44.3546196081114,29,2
429.755555555556,398.138888888889,43.6573245607506,17,2
429.60773480663,398.154696132597,40.4249700522268,27,2
429.272251308901,398.005235602094,35.7895989311095,24,2
429.263157894737,397.952631578947,34.7735125112072,15,2
NaN,NaN,NaN,190,2
379.802919708029,86.956204379562,0.0980833687406874,NaN,3
398.980198019802,86.7524752475248,-0.309660592921879,90,3
366.339622641509,86.8867924528302,0.853342729276816,76,3
375.7,86.75,0.646793472019366,54,3
375.147058823529,86.9117647058823,0.104738626910456,56,3
328.846153846154,87.4615384615385,7.25008338327628,60,3
349.457627118644,87.0508474576271,0.00273490580403922,81,3
369.095238095238,86.8666666666667,0.493432178630561,53,3
338.512195121951,86.9512195121951,-0.0959546124388693,96,3
390.80303030303,86.6818181818182,-0.888844577972736,90,3
380.748148148148,86.8518518518518,0.0390558471403005,92,3
374.086666666667,86.9733333333333,0.424086514997792,91,3
336.205128205128,87.1025641025641,0.415209511943353,104,3
365.708661417323,86.9055118110236,0.649827445871994,117,3
345.625,87,1.85187504076765,95,3
365.125,86.9791666666667,0.738271029701958,50,3
344.054054054054,87.027027027027,1.5836869782931,72,3
341.894736842105,87.0789473684211,-0.648297429350289,84,3
375.928571428571,86.9285714285714,0.318967370758332,94,3
366.420560747664,86.9158878504673,0.00579967316336624,96,3
380.305263157895,86.9842105263158,0.0905746546990381,74,3
344.133333333333,86.9733333333333,-0.0272697712998202,132,3
370.846666666667,86.9466666666667,0.346718884637567,85,3
345.627906976744,87.1627906976744,-0.0834067839854143,89,3
347.72,87.1,0.260910882826409,112,3
345.677419354839,87.0322580645161,1.20536400342398,93,3
346.083333333333,87.1944444444444,0.787243773686341,142,3
346.590909090909,86.75,1.84425228604328,83,3
374.275,87.025,-0.33883347100637,141,3
343.326923076923,87.1538461538462,1.87388168069052,182,3
335.594594594595,87.2702702702703,3.25815329721829,134,3
349.813559322034,87.0508474576271,1.14782833940073,218,3
347.582089552239,87.0597014925373,0.304055784615457,171,3
343.3,86.7666666666667,0.768385968797857,152,3
394.908045977012,86.7241379310345,0.314460659190375,132,3
346.090909090909,87,-1.52092107830919,110,3
351.78431372549,86.9411764705882,-1.44423820825654,149,3
387.571428571429,87.0476190476191,-0.335805640426454,96,3
390.058823529412,86.921568627451,0.251787718728494,141,3
386.666666666667,86.7777777777778,-0.963089118849319,127,3
402.632653061225,86.8163265306122,-0.62284485934015,56,3
406.30985915493,86.8591549295775,-0.393149848184907,89,3
398.988372093023,86.8372093023256,0.051853761422373,82,3
380.210526315789,86.7105263157895,1.75085115105842,67,3
371.55223880597,87,0.222375046445514,144,3
415.105263157895,86.9649122807018,-0.105946236179382,118,3
349.46511627907,87.0930232558139,-0.00216128930231536,108,3
350.767441860465,87.0232558139535,0.969718045091112,134,3
366.872340425532,86.7872340425532,0.576104036853336,153,3
335.555555555556,86.9444444444444,1.37887553850231,168,3
374.182481751825,86.992700729927,-0.0171854337575819,92,3
342.489361702128,87.2340425531915,-0.532581256771194,128,3
329.35,87.0166666666667,-1.39311915404347,120,3
339.194444444444,86.9027777777778,-0.581202210168368,125,3
347.660714285714,86.8928571428571,0.103731045334402,165,3
337.333333333333,86.7878787878788,1.07204314572909,116,3
350.615384615385,86.8846153846154,-2.19509218347411,155,3
363.785714285714,87.1938775510204,-0.341837944822597,70,3
364.516853932584,87.3707865168539,-0.349719039143713,127,3
385.342105263158,86.8289473684211,0.226813222386929,124,3
358.74358974359,86.7692307692308,0.760014515959282,66,3
389.480519480519,86.9090909090909,0.230686524108437,123,3
402.125,86.8125,3.47941770485168,82,3
335.4,87.0666666666667,3.0039016628967,141,3
332.394736842105,86.6315789473684,-1.12162191137713,157,3
333.636363636364,86.8863636363636,-0.914263970554102,122,3
333.333333333333,86.5208333333333,-1.59784679976258,152,3
359.120567375887,86.6524822695036,-0.100580328275049,133,3
333.901960784314,86.6078431372549,-2.89215362663924,158,3
387.022222222222,86.8296296296296,-0.259904249696412,197,3
333.545454545455,86.8181818181818,-2.59269985791682,131,3
377.24427480916,86.8549618320611,-0.052530563493562,168,3
334.672413793103,86.7931034482759,-1.98663260025603,147,3
385.314516129032,86.6935483870968,0.428172055478295,187,3
363.730538922156,86.9640718562874,-0.0408522540906128,211,3
367.197452229299,86.9171974522293,0.0376745559923925,88,3
366.583815028902,86.9075144508671,0.317517750381843,143,3
363.532544378698,86.8816568047337,0.392689128627941,104,3
349.125,87.05,1.27225530171427,162,3
385.722222222222,86.5555555555556,-0.430002543052159,116,3
381.255555555556,86.8777777777778,-0.580942882924251,85,3
380.808080808081,86.5858585858586,0.363881518124431,107,3
337.829268292683,87,-1.66170930518547,99,3
389.919463087248,86.7852348993289,0.0515445028101988,159,3
385.320895522388,86.7462686567164,0.310847439425379,112,3
395.342465753425,86.5684931506849,0.282656298465806,113,3
391.378151260504,87.0336134453782,-0.1851793418874,187,3
393.210714285714,87.0535714285714,-0.0586985052039274,129,3
370.225806451613,86.9193548387097,1.10252905925134,192,3
362.580357142857,86.9017857142857,1.19786778916951,194,3
369.84076433121,86.7643312101911,0.459496023231568,111,3
335.428571428571,87.125,0.0308573474052993,164,3
338.333333333333,87.1428571428571,-0.448699519822812,101,3
338.736842105263,87.0789473684211,1.1467618922351,115,3
340.617647058824,87.2352941176471,-0.793531531903222,102,3
365.274336283186,86.858407079646,0.667777312142287,94,3
384.439252336449,86.7663551401869,0.827019440421796,140,3
380.589473684211,86.7473684210526,1.58146987240695,73,3
373.46835443038,86.5696202531646,1.74509416428957,118,3
379.514705882353,86.4485294117647,1.07419324162064,129,3
380.615384615385,86.3760683760684,0.457653231483553,67,3
385.675862068966,86.4896551724138,-0.278409482115345,121,3
382.335443037975,86.5443037974684,0.415452620783845,86,3
380.657142857143,91.3460317460317,-6.74125541399453,127,3
381.096273291925,91.2484472049689,-10.2530978996355,89,3
380.673202614379,90.8300653594771,-12.1244992432183,52,3
382.259927797834,89.9602888086643,1.79115273659859,109,3
382.917808219178,89.7054794520548,5.73624114336778,63,3
380.600591715976,89.1745562130178,0.793196072613119,108,3
377.14696485623,89.741214057508,-8.77280401670181,123,3
378.685064935065,89.5227272727273,-7.54208152420154,77,3
380.17701863354,89.555900621118,-4.48158138337042,96,3
380.754208754209,89.3232323232323,-0.793850311001243,67,3
383.983388704319,88.9202657807309,4.91115105348704,96,3
386.442815249267,88.7712609970674,3.60116528795942,114,3
NaN,NaN,NaN,341,3
414.88188976378,244.669291338583,-56.8369522217308,NaN,4
414.91935483871,244.943548387097,-56.2653850134217,7,4
414.911290322581,244.782258064516,-56.4922138441225,4,4
414.975609756098,244.910569105691,-56.4579039901455,7,4
415.024390243902,244.837398373984,-57.4789844978927,10,4
415.016129032258,244.75,-57.3532208853972,9,4
414.861538461538,244.530769230769,-58.8301896071198,20,4
414.967479674797,244.80487804878,-61.0665506939102,15,4
415.213740458015,244.977099236641,-84.9645903297582,66,4
415.035971223022,245.877697841727,63.4854908274004,48,4
414.580882352941,246.139705882353,56.7015319370702,29,4
412.944444444444,248.715277777778,59.869159947615,86,4
411.87417218543,250.569536423841,63.964862217989,53,4
409.744360902256,254.556390977444,65.7967871204169,88,4
408.369426751592,256.197452229299,60.3395828469964,76,4
407.565789473684,256.842105263158,56.8418359702073,29,4
406.175324675325,259.357142857143,62.8218012475467,70,4
405.595890410959,260.993150684931,64.4061611368213,40,4
403.664285714286,263.75,67.5429390156874,62,4
402.900662251656,265.503311258278,55.9768062846167,49,4
402.432624113475,266.304964539007,50.7716865430341,26,4
401.255474452555,267.875912408759,49.1581360892395,54,4
400.470198675497,269.245033112583,54.0351504800709,36,4
399.182481751825,271.627737226277,55.6947684770444,52,4
397.875912408759,273.496350364964,58.8631027243233,34,4
397.485507246377,273.942028985507,53.7132290870409,17,4
396.44,275.1,49.1768847966848,42,4
395.960526315789,275.690789473684,48.2707481499258,20,4
395.18125,276.7375,51.803381241283,44,4
393.24427480916,279.916030534351,59.2036843045333,65,4
392.467153284672,280.85401459854,61.9430691489058,26,4
391.472222222222,282.479166666667,62.319726150909,41,4
390.979020979021,283.13986013986,57.6418126984338,23,4
390.12,284.446666666667,49.7880917557377,43,4
389.154838709677,285.825806451613,48.163878133457,43,4
388.302013422819,287.020134228188,48.5682825902413,30,4
387.44966442953,288.422818791946,53.8952861238865,40,4
386.634482758621,289.958620689655,59.6664495836219,34,4
385.573333333333,291.58,60.2985457692344,43,4
383.923076923077,293.902097902098,57.3386997306529,47,4
383.619718309859,294.316901408451,53.917936553929,17,4
382.534246575342,295.904109589041,48.1180535574564,48,4
381.703225806452,297.296774193548,48.5196085686897,37,4
381.162337662338,298.714285714286,53.2304247238658,43,4
380.047945205479,300.458904109589,57.7960752613255,46,4
379.288590604027,301.55033557047,59.8124519236811,29,4
377.669064748201,303.762589928058,58.7587395250358,48,4
377.1875,304.534722222222,55.6221699796297,25,4
376.093333333333,305.913333333333,48.0809172210846,42,4
375.095238095238,307.292517006803,46.735792209364,43,4
374.668918918919,308.195945945946,49.0803020574656,29,4
373.798611111111,309.8125,52.3201582007406,40,4
373.253521126761,310.654929577465,53.2792702672014,22,4
371.702898550725,312.565217391304,54.6372004498135,50,4
370.181818181818,314.489510489511,51.0874168616675,45,4
369.537931034483,315.28275862069,47.8329627962652,24,4
368.595890410959,316.383561643836,39.8978149188218,41,4
367.94,317.306666666667,40.1733279154128,28,4
367.083870967742,318.593548387097,42.9508010987499,43,4
365.647887323944,320.352112676056,48.8520559336806,49,4
364.778571428571,321.157142857143,49.7624272199661,34,4
363.194444444444,322.902777777778,50.6168996685672,56,4
362.398601398601,323.601398601399,50.3210834566101,25,4
361.012987012987,324.935064935065,42.6072655150849,45,4
359.732919254658,326.416149068323,36.9905732049571,55,4
359.11320754717,327,37.3726523935005,26,4
358.311258278146,327.688741721854,38.3175960676568,34,4
357.496815286624,328.649681528662,42.6394248033231,28,4
355.6,330.283870967742,46.9781069990207,56,4
353.919463087248,331.744966442953,47.0881505862994,50,4
353.288590604027,332.322147651007,42.7579763661538,22,4
351.677215189873,333.658227848101,34.1254200786452,45,4
351.042682926829,333.993902439024,31.4676499301964,18,4
350,334.878205128205,29.2323900631214,44,4
348.6625,335.5875,31.3325897524068,38,4
348.402597402597,335.792207792208,32.7201424717972,22,4
346.333333333333,337.457516339869,38.2242659429093,53,4
345.442307692308,337.865384615385,39.1471593410537,27,4
343.464052287582,339.18954248366,37.4579316619747,45,4
342.006369426752,340.133757961783,31.7720218965619,42,4
341.41875,340.5625,28.9975210589262,21,4
340.169811320755,341.433962264151,25.6454103666938,43,4
339.625766871166,341.80981595092,26.7485321910963,18,4
338.30625,342.48125,30.5213027005429,37,4
336.51875,343.43125,34.1237326365083,42,4
335.622641509434,343.849056603774,35.1733604120945,21,4
333.924528301887,344.691823899371,33.4070882959933,44,4
332.926380368098,345.171779141104,32.4142173068796,26,4
331.572327044025,346.025157232704,25.1066624813865,42,4
330.121951219512,346.737804878049,21.7250641990869,37,4
329.267080745342,346.981366459627,20.4289150513025,19,4
327.98125,347.7375,25.3200814621462,39,4
327.524691358025,347.746913580247,27.591876680397,24,4
325.426751592357,348.611464968153,29.9863231919793,45,4
323.981132075472,349.138364779874,31.2495884275419,44,4
322.961538461538,349.532051282051,28.5691494442112,25,4
321.572327044025,350.270440251572,24.5171906830548,43,4
320.565217391304,350.714285714286,19.5426923208902,24,4
319.223602484472,351.341614906832,16.1514878692861,40,4
317.877419354839,351.806451612903,19.1103419996993,36,4
317.284848484849,352.030303030303,21.7188926039593,20,4
315.826086956522,352.55900621118,25.333221068003,44,4
315.01875,352.93125,26.0005559224022,23,4
313.223602484472,353.484472049689,27.7461898607784,45,4
311.420382165605,354.331210191083,23.8398797784951,46,4
310.759493670886,354.683544303797,19.1509735405255,19,4
309.242424242424,355.4,14.992483764391,43,4
308.59509202454,355.601226993865,14.1239384016242,20,4
307.00625,356.11875,16.5568731891443,37,4
305.993788819876,356.490683229814,20.8115085657313,35,4
305.11801242236,356.739130434783,23.2544639709862,22,4
303.43125,357.38125,26.4335882915267,47,4
302.183006535948,357.849673202614,27.6018493828392,29,4
300.410256410256,358.551282051282,22.4280096258675,45,4
299.170886075949,359.316455696203,16.7474954732925,44,4
298.4375,359.6375,15.9160932107383,20,4
296.872611464968,360.165605095541,16.3845385673336,35,4
296.485207100592,360.242603550296,18.8385857814456,24,4
295.157575757576,360.630303030303,21.7101941165038,30,4
293.424242424242,361.321212121212,26.8944857410106,50,4
292.740506329114,361.493670886076,26.9700155020903,25,4
290.87012987013,362.435064935065,24.2532786887623,50,4
290.566037735849,362.547169811321,23.6984651073462,11,4
288.465408805031,363.610062893082,16.4755665052827,48,4
287.11320754717,364.132075471698,13.7657720059238,32,4
286.7125,364.29375,13.8935696867485,15,4
285.477124183007,364.81045751634,17.5917295830213,33,4
284.825806451613,364.870967741935,18.0424904389848,12,4
283.462025316456,365.284810126582,21.9084755747249,37,4
281.636942675159,365.834394904459,22.3693795176981,45,4
281.049689440994,365.919254658385,20.5776273784223,28,4
279.19375,366.60625,13.9293029332914,39,4
278.712574850299,366.676646706587,12.1717072550324,21,4
277.560975609756,367.128048780488,8.31640764010107,33,4
276.434782608696,367.540372670807,8.83808711009477,35,4
275.557692307692,367.705128205128,11.8103789692693,17,4
274.608974358974,368.032051282051,14.5986338370997,22,4
273.608695652174,368.155279503106,17.2357561341928,23,4
271.927631578947,368.493421052632,21.0850856147778,37,4
270.324840764331,369.127388535032,19.9323868959159,45,4
269.611111111111,369.432098765432,17.6005025418514,23,4
267.787096774194,370.01935483871,9.87017329979403,45,4
267.149068322981,370.105590062112,7.09398222263959,20,4
266.451219512195,370.506097560976,6.04116124599768,33,4
264.87037037037,370.827160493827,8.73946693664828,40,4
264.280487804878,370.951219512195,11.4106025662438,16,4
262.963414634146,371.140243902439,15.4620762782389,40,4
262.111801242236,371.273291925466,17.1614901028291,15,4
259.981366459627,371.596273291925,16.2270508854784,40,4
258.493421052632,372.203947368421,11.6028491446308,37,4
257.967948717949,372.358974358974,9.0873724356774,24,4
256.449367088608,372.70253164557,2.77737151931242,38,4
255.75,372.788461538462,1.65869971869304,16,4
254.817610062893,373.025157232704,3.24420742029624,25,4
253.524390243902,373.048780487805,6.69525838282086,31,4
252.874251497006,373.107784431138,8.51279058641523,13,4
250.593548387097,373.432258064516,12.9690468047337,54,4
250.278481012658,373.329113924051,13.0294804462087,17,4
248.266233766234,373.668831168831,8.53636078767001,44,4
246.826923076923,373.871794871795,1.40753168722881,36,4
246.21568627451,374.183006535948,-0.802458492952079,21,4
245.185185185185,374.462962962963,-0.146303962715589,33,4
244.5,374.449367088608,-0.0820320625606964,18,4
243.012578616352,374.503144654088,3.14246589959404,31,4
241.670886075949,374.53164556962,7.11198377186328,29,4
240.266233766234,374.493506493507,12.7928796126236,26,4
239.677215189873,374.778481012658,10.7598994093151,38,4
238.88125,374.875,11.5267797418062,22,4
236.516339869281,375.320261437908,4.79293017427162,47,4
235.246666666667,375.486666666667,-2.04997195951785,39,4
234.645569620253,375.575949367089,-3.64926602312403,16,4
233.23178807947,375.509933774834,-2.51812792573057,37,4
232.81875,375.6625,-1.9676837858754,15,4
231.845679012346,375.691358024691,1.03643460138407,26,4
230.288461538462,375.826923076923,7.61962158325699,36,4
229.417721518987,375.79746835443,9.8499472124433,16,4
227.696202531646,375.867088607595,12.3406187868136,36,4
227.205128205128,376.070512820513,10.7199113587552,20,4
225.227848101266,376.360759493671,3.60369130154638,44,4
223.636363636364,376.75974025974,-3.86532480153001,44,4
222.76821192053,376.834437086093,-4.09656694196813,23,4
222.28313253012,376.933734939759,-2.09054472865242,23,4
221.674846625767,376.877300613497,-1.02026698629269,23,4
220.276073619632,376.944785276074,1.64292512524771,32,4
218.521472392638,376.969325153374,6.62669031396777,42,4
217.651898734177,376.930379746835,6.2091036157507,23,4
216.588235294118,377.041176470588,3.34298345838308,30,4
215.475,377.13125,-1.38433868050975,28,4
213.761006289308,377.327044025157,-9.74858470151965,41,4
212.345679012346,377.191358024691,-12.6159182565905,39,4
211.939759036145,377.246987951807,-12.2854419358971,18,4
210.801169590643,377.093567251462,-10.1535846034624,33,4
210.245508982036,377.065868263473,-7.92546764574709,18,4
208.755681818182,376.732954545455,-3.33043314985574,43,4
206.970588235294,376.5,-3.88447784860055,36,4
206.04,376.394285714286,-5.90777305145686,25,4
204.135294117647,376.435294117647,-11.0884516859453,49,4
203.355555555556,376.255555555556,-16.3475036939689,26,4
202.403225806452,376.145161290323,-18.8873961298351,30,4
201.196808510638,375.962765957447,-19.1450252342652,38,4
200.956043956044,375.906593406593,-16.3291582545872,28,4
199.942105263158,375.626315789474,-14.2957064773246,32,4
199.054054054054,375.291891891892,-10.8041051047099,27,4
197.806629834254,374.922651933702,-7.06791148310203,38,4
196.890547263682,374.825870646766,-7.95691082780117,42,4
195.888324873096,374.776649746193,-9.20698861738183,30,4
194.451612903226,374.672043010753,-16.4377522238144,43,4
193.994652406417,374.187165775401,-18.8803838047538,27,4
192.597883597884,374.047619047619,-23.5116223802732,44,4
192.145833333333,374.005208333333,-24.9955161086411,37,4
191.645833333333,373.807291666667,-23.2843561940345,22,4
190.814070351759,373.437185929648,-20.6681741282752,39,4
190.505208333333,373.145833333333,-18.8424069030079,21,4
189.4375,372.765625,-15.3129482167741,32,4
188.10824742268,372.29381443299,-15.2029007087747,36,4
187.302197802198,372.065934065934,-16.903127522442,28,4
186.168539325843,371.780898876404,-22.4504672603785,36,4
185.692737430168,371.659217877095,-23.0884499733308,23,4
184.955801104972,371.613259668508,-24.6877358242374,26,4
183.931034482759,371.166666666667,-26.3020127860059,43,4
183.859550561798,371.207865168539,-26.6421607622053,18,4
183.010695187166,370.695187165775,-25.8926440627072,33,4
182.885714285714,370.451428571429,-22.6984819019827,30,4
182.053191489362,369.755319148936,-19.5979553191444,41,4
180.35838150289,369.052023121387,-17.7701448828452,43,4
180.095238095238,369.041666666667,-18.491876871525,21,4
178.720238095238,368.559523809524,-21.8024655563238,36,4
178.597633136095,368.739644970414,-24.8760991157346,29,4
176.937888198758,368.354037267081,-31.5513208821403,48,4
175.313333333333,367.573333333333,-35.4118436872482,43,4
175.05298013245,367.46357615894,-35.3490250932334,15,4
174.104166666667,366.861111111111,-31.8400536075091,31,4
173.587837837838,366.493243243243,-31.367920672103,18,4
172.933774834437,365.774834437086,-27.5692983023314,39,4
171.547945205479,364.904109589041,-25.7198268011815,39,4
170.655172413793,364.462068965517,-28.4931575871954,27,4
169.204225352113,363.971830985916,-35.4997218240224,45,4
168.611111111111,363.597222222222,-40.6213339026992,22,4
167.598591549296,362.859154929577,-45.0686921892517,38,4
166.485915492958,361.957746478873,-47.7665712665542,40,4
166.442176870748,361.802721088435,-47.3261238314371,15,4
166.408163265306,361.12925170068,-49.1153866729064,28,4
166.486111111111,360.951388888889,-48.9364071728352,13,4
166.110344827586,360.186206896552,-48.2494552717123,21,4
165.286713286713,359.167832167832,-50.1982910408559,26,4
164.827338129496,358.863309352518,-52.9421277859191,14,4
163.971223021583,357.820143884892,-63.3928267956579,32,4
163.748201438849,357.503597122302,-67.9503837219413,12,4
163.446808510638,356.794326241135,-75.1737102134079,24,4
163.524475524476,356.34965034965,-78.2172146837463,22,4
163.451388888889,355.923611111111,-79.6423748955194,13,4
163.786666666667,355.766666666667,-78.893684048796,26,4
163.891156462585,355.163265306122,-76.917090953797,19,4
163.986301369863,354.178082191781,-76.0081435553952,31,4
163.878571428571,352.957142857143,-78.0912085878506,28,4
163.735714285714,352.542857142857,-80.1815716569763,14,4
163.58865248227,351.070921985816,85.9573661404481,35,4
163.503546099291,350.475177304965,78.8101561142065,22,4
163.566666666667,349.84,73.1718101499232,27,4
163.784722222222,349.104166666667,74.948926116412,30,4
163.891156462585,348.30612244898,76.0307875042435,15,4
164.243243243243,347.560810810811,80.7185395404631,27,4
164.20253164557,347.069620253165,83.3751643163088,22,4
164.490066225166,345.443708609272,87.5651316023585,41,4
164.342465753425,344.41095890411,85.3094594010463,27,4
164.331034482759,343.006896551724,77.0656849448121,31,4
164.25,342.263513513513,65.1094465357092,35,4
164.490322580645,341.812903225806,62.3823738527673,25,4
165.084967320261,340.758169934641,58.3458621494114,34,4
165.842857142857,340.05,63.5204399026174,29,4
166.214285714286,339.457142857143,66.9765898072928,22,4
166.717391304348,338.355072463768,74.0977765533044,36,4
166.928057553957,337.798561151079,78.7848852856226,21,4
167.065693430657,336.430656934307,81.2109146012803,46,4
167.041666666667,335.3125,72.8280003620535,35,4
167.234899328859,334.536912751678,67.2120188041533,27,4
167.296296296296,333.444444444444,55.8938921537294,40,4
167.48905109489,333.153284671533,54.8806302654332,28,4
168.231884057971,331.927536231884,56.8881533941896,39,4
168.855072463768,331.028985507246,62.6476627220928,28,4
168.941605839416,330.678832116788,67.0062085558908,21,4
169.649253731343,329.313432835821,78.7876973301037,37,4
169.787878787879,328.568181818182,81.6876038574368,26,4
170.149253731343,326.522388059701,82.7623521714778,44,4
170.423076923077,325.169230769231,73.5056012736856,34,4
170.477941176471,324.397058823529,68.5003509168921,20,4
171.27868852459,322.450819672131,42.0304719699436,44,4
171.829268292683,321.658536585366,43.3482391284975,21,4
172.304347826087,321.101449275362,45.0152182590975,31,4
172.517985611511,320.546762589928,51.5284674873003,29,4
172.583941605839,320.481751824818,53.0389587706443,10,4
172.936170212766,319.666666666667,61.398697993827,36,4
173.22695035461,319.326241134752,63.4085836123176,20,4
173.685714285714,318.235714285714,69.386685642662,35,4
174.445255474453,316.547445255474,68.0944482118867,33,4
174.68345323741,316.223021582734,66.0685430382784,14,4
175.260563380282,315.12676056338,56.2102088945619,33,4
175.703448275862,314.634482758621,55.0764082163545,23,4
176.811594202899,313.275362318841,45.2595485853221,45,4
177.928571428571,311.985714285714,39.7513349888212,42,4
178.398734177215,312.03164556962,39.4935995617961,28,4
179.575757575758,311.090909090909,43.1276505656918,51,4
180.208588957055,310.883435582822,42.6658769949983,28,4
180.558441558442,310.032467532468,46.8978162858153,41,4
181.346590909091,309.852272727273,45.2414670412438,30,4
181.901162790698,309.174418604651,41.6742642144817,26,4
183.11797752809,308.488764044944,35.402758195967,40,4
183.659340659341,307.972527472527,30.3196717205669,26,4
184.796703296703,307.274725274725,18.7713499846271,50,4
186.086021505376,306.397849462366,6.37194508243263,44,4
186.930481283422,306.427807486631,7.19407985515444,33,4
188.225130890052,306.193717277487,8.65668081493335,34,4
188.977528089888,305.825842696629,11.8495346878956,33,4
189.694300518135,305.523316062176,21.1596177739259,27,4
190.35175879397,305.331658291457,23.5203123315451,40,4
190.880208333333,305.276041666667,23.1724841508942,29,4
191.994897959184,305.061224489796,25.0745291882345,54,4
192.215,305.285,23.009915356247,18,4
193.383419689119,305.145077720207,20.5710784115909,35,4
194.377450980392,305.107843137255,17.7215998613921,29,4
195.09756097561,305.121951219512,15.1429730347761,27,4
195.898550724638,304.695652173913,14.5086548749222,38,4
196.349514563107,304.320388349515,13.0994715367911,27,4
197.54854368932,303.718446601942,12.67849994479,48,4
199.038834951456,303.533980582524,18.9794426051453,48,4
199.520618556701,303.520618556701,21.9885077338261,28,4
200.973958333333,302.869791666667,28.1796778397805,42,4
201.80412371134,302.737113402062,34.2392371542187,32,4
202.821428571429,302.673469387755,33.0165477588076,36,4
204.106382978723,302.015957446808,31.4605145607719,36,4
204.751412429379,301.971751412429,26.7024336048068,27,4
205.375661375661,301.820105820106,24.2693112873545,32,4
205.65625,301.671875,23.6173845628353,17,4
206.102564102564,301.194871794872,21.2938762065767,33,4
207.024875621891,300.636815920398,21.8905537198807,48,4
207.742105263158,300.189473684211,23.7195930724259,31,4
208.793103448276,299.729885057471,26.6471487463021,38,4
209.86170212766,299.085106382979,34.7614668853191,44,4
210.902857142857,298.525714285714,45.2528367154425,49,4
212.282352941176,297.576470588235,47.8569749743156,41,4
212.884393063584,297.075144508671,47.4890645797387,23,4
213.78612716763,296.335260115607,44.2391384871784,36,4
214.258620689655,296.086206896552,41.5961581241897,17,4
215.132947976879,295.21387283237,34.008676894711,39,4
215.982658959538,294.583815028902,28.5279549024268,38,4
216.387640449438,293.88202247191,25.3853413243599,31,4
217.034482758621,293.471264367816,25.402415553972,44,4
217.613636363636,292.880681818182,25.8132114870336,30,4
219.319526627219,291.85798816568,29.6062812828623,51,4
220.248484848485,291.460606060606,36.1021696638727,52,4
221.21935483871,290.941935483871,36.8992581460667,26,4
222.386075949367,290.23417721519,39.2413074773096,33,4
222.679012345679,290.228395061728,37.4423901543518,18,4
223.382352941176,289.647058823529,35.6899100300083,32,4
224.072625698324,289.13407821229,33.6074407006249,33,4
224.668539325843,288.561797752809,32.4021646716285,19,4
225.225988700565,287.988700564972,31.844694683863,35,4
225.902857142857,287.542857142857,32.3545887640956,30,4
226.87134502924,286.80701754386,38.1313515207775,40,4
228.2375,285.86875,46.7717823628526,45,4
228.609756097561,285.609756097561,46.4312157144267,24,4
229.578313253012,284.897590361446,45.2301193221369,32,4
230.090361445783,284.367469879518,42.8548847417909,20,4
231,283.775862068966,37.1776968128628,30,4
231.994285714286,283.137142857143,29.459428424557,47,4
232.741379310345,282.494252873563,23.280398534514,25,4
233.489247311828,281.774193548387,24.6782677449524,42,4
233.621052631579,281.578947368421,23.4471505551515,30,4
235.882352941176,280.435294117647,26.6887320536302,54,4
237.31875,279.65,32.5418202096122,38,4
237.924050632911,279.556962025316,35.9198460132554,28,4
239.15923566879,278.802547770701,36.2887765675956,35,4
239.424242424242,278.70303030303,37.1719607272249,22,4
240.404761904762,278.011904761905,35.3032752328779,31,4
