440.348837209302,269.581395348837,-35.5459154660706,NaN,1
440.4609375,269.4765625,-37.1591006043888,9,1
440.456,269.632,-36.2611675789315,7,1
440.661290322581,269.620967741935,-36.8069439322784,11,1
440.779661016949,269.872881355932,-36.4450629606635,8,1
440.849206349206,269.865079365079,-37.9024002221797,8,1
440.900826446281,269.942148760331,-36.674110850063,9,1
440.851239669421,269.925619834711,-37.8536591758543,8,1
440.957983193277,269.932773109244,-37.0524185517448,6,1
440.77868852459,269.901639344262,-36.291149588252,5,1
440.894308943089,269.853658536585,-35.7151577644731,5,1
440.865546218487,269.924369747899,-36.379213463567,4,1
440.682926829268,269.845528455285,-36.6431414143965,6,1
440.639344262295,269.770491803279,-36.9470020133897,5,1
440.637096774194,269.814516129032,-35.4065785766243,6,1
440.788617886179,269.837398373984,-36.1278889546845,7,1
440.565573770492,269.811475409836,-34.9230503946693,7,1
440.661290322581,269.870967741935,-35.6880527747165,4,1
440.539682539683,269.809523809524,-34.8908529784683,6,1
440.739837398374,269.861788617886,-35.5192447698921,5,1
440.834710743802,269.98347107438,-36.6439449646499,8,1
440.715447154472,269.821138211382,-38.005147022241,6,1
440.770491803279,269.827868852459,-36.7353406097547,3,1
440.696721311475,269.819672131148,-36.8311017903449,4,1
440.842975206612,269.884297520661,-36.2623585253322,5,1
440.631147540984,269.688524590164,-36.2585282853002,7,1
440.90756302521,269.890756302521,-37.2776220816718,5,1
440.818181818182,269.933884297521,-36.5134152401083,4,1
440.906779661017,269.974576271186,-36.0081347929798,3,1
441.093220338983,270.076271186441,-37.1641414522885,4,1
441.051282051282,270.111111111111,-36.7811211728664,3,1
441.033898305085,269.983050847458,-37.2600475861492,3,1
441.234782608696,270.234782608696,-36.9229795618998,5,1
441.112068965517,270.043103448276,-37.3139286044189,5,1
441.132743362832,270.159292035398,-36.8259479106583,3,1
441.247787610619,270.150442477876,-38.2812951311288,4,1
441.105263157895,270.131578947368,-37.2533339805644,3,1
441,269.974358974359,-37.5985572332903,5,1
440.723577235772,269.934959349593,-34.9486798747356,12,1
440.459016393443,269.885245901639,-42.2722391040399,27,1
439.712121212121,269.969696969697,-63.3635293550232,60,1
440.163793103448,271.620689655172,-81.1966410543552,42,1
440.740740740741,274.648148148148,-78.0462651431761,64,1
441.115384615385,276.161538461538,-69.8162479452066,40,1
442.379032258065,279.854838709677,-65.9276465876617,80,1
444.407407407407,285.416666666667,-85.5114016311909,94,1
445.11,286.9,-77.0780248909394,30,1
446.559633027523,290.119266055046,-64.0342953336998,75,1
447.916666666667,293.133333333333,-62.5536728144568,61,1
449.568,297.816,-84.581656029418,85,1
450.398305084746,302.652542372881,-87.1741550458097,93,1
450.30303030303,304.686868686869,-75.4891406504163,37,1
451.209090909091,309.809090909091,-73.4727224449166,87,1
451.507936507937,312.952380952381,-77.2949606749419,56,1
452.590909090909,319.072727272727,-78.6129724859666,106,1
453.6953125,323.015625,-62.124340225501,78,1
454.712871287129,325.069306930693,-58.640509111511,45,1
456.009708737864,330.194174757282,-80.1507131045831,94,1
456.646551724138,333.413793103448,-84.2898387485383,55,1
457.725,338.033333333333,-71.6749489203122,84,1
458.6,342.716666666667,-76.0457465362659,80,1
458.990384615385,344.25,-81.2550590235308,36,1
459.225490196078,350.5,-82.38430840799,102,1
459.689655172414,352.870689655172,-76.7463022221461,44,1
460.2,357.347826086957,-79.7260989136121,77,1
460.182608695652,362.052173913043,81.9983765174038,80,1
459.91,364.51,78.1158998470403,41,1
459.628865979381,368.721649484536,-86.435351827252,75,1
459.575221238938,371.433628318584,-82.854749386772,50,1
459.189189189189,376.099099099099,85.9513144767,80,1
458.766990291262,381,82.3336737810451,80,1
458.72,382.2,88.4381607007363,25,1
458.888888888889,386.393939393939,-81.0840883257097,73,1
459.028846153846,388.942307692308,-83.6113508139598,45,1
458.936170212766,393.36170212766,76.8438281405866,72,1
458.5,397.186274509804,81.1787761144966,56,1
458.441176470588,398.323529411765,87.17955352542,26,1
458.50495049505,399.891089108911,-83.4655874536389,37,1
458.61,400.38,-79.1387434814954,15,1
458.695652173913,400.771739130435,-82.2814822944814,20,1
458.806818181818,400.897727272727,-85.2273650570662,12,1
458.880434782609,400.945652173913,-82.0567254593456,8,1
459.019417475728,400.349514563107,-74.4791019471963,25,1
459.121495327103,400.280373831776,-70.8668308791215,16,1
459.794392523364,400.626168224299,-75.5352289017437,32,1
459.633928571429,400.044642857143,-74.2013154593488,19,1
459.638095238095,400.342857142857,-73.8865144611514,15,1
460.29,400.39,-73.5421188413332,25,1
460.814432989691,400.670103092784,-72.4675264083261,17,1
461.018691588785,400.140186915888,-70.9049726906305,26,1
461.322916666667,400.489583333333,-84.5543401793538,31,1
461.408602150538,401.10752688172,86.0760677462526,25,1
461.574257425743,401.673267326733,71.2290462461036,34,1
461.464912280702,400.912280701754,80.1107323796857,21,1
460.835051546392,402.567010309278,63.7405112528131,35,1
460.384615384615,401.884615384615,62.1119680837469,35,1
460.134615384615,401.980769230769,61.2373822188269,16,1
459.778846153846,401.673076923077,58.877676251115,28,1
458.376623376623,404.051948051948,47.2730590118412,33,1
458.545454545455,402.676767676768,49.4967715465834,34,1
457.375,402.75,43.8352997066635,33,1
456.902912621359,402.233009708738,43.0153016908747,31,1
455.739583333333,401.583333333333,44.3019036035933,55,1
455.031578947368,401.242105263158,49.4126602223246,29,1
453.627906976744,401.639534883721,48.995748273726,41,1
451.941176470588,402.435294117647,40.5172978802627,41,1
451.038461538462,403.205128205128,28.5329228294036,15,1
449.406976744186,403.313953488372,14.6503284506939,30,1
448.872549019608,403.117647058824,15.3367741728001,24,1
446.34375,403.458333333333,25.2700075418834,48,1
444.554455445545,403.029702970297,21.9448173049758,45,1
443.673267326733,403.247524752475,17.874585328136,22,1
441.674157303371,403.696629213483,19.215768197497,40,1
441.113636363636,403.761363636364,17.7377769631117,19,1
439.698795180723,404.012048192771,12.6861302635367,23,1
437.901098901099,403.967032967033,12.4630159169714,38,1
437.287356321839,403.896551724138,13.2379923739546,18,1
434.860759493671,403.860759493671,19.9998435332045,42,1
434.733333333333,403.411111111111,21.8132356526612,25,1
433.298850574713,403.402298850575,22.8836387852972,27,1
431.370786516854,403.707865168539,20.6724961718541,30,1
430.822916666667,403.677083333333,15.6369272785552,15,1
429.13829787234,403.989361702128,7.58944706481427,32,1
NaN,NaN,NaN,94,1
405.48,241.984,-21.5429828949939,NaN,2
405.338983050847,242.050847457627,-22.1910762189546,11,2
405.32,241.752,-22.6383387903505,13,2
405.528,241.824,-22.5404539638722,4,2
405.275590551181,241.850393700787,-22.2864688394799,12,2
405.277777777778,241.833333333333,-23.1667762079711,5,2
405.448,241.832,-22.4663638470017,11,2
405.491935483871,241.879032258065,-21.6569943084111,9,2
405.528,241.872,-21.5893663438353,3,2
405.390625,241.828125,-22.0901070853661,9,2
405.467741935484,241.838709677419,-21.729497771044,6,2
405.444444444444,241.809523809524,-22.3078708984553,4,2
405.40157480315,241.771653543307,-22.8276307256511,3,2
405.404761904762,241.849206349206,-22.7790308101789,3,2
405.325396825397,241.857142857143,-22.6159997798335,4,2
405.2578125,241.7890625,-23.4552561412991,6,2
405.28,241.736,-23.2354693508498,5,2
405.382113821138,241.788617886179,-22.6235714560655,4,2
405.224,241.768,-23.8473861771801,8,2
405.471074380165,241.785123966942,-22.735551877754,8,2
405.325396825397,241.68253968254,-23.8014234970535,5,2
405.420634920635,241.825396825397,-21.4805887540914,10,2
405.312977099237,241.671755725191,-21.8699453371368,7,2
405.496296296296,241.874074074074,-20.3806681528021,12,2
405.453237410072,241.856115107914,-19.0250140671434,10,2
405.608108108108,242.040540540541,-17.9439962698917,13,2
405.863636363636,242.025974025974,-14.9783842860187,10,2
406.037974683544,242.227848101266,-15.6599322242311,12,2
405.777777777778,242.045751633987,-16.0110842358335,11,2
405.728476821192,242.132450331126,-15.2246076980382,6,2
405.77027027027,242.101351351351,-15.7727720007021,5,2
405.622377622378,242.167832167832,-17.0126429949085,9,2
405.788732394366,242.302816901408,-15.9531240746137,11,2
405.761904761905,242.367346938776,-17.3143661489745,11,2
406.033783783784,242.358108108108,-19.6878869284562,13,2
406.163265306122,242.482993197279,-19.5941969113846,9,2
405.986842105263,242.513157894737,-20.4681252008776,13,2
406.277419354839,242.677419354839,-20.4331539897818,15,2
406.173076923077,242.576923076923,-20.6738171487364,7,2
406.264516129032,242.548387096774,-18.9922272898891,13,2
406.222222222222,242.490196078431,-19.8414611433701,8,2
406.033333333333,242.386666666667,-18.6826967541191,11,2
405.951388888889,242.138888888889,-16.4184455530296,14,2
406,242.157534246575,-15.8703384878246,4,2
405.814285714286,242.042857142857,-17.731537258031,14,2
405.714285714286,242.035714285714,-18.2604619731515,6,2
405.772058823529,241.830882352941,-20.1831113447284,12,2
405.694029850746,241.850746268657,-21.892414258359,12,2
405.465648854962,241.595419847328,-22.0955006195287,9,2
405.357142857143,241.690476190476,-22.193950794624,7,2
405.62015503876,241.821705426357,-20.4323858581372,7,2
405.833333333333,241.857142857143,-21.0095051555864,9,2
405.860655737705,241.934426229508,-20.3263931760339,4,2
405.647540983607,241.852459016393,-20.4196524061936,6,2
405.886363636364,241.818181818182,-19.2084551802799,10,2
406.051851851852,241.777777777778,-18.3008875876473,7,2
405.925170068027,242.074829931973,-16.3939947317642,16,2
408.733695652174,243.336956521739,-17.0026740240318,63,2
408.633333333333,243.477777777778,-20.4440983957432,28,2
408.873626373626,243.857142857143,-22.5924586780984,42,2
408.401069518717,243.620320855615,-22.8080653546019,29,2
407.135802469136,243.5,-33.7854818595379,65,2
406.72049689441,242.658385093168,-72.605559833596,59,2
406.231884057971,241.239130434783,-87.5892263421902,45,2
406.112,238.376,85.4450153585135,67,2
406.216417910448,236.440298507463,-85.2344038453991,41,2
406.211267605634,233.654929577465,-70.4327865487213,66,2
405.282258064516,228.879032258065,-86.5832075050828,88,2
405.25,228.037037037037,89.4445384982515,24,2
405.189189189189,223.846846846847,-87.4442908503108,69,2
404.842519685039,221.527559055118,-77.6607168893245,40,2
404.026315789474,217.175438596491,-76.2273976260309,75,2
403.692307692308,213.094017094017,82.7019715832768,71,2
403.718446601942,211.368932038835,77.3119556454589,30,2
403.93137254902,207.362745098039,-89.9349176512984,75,2
403.732142857143,204.571428571429,-83.5931328704909,54,2
404.053097345133,200.53982300885,84.4023550830906,71,2
404.764227642276,197.032520325203,71.6757084891552,74,2
405.188679245283,195.424528301887,73.5586724759975,33,2
405.933333333333,191.780952380952,-86.9946526373553,71,2
405.983606557377,189.024590163934,-82.9693814244006,47,2
406.198412698413,184.865079365079,-88.4337370740946,68,2
406.2,180.527272727273,88.0108485121496,72,2
405.929203539823,178.362831858407,-81.7570317082036,39,2
405.165137614679,175.633027522936,-69.9288587583295,60,2
404.669421487603,173.107438016529,-72.4405709512588,46,2
404,169.297520661157,-87.1875718776855,70,2
403.410256410256,165.547008547009,-88.0386399165873,68,2
403.219298245614,164.254385964912,-79.5392149229996,27,2
402.715517241379,160.508620689655,-72.0950414646719,62,2
402.423076923077,158.892307692308,-74.6833663899045,34,2
401.771186440678,155.127118644068,-81.0237537082713,66,2
400.513274336283,151.398230088496,-73.7326125919751,67,2
400.239669421488,150.512396694215,-69.0102637184161,28,2
398.864077669903,147.019417475728,-63.5850956988551,64,2
398.461538461538,145.162393162393,-72.6984168281981,34,2
397.774774774775,141.864864864865,-83.0902001436286,58,2
397.137931034483,138.948275862069,-76.655492839615,47,2
397.081818181818,137.745454545455,-67.6429459757835,28,2
395.948275862069,134.353448275862,-61.1463813091638,62,2
395.575,132.866666666667,-64.3119326819488,32,2
394.613445378151,129.655462184874,-74.4363440003102,59,2
393.358490566038,125.905660377358,-69.9224125057985,65,2
392.952380952381,125.07619047619,-61.5396922586633,23,2
391.792452830189,122.764150943396,-52.8339854050495,49,2
390.981981981982,121.243243243243,-57.7620607425539,29,2
389.955357142857,118.758928571429,-76.6917701924525,47,2
389.057142857143,115.209523809524,-78.9868238681408,61,2
388.247524752475,113.386138613861,-65.7493530523585,36,2
387.25,111.607142857143,-54.9474185719938,43,2
386.681415929204,110.592920353982,-49.6317293076854,31,2
384.9,108.163636363636,-55.6181540581709,53,2
383.203883495146,105.106796116505,-72.9393103413101,59,2
382.77,103.95,-70.4352429809223,25,2
381.447619047619,101.495238095238,-59.2779321501522,47,2
NaN,NaN,NaN,105,2
NaN,NaN,NaN,0,2
NaN,NaN,NaN,0,2
NaN,NaN,NaN,0,2
NaN,NaN,NaN,0,2
NaN,NaN,NaN,0,2
NaN,NaN,NaN,0,2
NaN,NaN,NaN,0,2
NaN,NaN,NaN,0,2
NaN,NaN,NaN,0,2
NaN,NaN,NaN,0,2
NaN,NaN,NaN,0,2
NaN,NaN,NaN,0,2
NaN,NaN,NaN,0,2
NaN,NaN,NaN,0,2
NaN,NaN,NaN,0,2
NaN,NaN,NaN,0,2
NaN,NaN,NaN,0,2
NaN,NaN,NaN,0,2
NaN,NaN,NaN,0,2
NaN,NaN,NaN,0,2
NaN,NaN,NaN,0,2
NaN,NaN,NaN,0,2
NaN,NaN,NaN,0,2
NaN,NaN,NaN,0,2
NaN,NaN,NaN,0,2
NaN,NaN,NaN,0,2
NaN,NaN,NaN,0,2
NaN,NaN,NaN,0,2
NaN,NaN,NaN,0,2
NaN,NaN,NaN,0,2
NaN,NaN,NaN,0,2
NaN,NaN,NaN,0,2
NaN,NaN,NaN,0,2
NaN,NaN,NaN,0,2
NaN,NaN,NaN,0,2
396.618320610687,250.015267175573,39.8247209531525,NaN,3
396.472,250.104,38.9130845239767,10,3
396.349206349206,250.214285714286,40.659192181656,9,3
396.427419354839,250.217741935484,39.2915459762253,8,3
396.162601626016,250.373983739837,39.8591841341721,7,3
396.354330708661,250.307086614173,39.1586988859653,6,3
396.480916030534,250.106870229008,39.2790101096461,6,3
396.572519083969,250.030534351145,39.6365511535735,8,3
396.492307692308,250.076923076923,40.2550610173016,3,3
396.795454545455,249.818181818182,40.7640897120841,12,3
397,249.761194029851,40.0600158740576,6,3
396.81679389313,249.847328244275,38.7460688276995,9,3
396.866666666667,249.785185185185,39.621471755845,12,3
396.785185185185,249.725925925926,39.9255925048397,6,3
396.874074074074,249.762962962963,39.5920558086113,8,3
396.970802919708,249.686131386861,39.7751667820569,4,3
396.648854961832,249.870229007634,39.7893497025649,8,3
396.666666666667,250.045454545455,39.0325559707608,7,3
396.65671641791,250.029850746269,38.1845076379697,4,3
396.5390625,250.140625,38.7670632924899,6,3
396.671755725191,250.053435114504,38.7467073421276,5,3
396.403100775194,250.186046511628,39.7714064004364,8,3
396.561538461538,250.138461538462,39.1338473537045,7,3
396.418604651163,250.170542635659,40.4224896879912,5,3
396.346774193548,250.274193548387,40.3012994507341,7,3
396.439024390244,250.349593495935,38.8482207914208,5,3
396.304,250.36,40.0609894600748,8,3
396.364341085271,250.31007751938,39.0081453565855,8,3
396.314960629921,250.220472440945,39.2996852616438,6,3
396.917910447761,249.731343283582,38.1987155945405,13,3
396.807142857143,249.75,38.0899542967929,8,3
397.13986013986,249.545454545455,37.4998977623218,7,3
397.158620689655,249.427586206897,38.3801966142411,6,3
397.523178807947,249.284768211921,37.4797757873041,12,3
397.436708860759,248.924050632911,41.1303691396762,29,3
397.165605095541,248.898089171975,44.7825728481796,23,3
396.877551020408,249.551020408163,38.7978159588038,36,3
396.538461538462,250,35.1451021072811,22,3
396.554054054054,249.925675675676,29.8609637723398,27,3
395.54,250.16,6.11007783389562,56,3
394.993055555556,249.993055555556,-1.91995717024403,32,3
392.484126984127,250.571428571429,10.1111531761693,60,3
389.094017094017,251.777777777778,28.2302322362067,77,3
387.649572649573,252.324786324786,15.5267986011631,28,3
384.593495934959,252.439024390244,-13.5861326504361,68,3
383.676258992806,252.359712230216,-19.6581216602446,44,3
379.945205479452,251.972602739726,-8.8083320849333,91,3
376.779310344828,251.855172413793,-0.196034930866294,75,3
375.162962962963,251.748148148148,-5.10180331808102,38,3
372.693548387097,251.725806451613,-17.9385289732863,53,3
371.224,251.648,-35.729443450913,43,3
369.1015625,250.71875,-38.2677043337731,61,3
366.2421875,249.03125,-32.4359276681257,60,3
364.849206349206,247.960317460317,-26.0473275530651,34,3
362.619047619048,246.81746031746,-24.7379631404183,50,3
361.65873015873,246.31746031746,-26.8849612154379,26,3
359.483870967742,244.887096774194,-42.876236267532,58,3
357.284482758621,243.48275862069,-56.824260663514,52,3
356.548672566372,242.805309734513,-53.1085366223409,25,3
354.703389830508,241.305084745763,-44.6341341774583,47,3
353.820512820513,240.589743589744,-38.4290997311915,25,3
352.395161290323,239.508064516129,-30.1147884056009,47,3
350.225806451613,238.516129032258,-26.6485622722003,54,3
348.886956521739,237.904347826087,-25.4843284711111,29,3
346.367924528302,236.650943396226,-39.87389005803,55,3
345.486725663717,235.973451327434,-48.4511090349689,33,3
343.706896551724,234.663793103448,-51.7764423425111,49,3
341.771186440678,233.305084745763,-45.3713388082877,54,3
340.649572649573,232.538461538462,-38.4898647481031,33,3
339.336134453782,231.941176470588,-30.2099652176475,38,3
338.106557377049,231.098360655738,-27.9478381512384,37,3
335.51724137931,229.706896551724,-23.30416679298,58,3
333.566037735849,228.547169811321,-33.4807926824876,46,3
332.690265486726,227.991150442478,-38.3506192821135,23,3
330.703703703704,226.685185185185,-46.3392986977791,51,3
329.954954954955,226.225225225225,-49.0700633685209,25,3
328.601769911504,225.353982300885,-45.4976802326097,46,3
327.224137931034,223.887931034483,-44.8448429227824,39,3
326.301724137931,223.23275862069,-41.2769275165996,22,3
324.655737704918,222,-35.4507013919628,34,3
324.144,221.392,-34.2168639267588,19,3
322.37984496124,220.131782945736,-35.2943628460419,42,3
320.380530973451,218.955752212389,-42.3501518327176,40,3
319.707547169811,218.584905660377,-42.1606228753836,17,3
318.422413793103,217.439655172414,-46.627945303215,28,3
317.568965517241,216.836206896552,-52.6311791257081,24,3
316.102564102564,215.641025641026,-48.620215587338,37,3
314.743801652893,214.487603305785,-44.4793583385513,34,3
314,213.761904761905,-41.7413939356863,21,3
312.590551181102,212.724409448819,-35.7408908867294,35,3
311.984375,212.2734375,-35.1159186646998,19,3
310.153225806452,211.072580645161,-33.9923244624879,40,3
308.550847457627,210.084745762712,-35.0750568850187,36,3
307.560344827586,209.422413793103,-39.267132792863,24,3
306.368421052632,208.850877192982,-42.2058672165906,24,3
305.761061946903,208.265486725664,-47.0252545994895,17,3
304.634782608696,207.452173913043,-50.4367439861576,24,3
303.471544715447,206.60162601626,-48.7941783159123,32,3
302.96,206.184,-48.4679147081751,16,3
301.984375,205.421875,-45.5319006452505,23,3
301.603174603175,205.253968253968,-44.9147814318207,14,3
300.449612403101,204.403100775194,-42.727495466294,29,3
299.271317829457,203.511627906977,-39.0069745120858,28,3
298.727272727273,203.121212121212,-36.5265852586892,15,3
297.282442748092,202.114503816794,-36.7179782480501,35,3
296.744186046512,201.790697674419,-36.3428665018946,16,3
295.65873015873,201.02380952381,-36.5909764567172,23,3
294.293650793651,200.246031746032,-42.2275136093601,28,3
293.934426229508,199.860655737705,-43.145282512619,16,3
292.967479674797,199.341463414634,-44.094285561474,25,3
292.237704918033,198.83606557377,-47.5986831988319,19,3
291.261904761905,198.031746031746,-45.1761125962075,26,3
290.263157894737,197.473684210526,-42.8904970749079,21,3
289.921875,197.1640625,-41.5770289211444,13,3
288.955882352941,196.448529411765,-41.0086700441356,26,3
288.610687022901,196.213740458015,-38.929456151223,13,3
287.753968253968,195.531746031746,-38.1676695310671,25,3
286.715384615385,194.9,-37.0455916218612,26,3
286.153846153846,194.476923076923,-37.8401567996894,14,3
285.103174603175,194.047619047619,-40.2741829944574,22,3
284.393442622951,193.467213114754,-41.5752038229623,16,3
283.230158730159,192.626984126984,-45.2058564051493,26,3
282.443548387097,192.161290322581,-46.7002713852026,22,3
281.905511811024,191.866141732283,-46.733337609924,15,3
281.221374045802,191.442748091603,-44.0263855943437,16,3
280.706349206349,191.02380952381,-45.4022578445754,17,3
280.068702290076,190.541984732824,-43.1349317979575,19,3
279.293233082707,189.992481203008,-42.5787992820016,20,3
279.030303030303,189.909090909091,-41.1711632896548,13,3
278.206106870229,189.427480916031,-38.9838115419623,19,3
277.725190839695,189.068702290076,-39.3307467298351,16,3
276.674603174603,188.468253968254,-39.542115370054,21,3
275.812030075188,187.96992481203,-40.5929026378039,23,3
275.613636363636,187.924242424242,-41.0321966323442,7,3
274.471544715447,187.024390243902,-46.1198289107583,23,3
274.288,187.08,-44.3732075097195,12,3
273.049586776859,186.099173553719,-48.6720280154425,28,3
272.447154471545,185.764227642276,-49.2099476881928,16,3
272.229508196721,185.573770491803,-49.0130211931618,9,3
271.508064516129,184.870967741935,-49.4192123261775,20,3
271.174603174603,184.619047619048,-49.5270023319221,8,3
270.444444444444,183.833333333333,-47.2178223456697,24,3
269.674418604651,183.263565891473,-44.1663885624265,21,3
269.418604651163,183.162790697674,-43.0470532475869,8,3
268.573643410853,182.263565891473,-42.8283217346485,24,3
268.572519083969,182.198473282443,-43.413330946719,6,3
267.638461538462,181.430769230769,-42.3249463890223,23,3
267.381679389313,181.374045801527,-44.3373214953241,15,3
266.854961832061,180.923664122137,-45.6327574422507,16,3
265.975609756098,180.048780487805,-48.7076444623212,24,3
265.837398373984,180.065040650407,-47.4602159253652,8,3
265.06976744186,179.527131782946,-50.4610670905887,22,3
264.434426229508,178.83606557377,-51.6827229423322,19,3
264.130081300813,178.430894308943,-52.9236292250767,11,3
263.282051282051,177.649572649573,-52.5847007377267,20,3
262.876033057851,177.429752066116,-53.1962469362476,12,3
262.577235772358,177.056910569106,-53.4212010545748,10,3
261.991803278689,176.401639344262,-52.9928391313296,21,3
261.934426229508,176.33606557377,-53.2447640289264,4,3
261.322033898305,175.720338983051,-51.0919433981818,16,3
261.05,175.391666666667,-51.455124514307,8,3
260.368852459016,174.66393442623,-49.9561753759167,16,3
259.779661016949,174.21186440678,-48.6597107035457,14,3
259.581967213115,173.94262295082,-49.4142647863459,8,3
259.154471544715,173.593495934959,-48.1345699522341,11,3
258.975609756098,173.317073170732,-48.7717453724337,6,3
258.436507936508,172.873015873016,-48.0307703226169,13,3
257.926829268293,172.30081300813,-48.030867075604,13,3
257.732283464567,172.031496062992,-47.9559328280812,6,3
257.32,171.928,-48.0767477872319,10,3
257.196721311475,171.688524590164,-48.6775040135307,9,3
256.680327868852,171.106557377049,-48.8603782423135,12,3
256.289256198347,170.842975206612,-47.8431620656716,11,3
256.297520661157,170.702479338843,-48.4332939756167,6,3
256.15,170.483333333333,-48.5329668312782,7,3
255.98347107438,170.371900826446,-48.4951868482627,9,3
255.573770491803,170.090163934426,-47.7017689261535,9,3
255.016806722689,169.613445378151,-47.3019854040152,11,3
254.867768595041,169.462809917355,-47.2348478608403,8,3
254.578512396694,169.190082644628,-47.7134323974284,10,3
254.458015267176,169.068702290076,-47.8029265725533,10,3
254.048780487805,168.585365853659,-48.151973411191,18,3
253.887096774194,168.475806451613,-48.6532048430021,11,3
253.84375,168.4921875,-47.8121240764353,10,3
253.219512195122,167.821138211382,-48.222246399341,19,3
253.098360655738,167.713114754098,-48.2445916736919,5,3
253.196850393701,167.669291338583,-50.1641963333603,9,3
252.83606557377,167.27868852459,-51.2643254573097,9,3
252.512195121951,167.089430894309,-50.4310028860282,7,3
252.404580152672,166.847328244275,-50.4080212454697,12,3
252.251968503937,166.629921259843,-50.0314522928358,6,3
252.047619047619,166.396825396825,-50.3913719819513,7,3
251.864,166.216,-50.7266465285482,5,3
251.779527559055,166.03937007874,-50.448095069357,10,3
251.40157480315,165.795275590551,-50.1790001922985,8,3
251.214285714286,165.650793650794,-50.3627373694924,7,3
251.181102362205,165.409448818898,-49.8142398003917,9,3
251.1,165.384615384615,-50.7297771838658,5,3
250.801587301587,165.150793650794,-50.0991451924031,8,3
250.704918032787,164.762295081967,-49.5303294911739,8,3
250.569105691057,164.617886178862,-50.0327163158366,7,3
250.354330708661,164.472440944882,-49.3913850206188,6,3
250.253968253968,164.396825396825,-49.466389943399,7,3
250.204724409449,164.244094488189,-49.5821375330761,3,3
250.186991869919,164.186991869919,-49.5264740507457,8,3
250.056910569106,164.081300813008,-49.1728038702734,8,3
249.824,163.872,-48.2278698114106,8,3
249.709923664122,163.679389312977,-49.1157164444192,8,3
249.770992366412,163.770992366412,-48.8170632807803,6,3
249.484375,163.5078125,-48.770940851899,5,3
249.415384615385,163.292307692308,-48.6741383989199,10,3
249.3125,163.15625,-48.8328495011376,6,3
249.212598425197,162.913385826772,-49.5094716454221,5,3
249.157480314961,162.944881889764,-49.6633177919803,2,3
249.185483870968,162.862903225806,-49.3307754940035,9,3
248.984375,162.7890625,-49.2183295057247,6,3
248.866141732283,162.51968503937,-49.6274851224729,7,3
248.809523809524,162.412698412698,-50.2243428139064,7,3
248.714285714286,162.293650793651,-49.5467773232575,6,3
248.532258064516,162.104838709677,-51.1238986784566,8,3
248.408,161.912,-49.7236266671592,7,3
248.406015037594,162,-50.1535119526245,10,3
248.459677419355,161.838709677419,-51.062931818223,9,3
248.344,161.816,-51.1360465648419,3,3
248.292682926829,161.723577235772,-51.27497242372,2,3
248.328,161.72,-51.3405292973038,2,3
248.185483870968,161.483870967742,-51.0651726309012,7,3
248.185483870968,161.395161290323,-51.3932812581689,2,3
248.236220472441,161.472440944882,-50.9889433406808,5,3
248.15873015873,161.365079365079,-52.0084280387634,5,3
248.201550387597,161.403100775194,-51.0742883104079,7,3
248.171875,161.2578125,-50.986504270284,5,3
248.055555555556,161.142857142857,-51.4337051718918,2,3
248.102362204724,161.244094488189,-51.8584338244687,3,3
248.2109375,161.28125,-51.2072747269402,5,3
248.047619047619,161.15873015873,-51.187742484422,4,3
