382.148760330579,251.421487603306,22.2178707261283,NaN,1
382.073170731707,251.439024390244,21.7256529695972,4,1
381.932203389831,251.593220338983,21.4758088259708,5,1
382.218487394958,251.453781512605,21.8325317265389,5,1
382.135593220339,251.483050847458,22.0832775242215,3,1
382.330508474576,251.474576271186,22.0921739582852,6,1
382.14406779661,251.508474576271,21.8504385888588,4,1
382.090909090909,251.479338842975,22.2357886168266,5,1
382.430894308943,251.341463414634,22.0297996312845,6,1
382.280991735537,251.347107438017,21.5042412604379,4,1
382.117647058824,251.46218487395,21.7877254965988,6,1
382.152542372881,251.449152542373,22.0891988350683,3,1
381.991803278689,251.426229508197,21.385377839436,6,1
382.190082644628,251.388429752066,22.6144796658309,3,1
382.00826446281,251.421487603306,21.5281278939701,4,1
382.231404958678,251.305785123967,21.5968364453578,4,1
382.116666666667,251.433333333333,22.2713686793898,5,1
382.27731092437,251.294117647059,21.5531174054593,3,1
382.415254237288,251.245762711864,21.1045355997135,5,1
382.078260869565,251.591304347826,21.8121535541557,9,1
382.084033613445,251.327731092437,20.6120943933102,10,1
382.111111111111,251.333333333333,20.8095752263441,4,1
382.15,251.308333333333,21.3417393711305,7,1
382.478991596639,251.27731092437,21.7341029979836,7,1
382.336134453782,251.36974789916,21.9491118860757,4,1
382.145299145299,251.564102564103,22.621326582896,6,1
382.271929824561,251.438596491228,21.4406079536721,7,1
382,251.663716814159,21.4209673892736,5,1
382.111111111111,251.521367521368,22.0360836009882,4,1
382.3,251.4,22.5963130505814,3,1
382.440677966102,251.296610169492,22.1051522814102,6,1
382.201680672269,251.495798319328,22.940482689258,7,1
382.061946902655,251.628318584071,21.6138897329806,6,1
382.145454545455,251.581818181818,20.9472900901855,3,1
382.487394957983,251.386554621849,22.7432322981567,11,1
382.165217391304,251.547826086957,21.9299303527326,8,1
382.262711864407,251.440677966102,22.1330777252294,7,1
382.120689655172,251.551724137931,22.0136042310557,4,1
382.188034188034,251.504273504273,22.0362104981248,3,1
382.116666666667,251.433333333333,22.2713686793898,5,1
382.165289256198,251.446280991736,22.4936172046253,3,1
382.067796610169,251.491525423729,22.4378063667107,5,1
382.215517241379,251.465517241379,22.238490941354,6,1
382.305084745763,251.398305084746,22.5394006526642,6,1
382.147826086957,251.573913043478,21.9923425205604,5,1
382.24347826087,251.4,21.4718815685489,8,1
382.102564102564,251.504273504273,21.8605903410457,4,1
382.068376068376,251.581196581197,22.1179209916245,2,1
382.438016528926,251.388429752066,21.8623956036931,6,1
382.237288135593,251.415254237288,21.5677436936583,9,1
382.150442477876,251.53982300885,21.6534620767206,9,1
382.078260869565,251.573913043478,21.9185049994118,4,1
382.078260869565,251.478260869565,21.9212027589555,6,1
382.113043478261,251.539130434783,21.6761941161547,4,1
381.964912280702,251.640350877193,21.4414657884123,9,1
382.21186440678,251.542372881356,22.3822330129597,6,1
382.217391304348,251.513043478261,21.707695709494,3,1
382.17094017094,251.512820512821,22.2789176534882,6,1
382.147826086957,251.6,21.3838845372039,4,1
382.222222222222,251.521367521368,21.9790377357995,6,1
382.053097345133,251.663716814159,21.0134746931619,6,1
382,251.705357142857,20.7380878242799,3,1
381.859649122807,251.771929824561,21.2450663789062,4,1
382.106194690266,251.663716814159,21.5093556911769,5,1
382.182608695652,251.660869565217,20.3557915611165,8,1
382.45,251.625,20.1359994232945,9,1
382.677165354331,251.48031496063,22.4027881077751,25,1
381.924369747899,251.63025210084,31.2104235947468,36,1
381.495726495727,251.700854700855,43.9115351291625,24,1
379.934959349593,252.39837398374,37.1961054355207,44,1
378.882882882883,253.756756756757,7.14965479851609,48,1
377.5,254.084905660377,-1.52492382575704,35,1
373.519480519481,254.155844155844,-1.4515018035672,75,1
371.632911392405,254.506329113924,13.3549003757305,30,1
367.527777777778,256.222222222222,32.2340810954959,65,1
364.036585365854,257.390243902439,14.3454553783825,56,1
361.246753246753,257.961038961039,1.98632687868251,43,1
357.646341463415,258.231707317073,2.67660778573467,57,1
356.15625,258.572916666667,9.30202401500443,28,1
351.2,259.658823529412,28.3185592264584,73,1
348.010752688172,260.784946236559,16.962067950711,54,1
344.365853658537,261.634146341463,6.47804586323363,53,1
341.511904761905,261.630952380952,10.6133660254691,48,1
338.918604651163,262.813953488372,32.2245836193991,44,1
335.6,264.5,40.2887509295269,60,1
332.65625,265.760416666667,24.3840593345542,58,1
330.118279569892,267.010752688172,17.4690745995438,43,1
326.815217391304,268.04347826087,26.043581477391,59,1
325.47572815534,268.932038834951,37.4473304905979,33,1
322.457943925234,271.093457943925,51.014295051103,60,1
319.709090909091,273.254545454545,39.9166776057938,59,1
317.397727272727,274.988636363636,25.27789785512,50,1
314.442105263158,277.189473684211,39.2753584393639,65,1
312.876288659794,278.670103092784,52.4787964539014,42,1
310.280898876404,281.876404494382,63.1255762532538,64,1
308.115384615385,284.413461538462,50.3226365879594,59,1
306.606060606061,285.757575757576,43.0099142946615,35,1
303.989130434783,288.967391304348,52.693847882898,71,1
303.145833333333,290.395833333333,63.6356717107359,30,1
301.170212765957,293.81914893617,73.1131958755499,66,1
299.388349514563,296.78640776699,58.2056130476567,57,1
298.556701030928,297.639175257732,48.8462219124623,24,1
296.31914893617,300.957446808511,55.2351736208532,69,1
295.362745098039,303.049019607843,68.8100964332519,40,1
294.412371134021,306.484536082474,85.5252039796139,59,1
293.141509433962,309.990566037736,73.8129476032926,63,1
292.510204081633,311.397959183673,60.6695931989469,30,1
291.019230769231,314.298076923077,60.3881252406015,64,1
290.442477876106,316.106194690266,66.599898123795,37,1
289.264150943396,320.056603773585,82.6378738440268,71,1
288.21568627451,323.980392156863,75.200999008161,66,1
287.633333333333,325.588888888889,62.4745602870124,28,1
286.355769230769,328.346153846154,63.1149602784143,52,1
285.990476190476,329.961904761905,68.2670418015236,31,1
285.350515463918,333.59793814433,86.1242951688453,60,1
284.734693877551,337.163265306122,81.4534484338849,55,1
284.387755102041,338.469387755102,73.2109876591126,26,1
283.521739130435,341.369565217391,61.2333951366733,48,1
283.009708737864,343.669902912621,68.1661320180322,37,1
282.43137254902,346.794117647059,84.5981443905621,53,1
281.979797979798,350.333333333333,88.8726525127374,57,1
281.455445544554,351.980198019802,78.8726379232414,30,1
280.541666666667,354.9375,62.054110565535,57,1
279.88785046729,356.588785046729,62.6383506741587,33,1
278.941176470588,360.186274509804,80.6000846420574,63,1
278.787878787879,363.919191919192,-82.054259691478,63,1
278.593406593407,364.879120879121,-84.4691237203497,22,1
278.184782608696,368.880434782609,77.6744119534492,65,1
277.722772277228,371.128712871287,72.7884479854013,37,1
276.960396039604,374.465346534653,75.3222758796507,56,1
276.604395604396,378.285714285714,-84.4217112626862,62,1
276.590361445783,379.228915662651,-85.6517689478618,18,1
276.548780487805,383.365853658537,84.820484653544,63,1
276.241758241758,385.571428571429,76.6924563968311,35,1
275.215053763441,389.279569892473,70.4232171390422,58,1
274.870967741935,392.559139784946,83.6635697609866,52,1
274.744186046512,394.244186046512,-88.3450463927442,25,1
274.622222222222,397.077777777778,84.9705050970843,46,1
274.291666666667,398.53125,77.2484588134742,26,1
273.311827956989,399.344086021505,54.2257894706034,47,1
272.591397849462,399.139784946237,49.8619159443835,32,1
272.215909090909,398.977272727273,50.9302263757146,21,1
270.707317073171,399.634146341463,69.329664152228,42,1
270.259259259259,399.901234567901,74.8985406702349,19,1
269.246913580247,400.555555555556,61.0034495285843,42,1
267.132352941176,402.779411764706,36.4716589627541,55,1
264.581818181818,404.090909090909,19.2768986826444,31,1
262.576271186441,404.610169491525,32.5028468840124,32,1
261.465517241379,404.672413793103,38.6120593694038,19,1
260.634920634921,404.365079365079,42.0884065719136,29,1
258.596774193548,404.822580645161,33.1038467913161,35,1
257.120689655172,405.051724137931,21.4473562424396,24,1
254.740740740741,405.111111111111,16.0427046928942,32,1
254.313725490196,404.509803921569,17.5317817832794,19,1
252.709090909091,404,23.0067316938491,30,1
251.448275862069,404.086206896552,28.1764414127151,23,1
250.677419354839,403.806451612903,23.1404371134832,18,1
249.293103448276,403.827586206897,20.2230528252981,28,1
248.379310344828,403.810344827586,18.9060003524202,16,1
245.072727272727,403.6,10.9830100253084,45,1
242.40350877193,403.929824561404,21.7230101999984,32,1
241.8,403.927272727273,24.1954630735824,10,1
240.09375,404.28125,22.8152067785282,23,1
238.936507936508,404.571428571429,23.8018960991857,17,1
234.704918032787,405.213114754098,9.33549809131458,46,1
231.12962962963,405.111111111111,11.5618106413644,45,1
NaN,NaN,NaN,54,1
415.452173913043,253.921739130435,2.86707674259368,NaN,2
415.44347826087,254.060869565217,2.61642955270235,8,2
415.464912280702,254.105263157895,2.01473793801192,9,2
415.491525423729,253.991525423729,2.50936750122238,6,2
415.694915254237,253.932203389831,4.36383652193965,10,2
415.771186440678,253.872881355932,3.73203486835325,6,2
415.628318584071,254.035398230089,3.96050894116854,11,2
415.53982300885,253.982300884956,3.52458515274602,4,2
415.605263157895,253.929824561404,4.31822375661933,5,2
415.607142857143,254.026785714286,3.7534573441675,4,2
415.598214285714,254.035714285714,3.55063748923562,2,2
415.790909090909,254.009090909091,2.81467985402533,6,2
415.618181818182,254.081818181818,1.72654793754817,6,2
415.739130434783,254.113043478261,4.2688502306365,11,2
416.598214285714,254.526785714286,12.6832765051918,49,2
421.697247706422,254.073394495413,39.6056840995049,111,2
423.314285714286,253.466666666667,31.9964763552905,40,2
425.594594594595,252.342342342342,31.8594335572609,60,2
426.538461538462,251.721153846154,15.7436961581651,25,2
428.590476190476,251.047619047619,10.380557431806,41,2
432.56043956044,249.692307692308,15.7587712880686,64,2
434.2875,248.975,20.0071072586865,29,2
437.464285714286,247.369047619048,31.6998239068332,52,2
439.037974683544,246.291139240506,30.0486904883071,33,2
442.040540540541,245.554054054054,0.0348514301992337,57,2
444.988095238095,245.190476190476,-6.59732521334881,42,2
446.578313253012,245.385542168675,0.176774499764455,23,2
450.3625,245.1375,11.7218122399675,51,2
452.186666666667,244.68,11.3121772177804,25,2
454.555555555556,244.666666666667,-9.12395606109373,40,2
457.5125,245.5375,-46.3040627738396,53,2
458.292682926829,246.109756097561,-41.3569659331397,20,2
460.956043956044,248.428571428571,-36.2741841807806,55,2
462.154639175258,249.072164948454,-34.1358666333894,26,2
465.489361702128,251.276595744681,-34.5155095222818,59,2
467.616161616162,252.969696969697,-56.2058309983156,51,2
468.757894736842,254.273684210526,-61.1452526834607,30,2
470.905263157895,257.084210526316,-67.1769435222306,56,2
471.855855855856,259,-65.2271055940079,36,2
473.863636363636,261.927272727273,-57.6841176011708,65,2
475.87,265.63,-77.3717839761231,68,2
476.172043010753,267,-86.7359805790805,29,2
476.577319587629,270.762886597938,-89.8832257673558,66,2
476.939393939394,272.777777777778,-85.3392468889227,36,2
477.868686868687,276.343434343434,-76.1329814363652,62,2
478.247524752475,279.346534653465,-86.5876957806638,52,2
478.054945054945,280.945054945055,81.2040814846663,30,2
477.231578947368,284.6,70.3718583867801,60,2
476.914285714286,286.4,73.253482248873,32,2
476.446601941748,289.825242718447,87.8122072978543,58,2
475.867924528302,292.72641509434,83.8918331431939,51,2
475.376237623762,294.564356435644,69.6818043018424,33,2
474.204081632653,297.020408163265,61.2603040252002,49,2
473.317307692308,299.182692307692,62.9914782910767,38,2
472.425742574257,302.237623762376,76.3270002224027,53,2
471.708333333333,305.6875,78.0422338174325,57,2
471.21568627451,306.71568627451,69.7508313098819,26,2
469.836734693878,309.673469387755,50.0727459942154,54,2
468.85046728972,311.14953271028,49.2539444893513,33,2
467.292452830189,313.896226415094,60.256637521113,57,2
465.897959183673,317.316326530612,74.3949416346356,60,2
465.303921568627,318.803921568627,64.0089787637833,28,2
463.673076923077,321.355769230769,46.4184597230493,52,2
462.911764705882,322.352941176471,41.9132934523455,24,2
460.528846153846,324.855769230769,45.3010882361401,58,2
458.460784313725,327.539215686275,57.0398924708962,56,2
457.454545454545,328.969696969697,56.9344138460971,31,2
455.509803921569,331.333333333333,42.4377032965103,51,2
454.475247524752,332.009900990099,34.2466060045784,27,2
451.941747572816,333.834951456311,30.2726183590549,52,2
449.536842105263,335.705263157895,41.0266233690826,52,2
448.305263157895,336.884210526316,46.6853831228398,28,2
446.371134020619,339.412371134021,47.9000870054374,56,2
445.489583333333,339.979166666667,43.2371866927594,21,2
443.584905660377,341.481132075472,29.5250482727107,48,2
440.68932038835,343.466019417476,28.930432252466,57,2
439.428571428571,344.19387755102,31.5397195666787,25,2
437.233644859813,346.504672897196,48.6971339120797,59,2
436.0625,348.145833333333,54.1053191709003,35,2
433.862745098039,350.166666666667,38.2269810917691,52,2
431.434343434343,352.111111111111,26.0840119198861,51,2
430.352941176471,352.558823529412,25.7393667775972,21,2
427.927083333333,354.239583333333,32.3697001174395,54,2
426.607476635514,355.841121495327,46.9407497975274,37,2
424.225806451613,358.666666666667,49.0841600264448,60,2
422.41,360.61,35.1471499188681,45,2
421,361.66,29.7026544774984,28,2
418.555555555556,363.155555555556,20.6393113942412,46,2
417.50495049505,364.108910891089,30.5335910873074,27,2
414.978260869565,366.380434782609,48.6162619970973,53,2
412.649484536082,368.773195876289,42.0777916438699,55,2
411.61,369.6,32.6461852259153,25,2
408.708333333333,371.239583333333,15.1753172505476,56,2
407.48,371.85,15.1404413214019,26,2
404.886597938144,373.226804123711,28.5801684833426,51,2
401.81914893617,375.478723404255,41.9538294510073,63,2
400.352941176471,376.635294117647,34.0973455896386,31,2
397.96511627907,377.953488372093,16.9952323800482,45,2
396.448275862069,378.574712643678,9.30340870143892,27,2
393.673684210526,379.684210526316,13.3356531212091,50,2
391.044943820225,381.14606741573,36.7052999890171,52,2
389.865853658537,382.256097560976,41.0105768502457,27,2
387.2,384.675,40.3546224390552,54,2
386.279069767442,385.453488372093,36.6395371568898,24,2
383.584269662921,387.056179775281,19.366181346967,53,2
380.797752808989,388.629213483146,26.0925764599792,52,2
379.717948717949,389.179487179487,25.8657130684721,21,2
377.258426966292,391.573033707865,49.7407173935441,55,2
376.057471264368,393.114942528736,57.6971890545422,30,2
373.703296703297,395.230769230769,38.0411222940704,54,2
371.262626262626,396.979797979798,27.4654336847779,52,2
370.081632653061,397.877551020408,27.5948205773856,31,2
368.053191489362,398.670212765957,31.0956365864223,38,2
366.81914893617,399.212765957447,35.5153313577274,30,2
364.521276595745,399.86170212766,39.5956689648877,42,2
362.534090909091,400.272727272727,20.2481586150773,42,2
361.955056179775,400.258426966292,15.0918055077727,21,2
359.139240506329,401.215189873418,14.3511049315647,46,2
358.325,401.225,18.1549111650765,15,2
356.25,401.25,23.3678522944642,34,2
354.145161290323,401.887096774194,40.0812365904188,34,2
354.739726027397,401.287671232877,28.888140909772,29,2
352.9375,401.3875,26.2628421069177,41,2
352.941176470588,401.035294117647,25.0287060230225,21,2
349.535211267606,401.816901408451,17.9819256519092,50,2
345.016666666667,402.083333333333,17.0093877656291,59,2
344.569444444444,401.777777777778,15.3787564065947,24,2
342.87323943662,401.676056338028,16.1111259215226,39,2
341.894736842105,401.75,21.5990400478823,21,2
339.885057471264,401.574712643678,24.1573293574976,47,2
337.1375,402.025,21.0313855915729,49,2
335.961538461538,402.141025641026,18.5494507147217,18,2
332.535211267606,402.478873239437,17.1671326469191,55,2
331.684210526316,402.302631578947,20.1960430536977,25,2
329.4,402.466666666667,32.2833925299215,41,2
326.943661971831,403.098591549296,29.8600388053829,38,2
325.905405405405,403.162162162162,26.3553322333121,19,2
324.054054054054,403.445945945946,19.4291222054421,32,2
322.743243243243,403.648648648649,15.5353114132286,18,2
NaN,NaN,NaN,74,2
396.451327433628,234.16814159292,57.419350862598,NaN,3
396.434782608696,234.026086956522,58.035110512097,6,3
396.408695652174,234.147826086957,57.7279796316145,4,3
396.396551724138,234.224137931034,58.2834485826026,3,3
396.344827586207,234.25,57.8451666713597,2,3
396.396551724138,234.224137931034,58.2834485826026,2,3
396.353448275862,234.086206896552,58.3104028077976,6,3
396.350877192982,234.166666666667,58.1904930794688,4,3
396.218487394958,234.226890756303,58.0460050943704,5,3
396.263157894737,234.184210526316,57.7884291855357,5,3
396.260869565217,234.139130434783,58.3972660541314,3,3
396.303571428571,233.901785714286,58.7079074961582,5,3
396.115044247788,234.017699115044,57.7329409016306,5,3
396.149122807018,234.078947368421,58.4970403929238,5,3
396.179487179487,233.931623931624,59.322855855468,5,3
396.219298245614,233.885964912281,58.9145444931573,5,3
396.1875,233.866071428571,58.0665900118151,10,3
396.133928571429,233.839285714286,58.8584123660954,6,3
396.052631578947,233.894736842105,58.6636847592538,2,3
396.063063063063,233.945945945946,59.1568461352655,3,3
396.061946902655,233.884955752212,58.2890764047907,6,3
396.150442477876,233.628318584071,58.9243121416563,4,3
396.169642857143,233.732142857143,59.125786802918,3,3
396.087719298246,233.710526315789,58.6359022272561,4,3
396.069565217391,233.713043478261,58.5090885582128,3,3
396,233.844827586207,58.3361551263298,3,3
396.053097345133,233.681415929204,58.5636585289185,5,3
395.982608695652,233.75652173913,58.8054119999171,2,3
396.035087719298,233.552631578947,58.4695634717704,3,3
396.026315789474,233.570175438596,58.2659211604133,2,3
396.008771929825,233.684210526316,58.4958219229244,2,3
395.905982905983,233.777777777778,58.7291441918192,3,3
396,233.616071428571,58.6501705213284,5,3
395.882882882883,233.621621621622,59.6360981671616,3,3
395.8125,233.776785714286,59.3834138324526,3,3
395.736842105263,233.666666666667,60.6927530580112,6,3
395.675438596491,233.771929824561,59.932741917615,4,3
395.637931034483,233.758620689655,60.0460618341551,2,3
395.632478632479,233.700854700855,60.4809912557423,1,3
395.560344827586,233.844827586207,60.4381532567588,3,3
395.6,233.75652173913,60.202511016991,1,3
395.607142857143,233.508928571429,60.2443101304147,5,3
395.581818181818,233.554545454545,59.6497896026756,4,3
395.603603603604,233.369369369369,59.9535069385624,5,3
395.536363636364,233.472727272727,59.758292982906,7,3
395.422018348624,233.48623853211,61.1484232160578,7,3
395.537037037037,233.194444444444,60.401499768602,7,3
395.330357142857,233.491071428571,61.0420752228169,8,3
395.449541284404,233.266055045872,59.7434056876323,5,3
395.351351351351,233.423423423423,60.7651357363874,4,3
395.363636363636,233.363636363636,60.4677486051571,1,3
395.387387387387,233.243243243243,61.3161922916533,3,3
395.238938053097,233.424778761062,61.2990590365385,6,3
395.27027027027,233.27027027027,60.6253563929202,6,3
395.263157894737,233.263157894737,61.6872862798777,7,3
395.190909090909,233.427272727273,62.0463204608464,4,3
395.127272727273,233.418181818182,61.4860576111228,4,3
395.169642857143,233.267857142857,62.1926708819073,2,3
395.212389380531,233.203539823009,62.0306505676953,1,3
395.089285714286,233.285714285714,62.6264939110617,3,3
394.991150442478,233.274336283186,62.5694616150405,3,3
395.017857142857,233.3125,63.2662616351705,7,3
394.866071428571,233.428571428571,62.5318801260397,6,3
394.981651376147,233.192660550459,62.5218705428257,9,3
394.862385321101,233.165137614679,62.8703299394452,4,3
394.918181818182,233.145454545455,62.860078157465,3,3
394.818181818182,233.354545454545,63.4886294258438,4,3
394.807339449541,233.155963302752,62.8976760101323,5,3
394.781818181818,233.218181818182,63.1995702739006,5,3
394.87610619469,233.053097345133,63.393657100551,5,3
394.818181818182,233.172727272727,63.6033916067606,5,3
394.789473684211,233.280701754386,63.3046637591325,4,3
394.792792792793,233.162162162162,63.5901744759205,3,3
394.792792792793,233.162162162162,63.5901744759205,0,3
394.776785714286,233.125,63.6575234515994,3,3
394.754545454545,233.245454545455,63.4832022509044,4,3
394.781818181818,233.127272727273,63.4136292767676,2,3
394.859813084112,232.88785046729,62.6372758008464,3,3
394.827272727273,233.072727272727,63.4874490365013,3,3
394.834862385321,233.05504587156,63.0890130937375,3,3
394.8,233.063636363636,63.9167565584713,5,3
394.640350877193,233.421052631579,63.0937591504603,6,3
394.852173913043,233.660869565217,68.6233712311677,21,3
394.864406779661,233.567796610169,69.0358490567378,25,3
394.760683760684,233.692307692308,60.0356411315258,51,3
394.528455284553,233.715447154472,48.5295193801333,26,3
393.876811594203,234.840579710145,9.68055096825507,55,3
395.130769230769,234.692307692308,-12.3435157731986,44,3
396.951612903226,234.798387096774,-14.5938612739314,38,3
399.754237288136,235.093220338983,-3.55184649698711,58,3
401.131147540984,235.22131147541,8.02069619444616,28,3
403.408,234.704,29.3002508533285,55,3
406.361538461538,233.669230769231,30.5562839974002,65,3
408.234848484848,232.871212121212,24.2761615674413,42,3
411.114754098361,232.049180327869,22.042684928935,66,3
413.05504587156,230.825688073395,30.1943814144187,43,3
415.355769230769,229.192307692308,55.2869380550582,55,3
417.505154639175,226.412371134021,66.9367911390844,63,3
418.755813953488,224.395348837209,60.2713134459307,33,3
420.78313253012,222.060240963855,46.2708563575771,51,3
421.533980582524,220.68932038835,50.3646897942473,32,3
423.233009708738,218.21359223301,59.6518828457992,48,3
424.30303030303,214.767676767677,87.0019466209106,62,3
424.402173913043,213.25,-89.4333964103053,29,3
424.888888888889,209.4,81.076357159663,62,3
425.126315789474,207.652631578947,78.2689509569825,33,3
425.179245283019,204.735849056604,79.5175695663917,53,3
424.962264150943,201.622641509434,-81.6180930614027,54,3
424.689655172414,200.114942528736,-61.9839239250308,29,3
423.041095890411,197.013698630137,-44.1724215934918,54,3
422.229885057471,195.172413793103,-56.7579452383594,34,3
421.223404255319,192.510638297872,-69.1187657405252,49,3
419.845360824742,189.443298969072,-71.4581267180646,55,3
418.707070707071,187.848484848485,-62.0377089548093,32,3
416.677083333333,185.385416666667,-37.4679560487508,55,3
415.427272727273,184.172727272727,-30.1326600546486,42,3
412.185567010309,181.835051546392,-24.7886366704431,71,3
408.936170212766,179.606382978723,-37.3024260777934,63,3
407.544554455446,178.722772277228,-38.4489806354326,31,3
404.728971962617,177.046728971963,-32.7841934105084,52,3
403.416666666667,176.333333333333,-27.0182521652426,27,3
399.946902654867,175.176991150442,-6.10707861435239,69,3
396.171171171171,174.558558558559,-3.27959996940578,66,3
394.27358490566,174.452830188679,-6.44486333826554,29,3
390.52380952381,173.4,-17.419435794764,69,3
389.088495575221,173.097345132743,-17.3461228769441,26,3
385.625,172.705357142857,-5.21827287532419,57,3
382.592592592593,172.722222222222,5.96739947385493,50,3
380.237623762376,172.811881188119,5.25606165671461,35,3
376.943925233645,172.85046728972,-5.21274856431547,56,3
375.48623853211,172.853211009174,-7.99010381048873,26,3
372.522935779817,172.788990825688,-7.39934501556474,48,3
369.189189189189,172.891891891892,5.35484377345873,52,3
367.990566037736,173.254716981132,8.53692957993471,27,3
364.805309734513,173.964601769911,17.9567658856292,55,3
362.697247706422,174.495412844037,14.5803507891082,42,3
359.165137614679,175.146788990826,-0.946260438257297,64,3
355.771929824561,175.324561403509,-4.05447591800338,61,3
354.414414414414,175.486486486486,3.36759309064772,27,3
351.409090909091,176.245454545455,17.2324036342742,55,3
349.377358490566,176.877358490566,29.1612899668549,36,3
346.392523364486,178.242990654206,25.0479680840529,57,3
342.952830188679,179.188679245283,7.73923684248875,61,3
340.81,179.45,2.96794113922119,34,3
338.158878504673,179.747663551402,6.35116515695807,49,3
336.307692307692,180.336538461538,13.0415874085681,37,3
333.084112149533,181.084112149533,27.1413180566659,53,3
330.287037037037,182.037037037037,23.8070600762747,53,3
328.669724770642,182.532110091743,15.704490729637,33,3
324.686868686869,183.262626262626,4.11760822115865,66,3
323.590909090909,183.263636363636,4.91493319113892,27,3
320.476635514019,183.766355140187,15.5056923268506,51,3
317.889908256881,184.752293577982,29.9013542720745,52,3
316.083333333333,185.583333333333,30.324600101771,37,3
313.401960784314,186.647058823529,23.1698967319846,50,3
312.150943396226,186.915094339623,17.6150292313332,22,3
308.747663551402,187.869158878505,5.59305573810449,59,3
305.747572815534,188.504854368932,14.288875010686,52,3
304.392156862745,188.892156862745,17.7003630899324,23,3
301.019607843137,190.294117647059,28.3975376234516,60,3
299.647058823529,190.980392156863,32.0238082299623,30,3
296.716981132075,192.009433962264,18.9395311814446,54,3
293.550458715596,192.871559633028,5.00974215625741,57,3
291.78640776699,193.300970873786,7.04860211587028,36,3
289.236363636364,193.836363636364,15.1966635500118,43,3
287.844036697248,194.302752293578,21.0296909551465,29,3
284.807339449541,195.899082568807,30.9545607396715,60,3
281.934579439252,197.158878504673,22.5473800172149,58,3
280.27619047619,197.619047619048,13.929530254763,26,3
277.538461538462,198.317307692308,4.93441916911156,49,3
275.752380952381,198.52380952381,6.69730472703858,31,3
272.754901960784,199.607843137255,19.6513273238484,55,3
269.69,200.85,32.105327371115,56,3
268.235849056604,201.575471698113,28.8889338156797,28,3
265.287128712871,202.762376237624,16.1153941792915,55,3
263.762376237624,203.108910891089,7.37882654385798,24,3
260.725490196078,203.558823529412,0.934587347420766,49,3
257.656565656566,204.171717171717,10.2004563988285,53,3
256.12,204.76,16.5740275076263,31,3
253,205.93,26.2979555422135,54,3
251.823529411765,206.333333333333,25.8285372940376,22,3
248.861386138614,207.168316831683,12.0716173528306,51,3
245.455445544554,207.891089108911,0.794218445862429,58,3
244.111111111111,208.10101010101,3.74939888841471,24,3
241.319587628866,208.886597938144,14.7671392440535,56,3
239.907216494845,209.422680412371,27.2268149128112,26,3
237.058823529412,210.696078431373,35.2836790370887,51,3
234.45,211.9,21.8086207203821,50,3
232.673076923077,212.490384615385,9.81495950724055,36,3
229.217821782178,213.19801980198,4.44349271371123,63,3
227.981308411215,213.093457943925,4.74774912008376,26,3
225.136842105263,213.831578947368,16.5426327320301,52,3
222.09,215.1,31.7100393613285,57,3
220.642857142857,215.959183673469,26.7286602972377,32,3
217.5625,217.177083333333,12.956579925531,54,3
216.65,217.28,11.1463256752455,18,3
213.535353535354,218.181818181818,8.64713054433366,55,3
210.565656565657,219.040404040404,22.8061313411964,52,3
209.0625,219.9375,27.9880699759859,31,3
206.627450980392,221.323529411765,36.9347721260698,50,3
205.288659793814,222.185567010309,35.805254760192,31,3
202.853211009174,223.229357798165,23.6485597259435,48,3
200.205607476636,224.102803738318,10.36710994747,50,3
198.52380952381,224.952380952381,13.3695410901584,34,3
195.653465346535,226.118811881188,21.6111998166204,56,3
194.333333333333,226.707070707071,34.1385981403238,28,3
191.734693877551,228.510204081633,39.8099178586871,57,3
189.316326530612,229.979591836735,25.2602382519487,52,3
188.009708737864,230.47572815534,17.4266559280981,31,3
184.948453608247,231.39175257732,2.800730255767,60,3
183.71,231.74,2.29681141966701,27,3
181.519230769231,232.634615384615,15.1470828691512,50,3
178.444444444444,233.989898989899,33.7011462288318,57,3
177.909090909091,234.484848484848,29.2868903551625,34,3
174.657142857143,236.266666666667,26.927147358957,68,3
173.783018867925,236.764150943396,20.5694534123761,25,3
171.452991452991,237.641025641026,11.1519689140125,55,3
167.712962962963,238.759259259259,3.05313649090615,69,3
166.52380952381,239.085714285714,9.00100330664491,31,3
164.371681415929,240.12389380531,23.1128878198368,54,3
162.764705882353,241.142857142857,30.8236989430878,42,3
159.962962962963,242.685185185185,33.2560457273102,59,3
158.295652173913,243.391304347826,20.3773852786145,51,3
156.116504854369,244.106796116505,2.45983239543765,40,3
153.113402061856,244.917525773196,3.41551968616342,56,3
151.572916666667,245.166666666667,6.14943797694139,31,3
148.77380952381,246.02380952381,20.5026745122087,52,3
145.890243902439,247.09756097561,25.9790431294879,48,3
144.439024390244,247.439024390244,20.0651724100961,22,3
141.41975308642,248.148148148148,6.77126923365169,49,3
140.333333333333,248.309523809524,3.89134798525952,19,3
137.289156626506,248.698795180723,2.73131540426388,47,3
135.688311688312,249.285714285714,15.7382575614301,26,3
135.211267605634,249.591549295775,21.7555921875493,12,3
134.056338028169,250.859154929577,38.1013351093906,28,3
133.710144927536,251.246376811594,35.0719678949513,12,3
133.542857142857,252.257142857143,23.5550404841371,27,3
133.306666666667,252.56,14.5746822771515,21,3
133.202380952381,253.047619047619,14.4519621418115,17,3
133.310344827586,253.390804597701,13.9581992055411,19,3
133.220930232558,254.023255813953,18.5636599378563,19,3
133.178571428571,255.071428571429,35.2587478591495,40,3
