403.182795698925,227.602150537634,-82.0573140786318,NaN,1
403.252631578947,227.821052631579,-82.7947513384252,6,1
403.21978021978,227.67032967033,-83.0338130819304,6,1
403.204301075269,227.612903225806,-83.5771443871994,2,1
403.29347826087,227.760869565217,-83.749428519942,3,1
403.285714285714,227.659340659341,-83.8901937019678,3,1
403.301075268817,227.537634408602,-84.206255647314,4,1
403.414893617021,227.627659574468,-84.8486600170553,5,1
403.29347826087,227.554347826087,-85.0638609899182,4,1
403.413043478261,227.445652173913,-84.7303292441,4,1
403.358695652174,227.510869565217,-85.0290239674664,2,1
403.484210526316,227.473684210526,-85.7052813080052,5,1
403.452631578947,227.642105263158,-85.4738040465587,2,1
403.541666666667,227.583333333333,-86.7701526716655,3,1
403.645833333333,227.375,-87.4832328046956,4,1
403.763440860215,227.333333333333,-88.0868092451339,5,1
403.860465116279,227.290697674419,-89.407672349756,7,1
403.931818181818,227.568181818182,-89.5314240225692,4,1
403.966666666667,227.433333333333,-89.0353892602144,4,1
403.976744186047,227.186046511628,-89.7783416595535,4,1
404.011627906977,227.058139534884,-89.6579426058157,2,1
404.057471264368,227.206896551724,-89.2353787708828,3,1
404.094117647059,227.058823529412,-89.0338865069166,2,1
404.159090909091,227.102272727273,-89.7771012359435,3,1
404.211764705882,226.541176470588,-89.89848715835,7,1
404.581632653061,226.744897959184,74.6190220610493,33,1
406.316239316239,226.606837606838,43.2146851115864,71,1
411.375,223.232142857143,46.6749146880297,117,1
418.674418604651,218.174418604651,30.2326572961394,134,1
425.139534883721,213.127906976744,31.7370621267789,120,1
430.360465116279,208.918604651163,50.0229751935367,110,1
434.988636363636,203.875,41.8620426593605,106,1
438.792079207921,199.50495049505,53.3446426190313,95,1
443.314606741573,194.314606741573,51.1925292311469,100,1
446.698795180723,189.566265060241,43.4637220775462,90,1
449.955555555556,184.633333333333,57.4126786221914,95,1
453.114942528736,180.310344827586,53.9112572396304,83,1
456.574712643678,174.666666666667,55.3263530079193,102,1
459.3125,169.9875,71.5282232328269,87,1
461.25,164.840909090909,62.2386561807785,86,1
463.630952380952,159.964285714286,63.645356905738,86,1
466.287356321839,155.367816091954,62.0181346201797,83,1
469.03488372093,150.476744186047,60.6422614111236,87,1
471.51282051282,145.935897435897,71.7526769895413,80,1
474,141.188235294118,61.538105303684,85,1
476.148148148148,136.197530864198,73.2061154796548,84,1
478.454545454545,131.022727272727,68.1949682226059,93,1
480.395061728395,125.876543209877,60.5884830564348,87,1
482.727272727273,121.056818181818,66.0977845379223,85,1
485.914634146341,116.036585365854,49.2679351571422,92,1
488.267441860465,112.523255813953,61.7648458438911,74,1
491.369047619048,107.297619047619,57.8187486572013,90,1
494.032608695652,102.782608695652,63.3735263865317,84,1
496.351063829787,98.4042553191489,68.1561827774186,86,1
498.361344537815,94.1008403361345,46.1502720709925,103,1
501.064748201439,93.841726618705,28.9086315881837,78,1
503.77868852459,92.6393442622951,11.3594325930563,73,1
506.643410852713,92.8682170542636,13.0886058178477,59,1
NaN,NaN,NaN,129,1
417.08,243.01,53.7351606947225,NaN,2
417.09900990099,243.039603960396,53.6848189539427,7,2
416.980769230769,243.115384615385,54.0808532710556,5,2
416.969696969697,243.111111111111,53.0657898381242,5,2
417.009900990099,243.089108910891,54.2242105100811,6,2
417.010309278351,243.061855670103,54.1410511804654,8,2
417.090909090909,243.060606060606,54.6390016309409,8,2
417.176470588235,242.921568627451,54.5201659435101,7,2
417.102040816327,242.928571428571,53.7466778270199,10,2
416.980392156863,243.098039215686,55.1791295316235,10,2
416.89898989899,243.131313131313,55.599455725393,7,2
416.84,243.2,55.2251819875212,3,2
416.929292929293,243.040404040404,55.1056670207814,3,2
416.970297029703,243.09900990099,54.0802470700198,6,2
416.94,243.18,53.6586991732944,3,2
417.117647058824,242.980392156863,54.0285854633084,4,2
417.009900990099,242.980198019802,53.687381294745,5,2
416.892156862745,243.313725490196,54.2675645171873,7,2
417.039215686275,243.127450980392,54.1804974437157,4,2
417.079207920792,243.039603960396,53.8555926962788,5,2
417.118811881188,242.940594059406,55.0904988246876,8,2
417.080808080808,243.121212121212,54.0278183498427,8,2
416.796116504854,243.281553398058,55.5193395534759,12,2
417.1,242.190909090909,73.5800743749171,53,2
415.95652173913,238.880434782609,-43.2100487835123,84,2
412.882352941176,236.047058823529,-49.5840440098295,65,2
408.064935064935,231.480519480519,-29.0775802019995,96,2
403.296703296703,228.197802197802,-44.8575694750186,86,2
398.637362637363,225.406593406593,-14.165462234404,102,2
393.836956521739,224.663043478261,-13.15555882025,79,2
389.186046511628,224.662790697674,29.0246532674668,82,2
383.914893617021,228,24.9643163545347,100,2
379.802325581395,230.46511627907,32.1097983013465,80,2
374,235.168674698795,21.0748463680522,109,2
369.494252873563,238.218390804598,35.9554133519987,90,2
365,241.511111111111,30.2960400701468,91,2
359.943820224719,245.022471910112,42.5495122445379,93,2
355.5,248.055555555556,29.8964077937865,85,2
350.825581395349,250.837209302326,39.3303367327956,84,2
346.870967741935,253.440860215054,33.721803289155,81,2
342.635294117647,256.482352941176,45.115146716754,82,2
338.755319148936,259.531914893617,41.0189583970118,87,2
335.021978021978,263.494505494506,50.8829567929963,87,2
331.511363636364,266.102272727273,40.1920045325811,79,2
327.662790697674,269.790697674419,58.2807203716312,86,2
324.052631578947,273.157894736842,55.8704239439523,93,2
320.383720930233,277.872093023256,64.6975302799701,99,2
316.873684210526,282.4,63.1840874991921,99,2
314.296703296703,287.483516483516,67.7213514096739,96,2
312.261363636364,291.693181818182,65.4077601063928,81,2
310.213483146067,297.393258426966,65.0456263799874,97,2
307.670454545455,301.056818181818,58.6816450552402,77,2
305,305.658823529412,66.8952553256514,87,2
301.866666666667,309.522222222222,54.1444150616177,87,2
298.882352941176,314.776470588235,71.8079379341052,97,2
296.575,317.9625,58.961275200869,71,2
293.965909090909,323.318181818182,69.3383899967235,92,2
291.579545454545,327.193181818182,55.5950578810431,78,2
289.166666666667,331.948717948718,75.9172408531772,86,2
287.071428571429,335.857142857143,57.9782933943215,74,2
284.862068965517,340.758620689655,77.059436121831,87,2
282.679487179487,344.705128205128,45.9999157983128,77,2
280.436781609195,348.896551724138,73.2110540977566,81,2
278.531914893617,352.893617021277,59.1580536271036,73,2
276.244444444444,356.811111111111,75.081013446398,76,2
274.23595505618,361.123595505618,57.2092599689354,77,2
271.609195402299,365.149425287356,66.3706830827635,76,2
269.788235294118,369.494117647059,65.1578629702902,74,2
267.402298850575,373.091954022988,70.7125846210966,72,2
265.58024691358,377.345679012346,63.2645631237496,72,2
262.965517241379,380.931034482759,58.099328151276,72,2
261.79674796748,386.308943089431,-53.5064704391603,110,2
260.590277777778,388.097222222222,-2.44602519200725,93,2
256.835714285714,388.271428571429,16.6456966385066,80,2
253.5,389.194915254237,9.05479445419636,80,2
251.112781954887,389.293233082707,0.844546947072834,57,2
NaN,NaN,NaN,133,2
398.959595959596,235.777777777778,-24.0642366660735,NaN,3
398.896907216495,235.762886597938,-24.470377590165,4,3
398.948453608247,235.659793814433,-24.415960407223,8,3
398.8125,235.666666666667,-24.6497051035638,9,3
399.15,235.79,-24.1661433808668,8,3
398.98,235.81,-23.4375192242937,6,3
398.855670103093,235.639175257732,-24.6538665776081,7,3
398.90625,235.677083333333,-24.2824402151977,11,3
398.652631578947,235.694736842105,-23.7987235393992,9,3
398.936170212766,235.553191489362,-23.0509048086388,9,3
399.01,235.61,-24.0533317072918,8,3
399.070707070707,235.59595959596,-23.0295550274547,5,3
399.111111111111,235.565656565657,-22.5207477716837,2,3
399.336538461538,235.75,-22.2167918502358,7,3
399.227722772277,235.643564356436,-22.4615644880561,7,3
399.030303030303,235.454545454545,-23.1849316255242,8,3
399.168316831683,235.514851485149,-23.2426217121081,6,3
399.128712871287,235.425742574257,-22.249855258166,6,3
399.603773584906,235.490566037736,-22.5182725908814,9,3
399.222222222222,235.353535353535,-20.7365823041024,9,3
398.96875,235.25,-21.9452633197149,5,3
398.989583333333,235.34375,-20.9331443912844,4,3
399.24,235.35,-21.4782300885645,6,3
399.070707070707,235.151515151515,-22.9830787780628,5,3
399.191919191919,235.171717171717,-22.1198208698264,4,3
399.29,235.24,-21.7416187434698,5,3
399.365384615385,235.153846153846,-21.9206866714555,4,3
399.466019417476,235.116504854369,-21.7342583896804,3,3
399.533333333333,235.095238095238,-21.7404564040002,4,3
399.556603773585,235.132075471698,-21.9802199297501,1,3
399.691588785047,235.168224299065,-21.3642135661387,7,3
400.017699115044,235.380530973451,-23.3476633047522,12,3
399.972972972973,235.342342342342,-23.9990322537904,2,3
400.111111111111,235.581196581197,-25.8650561163676,8,3
400.162393162393,235.529914529915,-25.5407230487242,6,3
400.032520325203,235.439024390244,-22.4172323882894,20,3
400.245901639344,235.631147540984,-15.734212444833,47,3
400.008849557522,235.601769911504,78.379056862346,53,3
399.960396039604,232.445544554455,74.0674153707308,74,3
401.941860465116,224.639534883721,70.2474174245459,111,3
405.310344827586,220.287356321839,40.7033340726018,93,3
409.301204819277,216.903614457831,66.1816792277044,84,3
412,213.411111111111,56.1784211669321,71,3
414.870588235294,209.223529411765,57.2169419459141,75,3
417.409090909091,205.806818181818,50.2722069553313,63,3
420.365591397849,202.215053763441,40.4897389744471,73,3
423.258823529412,198.752941176471,59.5791153483892,74,3
426.134831460674,194.426966292135,47.7719590361529,74,3
429.126436781609,190.747126436782,56.3736904849873,74,3
432.325581395349,186.197674418605,57.0303852626284,85,3
435.556818181818,182.193181818182,45.1212689342923,80,3
438.345238095238,178.72619047619,63.0959280944388,76,3
441.067415730337,174.584269662921,57.6281321806882,75,3
443.770114942529,170.597701149425,61.6510524440573,74,3
446.166666666667,166.440476190476,71.3962593985385,77,3
448.707865168539,162.449438202247,53.6751673341632,79,3
451.183908045977,158.988505747126,63.304221945329,70,3
453.329787234043,155.010638297872,67.1918597246888,69,3
455.770114942529,150.620689655172,59.326144949784,77,3
458.012048192771,146.843373493976,69.2299310816432,72,3
460.022471910112,144.213483146067,53.503377094343,58,3
462.530864197531,140.333333333333,64.6336878014231,72,3
464.592592592593,136.271604938272,63.4969932092889,72,3
466.714285714286,132.47619047619,58.2588276187554,69,3
468.7875,128.0875,70.5978029435904,76,3
470.858974358974,123.74358974359,52.6035353122046,72,3
472.716216216216,120.081081081081,68.8469324155605,64,3
474.367816091954,116.264367816092,60.5142907852804,65,3
476.266666666667,112.186666666667,67.095271333587,68,3
477.934210526316,108,69.646827553684,67,3
479.79746835443,103.886075949367,53.9696777566635,67,3
481.563218390805,99.1149425287356,80.7978332627272,80,3
482.363636363636,95.1322314049587,80.6654336753085,80,3
483.488549618321,93.969465648855,38.8183591342782,58,3
485.173913043478,93.7391304347826,39.7047774102841,49,3
487.172661870504,93.1294964028777,26.3613169438711,57,3
488.382352941176,92.9941176470588,12.4374458622266,63,3
490.8,92.6333333333333,11.1697631389851,62,3
494.84,92.456,6.9376635883257,81,3
497.543103448276,92.1810344827586,5.6720269181834,59,3
NaN,NaN,NaN,116,3
399.309523809524,251.904761904762,76.8261080215955,NaN,4
399.301204819277,251.879518072289,75.3001521315587,5,4
399.433734939759,251.807228915663,76.9209656192281,4,4
399.409638554217,252,77.3876282266675,4,4
399.44578313253,251.927710843373,76.7625177721681,4,4
399.444444444444,251.938271604938,76.0540833748191,4,4
399.67816091954,251.735632183908,75.1855865210843,8,4
399.642857142857,251.952380952381,76.1264600597595,5,4
399.682352941176,252,74.7625003347802,7,4
399.741573033708,252.056179775281,75.3582406409844,4,4
399.781609195402,251.770114942529,73.7530687910295,4,4
399.955555555556,251.555555555556,73.9595362218033,5,4
399.89010989011,251.835164835165,74.3319892159316,3,4
399.967032967033,251.791208791209,73.61222395214,8,4
400.043956043956,251.692307692308,73.6304746255824,2,4
400.021739130435,251.771739130435,73.6606607393388,1,4
400.044444444444,251.755555555556,73.2361427654636,2,4
400.130434782609,251.554347826087,72.4124558098762,2,4
400.172043010753,251.462365591398,72.0892342633408,3,4
400.30612244898,251.142857142857,71.0613302715045,9,4
400.326315789474,251.536842105263,73.8100734192347,35,4
400.543859649123,250.447368421053,-47.6665690213168,59,4
403.168421052632,253.126315789474,-40.1656978562621,89,4
404.947368421053,254.852631578947,79.3772068003964,70,4
403.715789473684,258.863157894737,73.6985745943912,82,4
402.207920792079,263.871287128713,73.6465379870683,78,4
399.670454545455,266.897727272727,18.8485281053707,87,4
395.852631578947,268.968421052632,32.2200174140882,83,4
391.367346938775,270.275510204082,-16.1027057197959,89,4
386.726315789474,269.452631578947,-12.9916181964802,87,4
381.75,268.272727272727,-35.3778441595448,87,4
377.279569892473,265.817204301075,-35.5567837499708,85,4
372.7125,263.4,-35.6208569781553,83,4
368.825,260.1,-47.1703701814239,80,4
365.645161290323,257.52688172043,-27.2456329278218,65,4
361.521739130435,254.630434782609,-42.9338022781393,85,4
357.597701149425,251.505747126437,-28.3431459284658,85,4
353.506329113924,249.354430379747,-35.2879728343465,74,4
349.535714285714,245.869047619048,-34.2971839041033,81,4
344.987012987013,243.337662337662,-37.1760377248387,81,4
341.506024096386,240.722891566265,-30.6746801759285,72,4
337.694117647059,238.023529411765,-30.6910305455564,74,4
333.113924050633,234.936708860759,-33.4762616833608,84,4
329.729411764706,232.788235294118,-20.1856693412141,72,4
325.056818181818,229.738636363636,-39.1566050552642,91,4
321.111111111111,226.911111111111,-23.1582008792114,80,4
316.621951219512,223.926829268293,-40.7653611557875,86,4
312.850574712644,221.103448275862,-26.2299053512182,79,4
308.988372093023,218.558139534884,-36.89171191115,77,4
304.635294117647,215.129411764706,-27.6450482909976,85,4
300.977528089888,213.056179775281,-19.8514484905224,74,4
296.157303370787,210.404494382022,-36.0290221107084,88,4
291.89010989011,207.967032967033,-21.3538596817483,78,4
287.404761904762,205.833333333333,-35.9842241562514,83,4
283,202.976744186047,-30.1640738092589,82,4
279,200.255319148936,-23.0785210023881,80,4
274.822222222222,197.988888888889,-33.9805241467696,78,4
270.6875,195.447916666667,-31.334507280051,76,4
266.056818181818,193.125,-21.7188911794417,84,4
261.593406593407,190.725274725275,-38.8741727663693,83,4
257.831578947368,188.747368421053,-20.9704848874421,68,4
253.468085106383,186.542553191489,-25.8117765436708,81,4
249.357894736842,184.873684210526,-35.4484162082519,73,4
245.306930693069,182.950495049505,-19.4417284786672,76,4
241.020833333333,181.541666666667,-23.3628146674908,75,4
236.688888888889,179.577777777778,-34.5314241427171,78,4
232.894736842105,177.621052631579,-24.2959165581228,73,4
228.768421052632,176.189473684211,-24.9309067906748,76,4
224.434782608696,174.336956521739,-40.541165209949,77,4
221.851485148515,173.19801980198,-26.0994373837687,51,4
218.085106382979,171.223404255319,-20.1990562219532,71,4
214.157303370787,169.370786516854,-34.2434501544286,73,4
211.082474226804,167.319587628866,-25.0837003886729,64,4
207.690721649485,165.577319587629,-16.5847048126466,70,4
203.595744680851,163.893617021277,-34.6712847408596,69,4
200.296296296296,162.111111111111,-30.8524132301994,66,4
196.637254901961,160.186274509804,-23.4886558617536,78,4
193.361111111111,158.648148148148,-37.5883222558656,62,4
189.901785714286,156.241071428571,-31.5085763626965,78,4
187.034782608696,154.2,-22.8635536497052,77,4
184.302752293578,152.798165137615,-35.8869309468722,66,4
181.389830508475,150.805084745763,-41.1304543664138,69,4
178.928571428571,148.544642857143,-33.1119011543492,64,4
176.981308411215,147.07476635514,-40.0240220292222,53,4
173.647058823529,144.43137254902,-46.9588451881801,75,4
171.271739130435,141.815217391304,-31.7485329690418,64,4
168.211111111111,139.011111111111,-43.0514945056868,68,4
165.25,136.363636363636,-49.4144650694575,60,4
163.044943820225,134.213483146067,-34.8936889045432,51,4
160.784090909091,132.375,-35.9972037965401,57,4
158.082352941176,130.117647058824,-47.5762588776571,49,4
157.247311827957,128.720430107527,-47.113592101481,34,4
NaN,NaN,NaN,93,4
396.13829787234,240.074468085106,33.2411763205372,NaN,5
395.989247311828,239.956989247312,32.809953192745,7,5
395.978947368421,239.926315789474,32.8346811569634,2,5
395.852631578947,239.957894736842,31.1458821328053,4,5
395.633333333333,239.866666666667,33.2292955590978,7,5
395.52688172043,239.741935483871,32.4946808420175,7,5
395.438202247191,239.595505617978,31.7737367278264,6,5
395.52808988764,239.483146067416,29.6728853396884,6,5
395.415730337079,239.47191011236,31.1257253599701,4,5
394.956043956044,239.538461538462,31.0129261712673,8,5
395.034482758621,239.241379310345,30.246928572853,8,5
394.804347826087,239.29347826087,30.1392086648991,5,5
394.858695652174,238.95652173913,29.4862399186313,10,5
394.85393258427,239.067415730337,28.6822144006933,5,5
394.835164835165,238.967032967033,30.4344416342014,6,5
394.662921348315,238.966292134831,28.7146323021486,6,5
394.569892473118,238.913978494624,30.1830378698611,6,5
394.406593406593,239.098901098901,-3.15731760765606,46,5
395.895833333333,239.854166666667,-29.9319585197883,59,5
400.381443298969,241.412371134021,-2.72055225661794,93,5
405,242.423913043478,-24.3258730209092,83,5
409.868131868132,245.637362637363,-37.9677218400321,89,5
413.18691588785,248,-27.4757724643937,76,5
417.514563106796,251.242718446602,-44.9881845364764,88,5
421,254.210526315789,-32.6148352314384,70,5
424.397727272727,258.011363636364,-50.2973920622753,87,5
427.351063829787,260.851063829787,-29.5950946741141,70,5
431.575757575758,264.222222222222,-47.1325945588393,89,5
435.366972477064,267.449541284404,-42.3675698725408,82,5
439.302083333333,270.760416666667,-45.2186602973083,89,5
443.315789473684,274.705263157895,-53.7042943579439,87,5
446.469879518072,278.325301204819,-39.2455346848989,78,5
449.369047619048,281.940476190476,-54.1037271720054,75,5
452.511363636364,285.897727272727,-42.5896089409782,76,5
455.177777777778,288.988888888889,-50.7951871482825,66,5
458.037037037037,292.530864197531,-49.3704332072851,69,5
460.965909090909,296.113636363636,-36.3064440883438,69,5
464.082352941176,299.4,-57.4686625157056,71,5
467.079545454545,303.147727272727,-43.4063216382584,73,5
470,306.21686746988,-42.3850651150988,67,5
473.025974025974,310.311688311688,-57.7701954322048,80,5
475.219512195122,312.841463414634,-37.7349888025417,59,5
478.4375,317.15,-58.0497632142974,84,5
481.231707317073,320.487804878049,-49.5698801697701,68,5
484.10752688172,323.752688172043,-39.1922651200789,73,5
486.712643678161,326.724137931034,-53.4726660150982,68,5
489.561797752809,330,-47.10723446696,66,5
492.612903225806,332.978494623656,-42.1872550371749,66,5
495.1625,336,-50.348875010822,67,5
498.184782608696,339.391304347826,-43.578012754821,66,5
501.183908045977,342.264367816092,-39.1832634826992,65,5
504.380952380952,346.130952380952,-54.3495599331512,79,5
506.741176470588,348.729411764706,-36.6382959106116,59,5
509.942528735632,351.862068965517,-46.7963820698611,70,5
512.824175824176,355.351648351648,-55.5445981336388,74,5
515.108695652174,358.054347826087,-40.6564369707137,59,5
517.9,360.988888888889,-47.7796801014396,66,5
520.9,364.5875,-51.2921280322074,72,5
523.258426966292,367.674157303371,-40.4497096860727,63,5
526.202380952381,370.869047619048,-54.3561161235288,67,5
529,374.325,-52.0201830668918,70,5
531.460526315789,376.960526315789,-33.7869773028154,60,5
533.917647058823,379.647058823529,-51.6835886382543,61,5
536.733333333333,383.588888888889,-56.3685663533397,75,5
539.449438202247,386.707865168539,-35.7889696755548,69,5
541.676767676768,387.373737373737,-29.8881320694288,46,5
544.701030927835,387.876288659794,-20.9904602948396,54,5
547.377551020408,388.591836734694,-14.846789618125,49,5
550.734042553191,388.478723404255,-18.8082700060054,62,5
553.224489795918,388.285714285714,-20.6378031352976,58,5
556.290322580645,388.440860215054,-9.77200025478733,53,5
