407.90990990991,226.936936936937,-86.3729708085817,NaN,1
407.918918918919,226.882882882883,-86.4980595382731,2,1
408,226.314814814815,-89.7820766405438,21,1
408.153846153846,226.076923076923,84.297846211267,18,1
408.875,225.983333333333,49.7165961884136,56,1
410.145161290323,225.572580645161,17.9659681008845,60,1
412.045454545455,224.790909090909,11.297479815559,42,1
415.035714285714,224.107142857143,24.7600688273999,70,1
417.228813559322,222.906779661017,38.5349372324403,46,1
420.878260869565,220.965217391304,31.4827205644282,77,1
424.482456140351,219.438596491228,9.74436124563059,77,1
427,218.605769230769,6.79092991583756,44,1
430.625,217.651785714286,19.9290074373536,68,1
432.475409836066,216.827868852459,29.9048786232427,46,1
436.470085470085,215.08547008547,22.8576152381066,79,1
440.566666666667,213.691666666667,4.90104036522868,77,1
442.279069767442,213.186046511628,7.59070837968575,37,1
445.893939393939,212.333333333333,12.4568266790112,69,1
447.567164179104,211.917910447761,16.1576099813304,42,1
452.211382113821,210.674796747967,17.3347789626743,79,1
455.370078740157,210.015748031496,8.29816113358296,62,1
457.677419354839,209.346774193548,8.6307200102614,41,1
461.392857142857,208.839285714286,11.7261496040065,66,1
463.121951219512,208.471544715447,16.3152092333556,31,1
466.641666666667,207.75,14.100675144427,65,1
470.183333333333,207.316666666667,0.170063716433464,64,1
472.568965517241,206.879310344828,1.78087844809167,42,1
475.838709677419,206.693548387097,6.14793319663044,60,1
477.542635658915,206.565891472868,12.3748896070725,37,1
480.795454545455,206.30303030303,16.3038226409508,63,1
484.194029850746,205.641791044776,8.69607763972531,60,1
486.469696969697,205.393939393939,6.51906879927373,50,1
490.452991452991,204.888888888889,8.89960776203709,69,1
492.153225806452,204.758064516129,15.3046594055691,37,1
495.653225806452,204.064516129032,22.6105861855286,62,1
498.387096774194,203.41935483871,16.7953855009975,54,1
500.726495726496,202.897435897436,9.74921937250105,35,1
503.775862068966,202.655172413793,7.24659258629384,51,1
505.418032786885,202.098360655738,12.0155930379298,34,1
508.403361344538,201.521008403361,22.8085099497604,53,1
511.560975609756,200.788617886179,21.0347266368301,56,1
513.420168067227,200.210084033613,10.8278107771275,36,1
516.530434782609,199.504347826087,4.5071512392239,56,1
518.048,199.216,4.79356915885229,34,1
521.172131147541,198.909836065574,12.4308790575494,57,1
524.688,198.336,18.211611860821,63,1
526.198473282443,198,13.6083152740966,34,1
529.53781512605,197.420168067227,-1.28626099946596,64,1
530.841666666667,197.3,-4.45877075812932,27,1
534.585365853659,197.20325203252,0.236909334756252,63,1
538.217054263566,197.062015503876,15.3627389607425,64,1
540.389830508475,196.661016949153,14.468224264072,41,1
543.504,195.928,8.90557980666648,57,1
545.180327868852,195.524590163934,0.56418333164496,35,1
548.637096774194,195.66935483871,-5.98626765318316,66,1
552.180327868852,195.66393442623,-0.976389231084225,60,1
554.125,195.5625,6.78393719954982,36,1
557.531746031746,195.507936507937,14.8827338444653,66,1
559.015384615385,195.392307692308,16.4272274941464,36,1
562.396946564886,194.748091603053,7.72760125213801,65,1
565.6953125,194.734375,-2.79292772670585,63,1
567.97520661157,194.661157024793,-2.20954605705283,41,1
571,195,7.34865963975595,55,1
572.373015873016,194.809523809524,13.7762220021826,32,1
575.241666666667,194.525,17.2009356785861,58,1
578.198275862069,194.103448275862,14.4338221620701,54,1
579.615384615385,193.923076923077,7.94990458490352,35,1
582.75,193.870689655172,1.82847644965776,65,1
584.042735042735,193.589743589744,1.79928107356478,39,1
587.15,193.158333333333,11.9813564068251,59,1
589.545454545455,192.735537190083,17.1714483969373,51,1
591.504273504274,192.076923076923,17.8939040528896,38,1
594.241666666667,191.533333333333,17.2356367624741,55,1
595.681034482759,191.293103448276,13.2909256795063,32,1
597.806722689076,191.042016806723,8.36201966030377,51,1
600.6,190.425,7.62996387378039,59,1
601.857142857143,190.344537815126,8.06096236408171,31,1
604.680327868852,189.77868852459,12.1875631598783,59,1
606.210084033613,189.563025210084,15.284500225355,33,1
608.404761904762,189.047619047619,18.6672402263532,53,1
611.09756097561,188.365853658537,18.5563378905879,51,1
612.193548387097,188.08064516129,15.4221499509911,25,1
614.365079365079,187.47619047619,12.0221189373867,46,1
615.443548387097,187.258064516129,10.0687237777597,20,1
617.884297520661,186.801652892562,9.12027777946019,43,1
620.09756097561,186.560975609756,10.9119155099424,36,1
621.124031007752,186.22480620155,13.9209426072718,18,1
623.2734375,185.8828125,18.867849127639,35,1
624.236641221374,185.671755725191,22.7445863908387,23,1
626.51968503937,185.086614173228,23.8101688287434,40,1
628.25,184.416666666667,24.5174637580655,37,1
629.166666666667,184.121212121212,24.3651779726259,18,1
631.161016949153,183.449152542373,21.3424697699046,44,1
631.975409836066,183.049180327869,20.3091579566939,20,1
633.844827586207,182.508620689655,19.2399489955254,32,1
635.391666666667,181.966666666667,18.887159633087,32,1
636.55462184874,181.705882352941,19.7724021940505,23,1
638.432432432432,180.783783783784,22.1814407313086,42,1
639.217391304348,180.660869565217,23.1551681332279,14,1
640.809090909091,180.118181818182,26.2310840940572,31,1
642.098214285714,179.517857142857,28.3962197375089,30,1
643.025641025641,179.068376068376,29.8245649648964,17,1
644.271929824561,178.491228070175,29.5649990585541,25,1
644.883928571429,178.294642857143,30.7952043785943,12,1
646.525862068965,177.413793103448,32.3918715885574,28,1
647.677685950413,176.685950413223,32.3019782501764,23,1
648.111111111111,176.68253968254,32.5843242384228,17,1
649.895161290323,175.612903225806,31.6678769415819,36,1
650.492307692308,175.207692307692,31.5536507930682,14,1
651.174242424242,174.931818181818,32.4219689897379,14,1
651.927419354839,174.153225806452,38.3173135458405,24,1
652.128787878788,173.833333333333,40.7827460221434,10,1
652.414814814815,173.422222222222,41.3352839414476,17,1
652.566176470588,173.022058823529,42.6139408933029,11,1
652.859259259259,172.57037037037,44.6912589941841,11,1
653.037037037037,172.125925925926,47.7372347389071,18,1
653.286764705882,171.889705882353,48.8737971865943,11,1
653.5,171.291044776119,50.2580180890234,20,1
653.697841726619,170.928057553957,52.5098639777354,15,1
653.710144927536,170.594202898551,55.2655380415368,17,1
653.839694656489,170.12213740458,55.8060740872038,11,1
653.830882352941,169.941176470588,56.2649231559894,9,1
654.111111111111,169.577777777778,57.0559443654444,9,1
654.15037593985,169.338345864662,58.757534104142,10,1
654.412213740458,168.69465648855,57.7852642218384,14,1
654.209677419355,168.491935483871,57.4276774405321,13,1
654.299212598425,168.188976377953,58.3209383269265,7,1
654.294573643411,167.813953488372,57.9985429969319,10,1
654.301587301587,167.738095238095,58.1348201387598,5,1
654.373983739837,167.373983739837,57.4194347059752,7,1
NaN,NaN,NaN,123,1
390.396551724138,235.844827586207,-59.9534677432803,NaN,2
390.405172413793,235.75,-60.2076594227674,2,2
390.798387096774,236.435483870968,-59.6884804663602,10,2
391.320895522388,237.089552238806,-56.3468921561964,22,2
391.321678321678,237.391608391608,-60.3198522827215,39,2
391.17037037037,237.340740740741,-74.154350224403,76,2
391.242647058824,237.367647058824,59.6243059809059,43,2
391.790540540541,237.533783783784,27.5115009551614,42,2
394.70802919708,235.233576642336,32.0880103728377,81,2
395.917355371901,234.528925619835,34.5763293144837,38,2
397.666666666667,231.871794871795,-86.2517007424659,74,2
397.353846153846,231.361538461538,-83.8723245566384,41,2
397.125984251969,227.818897637795,-72.3180769067066,75,2
396.388888888889,224.47619047619,-89.7748296853972,75,2
396.049019607843,222.254901960784,81.5806386895974,40,2
395.582608695652,218,-87.7130653398963,71,2
395.233870967742,216.185483870968,-82.2482884060107,39,2
394.103773584906,210.433962264151,-72.6605458429669,92,2
393.070175438596,206.236842105263,86.6979262136327,74,2
392.623853211009,204.394495412844,82.4806058361124,39,2
392.372727272727,201.309090909091,85.4841222400505,65,2
392.252173913043,200.139130434783,87.6698566272056,29,2
391.669565217391,196.869565217391,-89.9992624582994,58,2
391.086956521739,194.008695652174,88.9463593571672,58,2
390.821052631579,191.915789473684,-82.4378102571472,36,2
390.15,190.01,-71.7978188469247,45,2
389.757575757576,189.050505050505,-64.8280567089772,21,2
388.663265306122,185.663265306122,-43.9806840490304,65,2
387.855769230769,183.144230769231,-37.8016019478874,70,2
385.488636363636,180.875,-27.9221874526971,50,2
382.145631067961,178.718446601942,-15.0815061884279,69,2
380.857142857143,178.050420168067,-15.9515259988396,40,2
378.904411764706,177.242647058824,-18.680814286722,61,2
374.895161290323,175.620967741935,-21.5016747576052,78,2
373.025862068966,174.76724137931,-16.2129525717679,48,2
369.123966942149,173.603305785124,-14.2956251800675,69,2
367.72,173.192,-13.4342954783357,32,2
363.992307692308,171.938461538462,-24.4844918526981,71,2
359.629310344828,170.068965517241,-32.0435752220687,80,2
358.196581196581,169.521367521368,-24.6850210636413,31,2
353.897435897436,167.74358974359,-14.0378049291983,78,2
352.521367521367,167.324786324786,-11.4750782338208,34,2
349.146551724138,166.413793103448,-23.6168558406126,61,2
345.634782608696,165.165217391304,-23.92398150719,63,2
343.805309734513,164.557522123894,-13.6309092795982,32,2
340.388429752066,163.859504132231,-7.45224481005637,66,2
338.825,163.55,-9.57709668020609,33,2
335.418803418803,162.811965811966,-25.3263369850174,63,2
331.90756302521,161.588235294118,-23.2846596967364,60,2
329.419642857143,160.598214285714,-11.6304998860645,41,2
326.305084745763,159.889830508475,-5.30485142975351,58,2
324.892561983471,159.595041322314,-3.98083558733561,29,2
321.314516129032,159.274193548387,-13.7761406441774,63,2
317.533898305085,158.457627118644,-14.5153296945774,68,2
316.064,158.376,-10.5097529582903,31,2
312.776,157.824,0.460240973498263,60,2
310.75652173913,157.886956521739,6.13775349937454,42,2
307.725663716814,157.858407079646,-4.31636338254328,54,2
304.008695652174,157.495652173913,-10.7869512607837,66,2
301.833333333333,157.30701754386,-4.06216737352842,43,2
298.220183486239,157.293577981651,5.46458515235398,61,2
296.736842105263,157.236842105263,8.07199207559693,31,2
293.721739130435,157.295652173913,0.149338280111706,55,2
290,157.25,-9.72585911831825,65,2
288.042372881356,157,-4.10383366229961,36,2
284.610619469027,156.893805309735,6.95029262228207,63,2
282.518181818182,156.927272727273,11.595036471068,33,2
279.803418803419,157.162393162393,8.00104526169681,45,2
276.436974789916,157.193277310924,0.553939823244688,58,2
274.862068965517,157.172413793103,1.82720226158263,33,2
272.008771929825,157.421052631579,4.66603924717962,50,2
269.477064220183,157.422018348624,15.2613286725216,41,2
266.765217391304,158.113043478261,17.9598556863817,50,2
263.932773109244,158.705882352941,6.45913182207394,56,2
262.173553719008,158.900826446281,3.24524842817887,32,2
259.17094017094,159.196581196581,4.36682294140609,60,2
257.392857142857,159.142857142857,9.27379183915274,33,2
254.221238938053,159.575221238938,16.6663097951551,53,2
251.416666666667,160.041666666667,13.9469713568962,47,2
249.30701754386,160.666666666667,3.94468791550003,40,2
246.388349514563,160.747572815534,-2.18229575662734,55,2
244.740740740741,160.75,-0.530919451542724,25,2
241.601851851852,161.25,10.8513868560665,54,2
238.5,161.905660377358,14.2245587593028,56,2
236.941747572816,162.087378640777,10.1907275483205,29,2
234.163636363636,162.5,4.19563762731272,47,2
232.018691588785,162.710280373832,2.20740456647811,33,2
228.654205607477,163.514018691589,15.2005790607386,58,2
225.570175438596,164.429824561404,26.3746429423903,63,2
224.036363636364,164.818181818182,20.8633701184378,30,2
220.5,165.723214285714,5.3527693649744,64,2
219.136752136752,165.854700854701,2.7073106510082,35,2
214.945454545455,166.272727272727,3.34853878027549,73,2
211.385964912281,166.526315789474,14.1944079010543,60,2
209.794642857143,167,15.0447164207275,32,2
206.396396396396,167.207207207207,10.4791066130715,57,2
204.872881355932,167.567796610169,5.05759172517797,37,2
201.432203389831,167.940677966102,2.09604078970451,66,2
197.991803278689,168.303278688525,11.3274223544299,60,2
196.142857142857,168.596638655462,14.4621668576072,33,2
193.719008264463,169.01652892562,17.2457946936141,52,2
191.78813559322,169.542372881356,17.9683422921905,37,2
188.48623853211,170.422018348624,7.42089317701542,59,2
185.582608695652,170.921739130435,9.90994214317417,54,2
183.926605504587,171.146788990826,12.5568258452687,32,2
180.806722689076,172.260504201681,23.2025330946427,60,2
179.590163934426,172.737704918033,27.0387271119138,37,2
176.723577235772,173.60162601626,17.7888909964284,59,2
173.572580645161,174.629032258065,6.59624548643942,67,2
172.21875,174.9375,6.68177474095894,30,2
168.933884297521,175.727272727273,14.5824960721256,65,2
167.483606557377,175.72131147541,22.1431195288328,33,2
164.952380952381,176.579365079365,23.9110257203229,56,2
162.432,177.288,13.6279584812464,51,2
161.1484375,177.484375,8.41966979271885,29,2
158.042016806723,177.915966386555,8.47026014465835,61,2
156.632478632479,178.213675213675,10.8356844805537,34,2
153.763157894737,178.956140350877,21.9399185856121,57,2
150.885714285714,179.714285714286,21.8075170899803,51,2
149.542857142857,180.285714285714,17.4442461938461,24,2
146.330097087379,181.067961165049,10.3342111277842,52,2
145.137254901961,181.254901960784,9.14907435636911,25,2
141.542553191489,181.978723404255,13.2361709377581,54,2
138.416666666667,183.052083333333,25.5696331871302,52,2
137.959183673469,183.602040816327,28.5194003824234,18,2
136.776595744681,184.595744680851,29.9629814502351,32,2
136.404255319149,185.329787234043,32.6890003510722,22,2
135.82,186.1,33.3025893482778,32,2
134.229166666667,187.427083333333,42.0220119462525,34,2
134.75,187.23,42.6346669179763,14,2
134.197916666667,188.708333333333,53.0545289228216,40,2
133.70652173913,189.554347826087,59.7439501532727,20,2
133.544554455446,191.415841584158,60.8215723383554,41,2
133.451923076923,192.673076923077,59.2573617953688,31,2
133.457142857143,192.980952380952,58.7971426427983,17,2
133.148148148148,193.925925925926,61.4009285626036,25,2
133.289473684211,194.175438596491,62.810655045819,12,2
133.055555555556,195.87962962963,67.2969305124654,32,2
133.030927835052,197.010309278351,71.7338312848807,31,2
NaN,NaN,NaN,97,2
415.51968503937,247.763779527559,-32.557956325308,NaN,3
415.758064516129,247.879032258065,-32.2420948660434,11,3
416,247.922480620155,-33.4373005742425,25,3
416.345588235294,247.992647058824,-33.9872757370653,25,3
415.374149659864,247.544217687075,-35.9099316612921,61,3
413.955882352941,247.147058823529,32.4207733965848,61,3
413.922535211268,246.922535211268,20.1183567992435,28,3
415.533783783784,246.290540540541,18.058586580074,60,3
416.827338129496,245.618705035971,8.77580763533234,33,3
419.5,244.864864864865,-11.5178652776323,77,3
423.404109589041,245.205479452055,-22.5545607580555,80,3
425.470149253731,245.992537313433,-12.8505306783161,50,3
428.889705882353,246.147058823529,7.32605693526782,92,3
430.824817518248,246.109489051095,14.8482868964531,53,3
436.079365079365,244.849206349206,-2.46624391400434,101,3
439.136363636364,245.068181818182,-1.60573505807595,90,3
442.887931034483,245.068965517241,2.52018447857532,64,3
447.254237288136,244.118644067797,24.5583730694475,84,3
449.605042016807,242.873949579832,38.7463389841498,49,3
453.382608695652,240.521739130435,23.7581635515806,78,3
456.862595419847,239.015267175573,15.6056333729509,80,3
460.103448275862,237.939655172414,19.0213128058544,57,3
463.632075471698,235.924528301887,28.9143522588803,80,3
465.991452991453,233.897435897436,49.6920652731455,61,3
469.463414634146,230.739837398374,32.9888820999862,80,3
473.356060606061,228.356060606061,23.7863397180458,85,3
475.02752293578,227.798165137615,25.152704502461,35,3
479.690265486726,223.734513274336,50.5156164428976,104,3
481.435897435897,221.820512820513,61.7522069276365,46,3
484.432,218.344,39.0542318640886,82,3
487.586466165414,215.398496240602,34.4358552464848,96,3
490.154639175258,213.886597938144,34.0673013082634,48,3
493.419642857143,209.821428571429,57.7073256930897,93,3
495.025,207.266666666667,63.732141422435,54,3
497.705426356589,204,41.4834313505253,81,3
501.544715447154,200.30081300813,41.0252456947251,92,3
502.376068376068,199.435897435897,46.2041344265295,34,3
505.47572815534,194.660194174757,63.0927013980613,98,3
506.8671875,192.2578125,63.1889251791264,57,3
509.439393939394,188.825757575758,42.5265761869639,80,3
512.801526717557,185.396946564885,42.7961132799889,89,3
514.578947368421,183.833333333333,52.1746301165288,45,3
517.513043478261,179.4,60.2649555299564,91,3
518.735537190083,177.603305785124,55.8538169922809,42,3
521.522058823529,174.75,41.4583187331251,75,3
525.353846153846,170.807692307692,45.2497337140294,98,3
527.035087719298,169.271929824561,53.709956487098,42,3
529.745614035088,165.078947368421,61.8414264073957,88,3
531.186991869919,162.780487804878,61.1574451505577,59,3
533.644444444444,159.807407407407,45.4883120609931,86,3
536.924812030075,155.639097744361,56.3090153232111,88,3
538.169491525424,154.169491525424,59.8188905110555,43,3
540.798245614035,149.342105263158,60.3638747573329,94,3
541.7890625,147.90625,58.2298659913247,44,3
544.546875,144.4375,47.3867147065703,84,3
547.588709677419,140.637096774194,59.5210888655568,86,3
548.473214285714,139.633928571429,62.0267176126854,30,3
551.150442477876,134.964601769911,57.4350735520938,87,3
552.201550387597,133.488372093023,54.3974486498605,36,3
554.904,130,45.124020636042,88,3
557.741935483871,126.403225806452,62.0132204823123,81,3
559.116071428571,124.151785714286,65.9500737699927,50,3
560.948275862069,120.98275862069,55.4853161234822,68,3
562.3,119.384615384615,51.4915838635853,44,3
564.786259541985,116.206106870229,45.0144012147054,77,3
567.905982905983,112.282051282051,64.1152870987158,94,3
569.030927835052,110.463917525773,63.4863315027957,36,3
571.251968503937,107.488188976378,53.6786452418063,68,3
572.30534351145,105.969465648855,47.5078081776565,40,3
575.586776859504,102.537190082645,43.1947886802078,82,3
578.292682926829,99.5853658536585,59.7107641743464,72,3
579.834710743802,97.7520661157025,56.8794558140029,38,3
582.041666666667,95.3166666666667,46.1311032556096,63,3
583.252100840336,94.0924369747899,42.143670741198,37,3
586.614678899083,90.6330275229358,49.6380291324098,80,3
588.92523364486,87.8598130841121,66.0744927158559,62,3
589.519230769231,87.375,59.3545025139471,25,3
591.684684684685,85.1171171171171,45.5282495446519,61,3
592.908256880734,84.4587155963303,36.7695610156072,34,3
596.269230769231,83.7211538461538,24.5030752224706,71,3
598.93137254902,83.6470588235294,23.9949808490864,58,3
599.921568627451,83.6666666666667,18.7741806217634,24,3
603.217391304348,83.1847826086957,5.91949219829035,58,3
604.742268041237,83.4432989690722,2.96583559453417,27,3
607.966666666667,83.3222222222222,24.6324877366442,55,3
609.31067961165,83.4466019417476,23.3972988278791,39,3
610.534653465347,83,14.0590181951018,36,3
613.793103448276,82.4942528735632,5.88436225952329,54,3
615.09375,82.7291666666667,7.04691221113187,25,3
617.47311827957,82.9247311827957,17.867536161201,41,3
619.436170212766,82.968085106383,21.2638423248208,35,3
620.376344086022,82.8494623655914,17.4214343853038,23,3
623.555555555556,82.2222222222222,9.90626886138588,48,3
624.573170731707,82.2439024390244,11.0428930672299,15,3
627.1625,82.375,17.4925559497432,40,3
628.975308641975,82.2592592592593,13.6402341505447,31,3
629.546666666667,82.5466666666667,8.92758351059483,22,3
NaN,NaN,NaN,75,3
376.842105263158,233.771929824561,-82.0497763769872,NaN,4
376.902654867257,233.840707964602,-81.7460089701744,3,4
376.891891891892,233.891891891892,-81.9852874858443,4,4
376.953271028037,233.990654205607,-81.8488592651633,4,4
377,234.726495726496,-80.8156435334385,18,4
377.105691056911,235.186991869919,-80.4973536001091,8,4
377.951388888889,236.159722222222,-71.5075452305957,53,4
377.493421052632,236.342105263158,-81.9061134531795,84,4
377.40251572327,236.723270440252,48.4686895682472,41,4
378.574193548387,236.864516129032,14.3685687373076,72,4
379.66,236.24,11.6987496564917,53,4
383.259259259259,235.755555555556,33.3486533436491,81,4
385.8515625,234.4765625,62.2957341109539,65,4
386.744,233.776,56.9703529783667,33,4
389.450704225352,231.091549295775,57.952752042097,79,4
390.605633802817,230.12676056338,56.6026762176723,46,4
393.864864864865,225.828828828829,67.4126002902074,105,4
395.603603603604,222.405405405405,-89.8032300757602,72,4
396.028301886792,220.641509433962,89.9482668629677,33,4
396.623931623932,217.119658119658,85.1776580230342,61,4
396.876923076923,215.323076923077,83.992621879555,37,4
397.564814814815,208.833333333333,-87.3614976705035,96,4
397.405405405405,204.720720720721,-71.0921925396722,67,4
397.122448979592,203.520408163265,-69.8272230036684,25,4
396.126213592233,198.349514563107,-79.9142312606252,81,4
395.741071428571,195.4375,-84.9540306228102,45,4
394.904347826087,190.304347826087,-70.3212309681335,81,4
393.217054263566,186.372093023256,-50.7242224687957,80,4
392.029126213592,184.572815533981,-45.1235669992946,46,4
389.542056074766,180.299065420561,-65.2011440473488,86,4
388.285714285714,177.008928571429,-75.5158627776098,59,4
386.186440677966,172.457627118644,-57.6167319811806,80,4
383.875968992248,168.790697674419,-40.6211898857803,87,4
381.873786407767,166.873786407767,-43.2825398087421,50,4
379.173469387755,162.887755102041,-56.8829238607036,85,4
377.63963963964,159.72972972973,-68.201374217304,57,4
375.194915254237,155.576271186441,-48.5128385050588,81,4
372.3515625,152.0546875,-40.9011369242931,80,4
370.73786407767,150.728155339806,-42.6891424841325,39,4
367.745283018868,145.820754716981,-61.6184320957639,99,4
366.311926605505,143.091743119266,-63.9183318458767,49,4
363.729508196721,139.72131147541,-41.6846837292709,77,4
360.139130434783,136.35652173913,-35.6831805428214,85,4
358.04,134.85,-42.4144024136765,45,4
355.5,131.529411764706,-58.1289190726346,74,4
353.719298245614,128.894736842105,-60.834185210007,54,4
351.073170731707,125.414634146341,-43.3735333455553,83,4
347.487804878049,121.991869918699,-38.0296163750158,84,4
345.883495145631,120.728155339806,-41.9842867505524,38,4
343.281818181818,117.445454545455,-51.7229007156627,75,4
341.278260869565,114.652173913043,-54.8927387810822,53,4
338.467213114754,111.631147540984,-35.4736382456264,71,4
335.094017094017,108.735042735043,-37.0094496521576,81,4
333.747747747748,107.612612612613,-42.7639261159493,38,4
330.266055045872,103.743119266055,-49.9174051563929,84,4
328.4,101.685714285714,-47.0332670556848,42,4
325.265486725664,98.9469026548673,-31.9629441569458,70,4
321.587719298246,96.2894736842105,-35.5107922369288,75,4
320.158878504673,95.214953271028,-41.4126282361399,35,4
316.836206896552,91.6293103448276,-47.5565363092391,81,4
315.026548672566,89.7522123893805,-45.2192810791531,45,4
312.123188405797,87.195652173913,-31.2184024654905,77,4
309.143835616438,85.7123287671233,-26.5859919579381,64,4
307.493150684931,85.7191780821918,-25.479613157416,40,4
304.363636363636,85.1258741258741,-22.3789285721362,65,4
302.944444444444,85.0625,-20.4083379720425,39,4
300.609271523179,84.8940397350993,-16.5380990971511,53,4
297.330935251799,84.5827338129496,-16.1843115036419,66,4
296.269503546099,84.709219858156,-16.9609422534345,36,4
293.80303030303,84.8257575757576,-20.079171405382,61,4
293.070921985816,84.8014184397163,-16.7809974012427,31,4
289.485714285714,84.2428571428571,-14.8452105349049,71,4
287.078014184397,84.468085106383,-15.98637787673,65,4
285.703703703704,84.4148148148148,-17.955702860467,40,4
283.891156462585,84.7551020408163,-15.9902444047229,58,4
282.855172413793,84.6275862068966,-12.3502840255687,34,4
280.546052631579,84.5,-5.15766630825769,65,4
278.276595744681,84.6666666666667,-16.9569785023921,51,4
277.042553191489,84.7446808510638,-25.0647395146759,38,4
276.014084507042,84.7887323943662,-19.1178058598058,41,4
274.376811594203,84.5507246376812,-18.0352998132759,34,4
271.480916030534,83.8702290076336,-14.3321937854409,57,4
