393.062015503876,259.038759689922,-65.4228556674889,NaN,1
393.125984251969,259.204724409449,-65.0346720868781,4,1
393.031496062992,259.094488188976,-65.0438640041803,8,1
393.120967741935,258.951612903226,-65.0682860460828,9,1
393.047244094488,259.055118110236,-65.2265710468006,5,1
393.031496062992,258.976377952756,-66.2058340897264,6,1
393.181102362205,259.086614173228,-66.7847195855271,8,1
392.9375,258.8671875,-66.4509085348213,11,1
393.007751937984,258.837209302326,-65.7395019629459,3,1
392.984496124031,258.914728682171,-66.0820400056472,2,1
392.992366412214,258.832061068702,-65.8405086399537,8,1
392.992366412214,258.93893129771,-65.3385356577589,6,1
392.90625,258.890625,-65.5024093528251,7,1
393.055555555556,258.984126984127,-66.2775631090068,10,1
393.096,259.096,-66.0468967173236,1,1
392.945736434109,258.852713178295,-66.2762964417157,6,1
393.091603053435,258.908396946565,-65.6642997603335,6,1
393.092307692308,259.1,-66.1958159498834,5,1
392.992248062016,258.914728682171,-65.9340709084399,5,1
393.055118110236,259.015748031496,-66.3290139080593,6,1
393.125,259,-66.1943105514973,9,1
392.96062992126,259.007874015748,-65.8749766122468,7,1
393.055555555556,259.095238095238,-65.9754365942653,3,1
393.104,259.24,-65.5192581330508,9,1
393.047619047619,259.007936507937,-65.525484568246,7,1
393.177419354839,259.209677419355,-66.0026259177551,4,1
393.256198347107,259.438016528926,-65.3322091359778,5,1
393.173228346457,259.173228346457,-66.4632965058095,8,1
393.12,259.2,-66.4418584717348,2,1
393.264462809917,259.247933884298,-66.0658595716674,6,1
393.237704918033,259.237704918033,-65.8447297486487,3,1
393.178861788618,259.325203252033,-65.6222957980479,5,1
393.211382113821,259.308943089431,-65.6789675101308,6,1
393.088709677419,259.346774193548,-65.9140802385716,9,1
393.088,259.248,-66.0816544077068,3,1
393.186046511628,258.906976744186,-62.6694629366271,26,1
393.325757575758,259.280303030303,-57.0669459119539,19,1
393.579310344828,258.896551724138,-42.8857619398175,39,1
394.531034482759,259.593103448276,-39.6902154199593,66,1
395.975609756098,260.634146341463,-40.7614002138219,36,1
398.3125,262.875,-58.9310985849886,75,1
399.564285714286,264.664285714286,-63.7197461739513,46,1
401.939597315436,267.986577181208,-58.3344769041009,71,1
404.437037037037,271.955555555556,-59.5263291729323,92,1
406.088495575221,274.061946902655,-72.220322522242,50,1
407.491228070175,277.850877192982,-88.4855872160871,79,1
408.203007518797,280.759398496241,-87.8968820705821,55,1
409.131944444444,284.256944444444,-79.3772512911879,71,1
410.123966942149,289.545454545455,-76.3816945237125,89,1
410.589743589744,290.931623931624,-78.783740353502,26,1
411.806451612903,295.040322580645,-80.8200894177952,69,1
412.526315789474,297.5,-75.554625448442,48,1
413.821917808219,301.691780821918,-62.0991437119411,86,1
416.328358208955,306.544776119403,-68.3376845529941,94,1
417.015625,307.984375,-72.2943886984891,40,1
418.924369747899,313.09243697479,-77.6182945359776,89,1
419.708661417323,315.220472440945,-73.8626900117837,42,1
421,318.570422535211,-62.645371878124,75,1
422.625,322.194444444444,-65.9035760002245,72,1
423.428571428571,323.93984962406,-69.4837280768207,39,1
425.380952380952,328.746031746032,-72.8261472576892,85,1
426.19696969697,330.742424242424,-68.8348550291549,40,1
427.668965517241,332.751724137931,-59.7806554780633,51,1
429.622377622378,336.062937062937,-55.0616357088392,80,1
431.106557377049,337.83606557377,-58.422367920052,35,1
433.174603174603,341.253968253968,-67.77996489374,68,1
434.210144927536,343.079710144928,-66.958468751984,36,1
436.078014184397,345.489361702128,-57.4031943334735,59,1
437.692307692308,347.657342657343,-46.2754992490128,62,1
438.597014925373,348.574626865672,-41.1172333120949,21,1
441.198529411765,351.088235294118,-49.3771817760003,66,1
442.298507462687,352.5,-56.9286835729731,32,1
444.4921875,355.421875,-63.652866897638,62,1
446.4,357.769230769231,-53.1079720256996,54,1
447.136363636364,358.310606060606,-48.2346004916493,22,1
449.080882352941,360.367647058824,-41.1101044937707,52,1
449.985507246377,361.304347826087,-43.1763832850433,30,1
451.962121212121,363.280303030303,-50.593003731019,52,1
454.459016393443,366.262295081967,-63.0882865511088,64,1
455.393162393162,367.615384615385,-57.6065598060537,31,1
456.848,369.016,-45.3505108459876,40,1
457.614814814815,369.82962962963,-45.1266242674614,24,1
459.540145985401,371.671532846715,-41.4626918144616,52,1
461.951219512195,374.040650406504,-45.6738917232937,58,1
462.798245614035,374.719298245614,-48.7451383883563,23,1
464.691588785047,377.03738317757,-52.332809474383,53,1
465.837606837607,378.632478632479,-52.5199235785706,36,1
467.809917355372,380.446280991736,-42.6199689878461,50,1
469.572580645161,381.822580645161,-36.6718002198853,55,1
470.900826446281,383.02479338843,-34.2400540858634,29,1
473.795081967213,385.622950819672,-45.2611063481456,65,1
475.041666666667,386.85,-51.5569683219751,34,1
477.3,389.183333333333,-52.4703144687894,58,1
479.730158730159,391.460317460317,-43.9851861955482,58,1
480.84,392.44,-38.7209882610346,33,1
483.213114754098,394.55737704918,-34.9143990918631,65,1
484.568,395.656,-40.193768031062,33,1
486.207692307692,396.284615384615,-42.9979245548552,49,1
488.503759398496,397.112781954887,-44.5420772916368,53,1
490.048,398.112,-33.1686383825589,34,1
491.472222222222,398.180555555556,-24.7464610171484,43,1
492.260563380282,398.570422535211,-21.7820322874225,24,1
494.197278911565,398.979591836735,-16.6349076014292,57,1
498.166666666667,399.349206349206,-18.3924236338478,75,1
498.940298507463,399.15671641791,-19.709409265064,28,1
501,399.571428571429,-17.5402594639084,43,1
502.030769230769,399.823076923077,-14.7736020366935,25,1
503.573770491803,400.188524590164,-9.66526053356326,32,1
506.333333333333,400.142857142857,2.3313990642664,60,1
508.480620155039,399.790697674419,6.4024823499452,37,1
510.854961832061,399.442748091603,2.56706271921363,48,1
512.301587301587,399.301587301587,-7.85735320076532,29,1
514.4609375,399.359375,-14.2622048206475,42,1
516.574626865672,399.34328358209,-15.2164200964727,40,1
NaN,NaN,NaN,134,1
389.801652892562,245.446280991736,-69.764303598155,NaN,2
389.848739495798,245.470588235294,-68.9828898812838,4,2
389.891666666667,245.758333333333,-69.5733435708638,5,2
389.868852459016,245.614754098361,-70.1169754174742,2,2
389.776859504132,245.322314049587,-69.6584232686323,7,2
389.890756302521,245.470588235294,-69.5243278674505,4,2
389.806722689076,245.470588235294,-69.4572653355604,4,2
389.833333333333,245.433333333333,-69.7517394035718,1,2
389.789915966387,245.420168067227,-69.716863051092,5,2
389.769230769231,245.376068376068,-69.5440503010032,4,2
389.747899159664,245.243697478992,-69.9603289254301,4,2
389.776859504132,245.388429752066,-70.4122156996092,2,2
389.747967479675,245.325203252033,-70.6770512064031,4,2
389.788617886179,245.49593495935,-70.3939399315825,2,2
389.813008130081,245.357723577236,-70.3699592033734,4,2
389.844262295082,245.27868852459,-69.7045870759001,3,2
389.836206896552,245.422413793103,-69.7970188925269,8,2
389.8,245.491666666667,-70.1225403242262,6,2
389.766666666667,245.4,-70.0586726377926,6,2
389.859504132231,245.471074380165,-69.853805928132,9,2
389.826446280992,245.413223140496,-69.7792831579181,4,2
389.905172413793,245.448275862069,-69.4324806108154,7,2
389.870689655172,245.336206896552,-69.8868106046824,4,2
389.851239669421,245.570247933884,-69.6718788009756,9,2
389.819672131148,245.475409836066,-69.8364230280263,3,2
389.786885245902,245.098360655738,-69.6679174242019,8,2
390.0078125,245.578125,-69.7380491953726,16,2
390.210144927536,246.369565217391,-69.8693518339145,14,2
389.904458598726,246.343949044586,-77.1560807590522,49,2
389.789808917197,245.566878980892,-89.1419949717239,40,2
389.519736842105,244.506578947368,87.1927196908409,27,2
388.880281690141,241.30985915493,87.1413808212208,70,2
388.538461538462,239.538461538462,-85.3663131707968,36,2
387.637583892617,235.402684563758,-67.2497159433727,93,2
386.0234375,229.9921875,-89.0308880672729,101,2
385.941666666667,228.35,81.5813740236359,38,2
386.614678899083,222.908256880734,87.0555060374911,91,2
386.251851851852,220.148148148148,-80.7177128117164,54,2
385.037037037037,215.525925925926,-60.2552468204309,92,2
383.86013986014,211.314685314685,-70.5983805621431,84,2
383.170542635659,209.403100775194,-79.0767523527114,48,2
382.008547008547,203.094017094017,-75.816757456273,108,2
381.160839160839,200.776223776224,-69.4510999072394,56,2
379.101449275362,196.188405797101,-49.7254007080202,95,2
376.308270676692,192.067669172932,-61.6147859118512,95,2
375.282258064516,190.564516129032,-63.6307882822885,37,2
372.75,185.8359375,-59.6290025638653,92,2
371.553956834532,184.187050359712,-53.594979971766,41,2
368.775510204082,181.136054421769,-38.1759537875093,92,2
365.042253521127,177.450704225352,-48.1370342318283,95,2
363.837398373984,176.414634146341,-52.4751960726245,35,2
360.798319327731,172.193277310924,-67.2695135093543,88,2
359.5,169.692307692308,-69.1400216164859,51,2
357.401459854015,166.211678832117,-58.9605379017138,73,2
355.481751824818,163.240875912409,-55.174170109921,74,2
354.0703125,161.1328125,-56.5092681189265,43,2
352.376,158.392,-64.7766969260952,59,2
351.37984496124,156.542635658915,-69.7422183426225,42,2
349.6328125,153.40625,-65.8589867210371,63,2
348.355555555556,151.340740740741,-56.5857820711114,49,2
347.574626865672,150.201492537313,-52.377047617277,25,2
345.862903225806,147.677419354839,-47.0749729427909,58,2
344.992366412214,146.251908396947,-52.4043621524098,37,2
343.457364341085,144.217054263566,-60.2503536400188,50,2
341.546875,141.390625,-62.8458449782319,53,2
340.692913385827,140.125984251969,-55.467939684151,31,2
339.527559055118,139.023622047244,-47.3304935021779,36,2
338.688405797101,137.927536231884,-45.7480451811858,27,2
337.153846153846,136.27972027972,-43.0854896442753,53,2
334.6484375,133.734375,-50.6191185247655,59,2
333.7578125,132.71875,-54.373898298859,24,2
331.722222222222,130.547619047619,-56.8473369621295,54,2
331.086614173228,129.818897637795,-54.402400242942,19,2
329.694029850746,128.776119402985,-48.5434193941456,37,2
328.204379562044,127.430656934307,-40.3742672548648,41,2
327.469696969697,127.068181818182,-37.8346110325908,29,2
325.541984732824,125.427480916031,-36.2508107897548,51,2
324.168,124.224,-38.461897424117,36,2
322.370078740157,122.779527559055,-47.5008810375962,54,2
320.157024793388,120.636363636364,-50.0814827127133,54,2
319.368421052632,120.12030075188,-48.6449826684668,28,2
317.852941176471,119.022058823529,-41.5822340173271,39,2
316.901408450704,118.140845070423,-38.2314289774519,32,2
315.234482758621,116.834482758621,-33.6160470826615,51,2
312.834532374101,115.057553956835,-31.2109087351668,52,2
311.89928057554,114.460431654676,-35.6966379869956,26,2
309.511278195489,112.488721804511,-40.3722482674181,58,2
308.683823529412,112.110294117647,-42.926602299156,27,2
306.015267175573,109.847328244275,-43.6189991085616,65,2
304.19696969697,108.409090909091,-37.5713466525615,47,2
302.840909090909,107.44696969697,-32.8655644348396,30,2
300.92125984252,106.314960629921,-27.3413439868592,45,2
298.961240310078,104.899224806202,-28.0170062093074,42,2
296.328125,103.234375,-37.8679057915817,57,2
293.697478991597,101.36974789916,-43.9274774052629,59,2
292.74358974359,100.57264957265,-40.2725765233819,22,2
290.328,98.48,-35.5714050304809,56,2
289.1875,97.703125,-30.6815683754374,23,2
287.138461538462,96.4461538461538,-26.0543458665697,54,2
284.536764705882,94.8088235294118,-25.8640386293548,58,2
282.634328358209,93.7313432835821,-31.5338804858587,38,2
279.717391304348,91.6811594202899,-38.4784600557635,70,2
278.367647058824,90.8823529411765,-40.276584786468,32,2
276.266233766234,88.987012987013,-33.2125390410767,66,2
274.131578947368,88.0460526315789,-21.9873500767983,60,2
272.835443037975,87.6835443037975,-16.3817740034749,36,2
270.537974683544,86.873417721519,-16.9189659864387,62,2
269.396226415094,86.6918238993711,-18.6500143311197,35,2
266.96835443038,86.4556962025316,-21.187879873203,59,2
264.398692810458,85.8823529411765,-18.2925931194842,57,2
263.81935483871,85.7935483870968,-16.9253262026968,24,2
261.576923076923,85.3910256410256,-11.8647109885025,41,2
260.84076433121,85.3184713375796,-10.0131011218285,23,2
259.309090909091,85.3030303030303,-7.37607110339,38,2
257.755952380952,85.2619047619048,-5.72991558165428,37,2
256.617283950617,85.2777777777778,-5.20096779559454,26,2
254.493670886076,85.2151898734177,-6.22796061078195,42,2
253.342281879195,85.1744966442953,-7.61337993489103,23,2
252.036809815951,85.4110429447853,-7.2466093670029,32,2
250.636942675159,85.203821656051,-5.28683476467659,30,2
249.74213836478,85.1949685534591,-4.02110543102188,24,2
247.922077922078,85.0844155844156,-0.387429421525249,39,2
247.379518072289,85.2168674698795,1.82758180532209,20,2
245.141025641026,85.2179487179487,7.10521335493989,44,2
243.143790849673,85.3398692810458,9.3004714845117,37,2
NaN,NaN,NaN,153,2
382.971223021583,236.194244604317,-38.5064244206317,NaN,3
382.972027972028,236.223776223776,-38.1141846248825,6,3
382.841726618705,236.223021582734,-38.0099342850877,4,3
382.886524822695,236.22695035461,-38.4969115079799,4,3
382.77304964539,236.13475177305,-38.2241902949945,2,3
383.092857142857,236.292857142857,-38.1025506788953,9,3
382.854166666667,236.229166666667,-37.44677051012,8,3
382.936170212766,236.262411347518,-38.2526612639862,3,3
382.842857142857,236.092857142857,-38.2002960923642,7,3
382.690647482014,236.115107913669,-38.0794476405163,5,3
382.730496453901,236.085106382979,-38.1427712724651,2,3
382.972027972028,236.230769230769,-38.1203475633425,6,3
383.020833333333,236.243055555556,-37.8049231347707,3,3
383.146853146853,236.321678321678,-38.0190247781439,7,3
383.340277777778,236.465277777778,-38.1677642660877,5,3
384.044585987261,237.127388535032,-40.6278672808516,27,3
383.672413793103,237.275862068966,-50.6004513322676,89,3
383.341614906832,236.372670807453,-61.4742946783438,31,3
382.375886524823,234.808510638298,-79.0564786987382,52,3
381.791666666667,232.631944444444,-79.9955262733035,49,3
380.328859060403,229.295302013423,-56.5988432830163,71,3
379.123456790123,227.061728395062,-61.2412932450044,67,3
378.067164179104,225.149253731343,-69.5563128303996,48,3
376.571428571429,219.473214285714,-85.2987196033138,102,3
376.073529411765,216.794117647059,-79.6082992711296,52,3
374.37908496732,212.692810457516,-64.3386361792591,91,3
372.18115942029,207.63768115942,-65.8818954413118,101,3
371.159292035398,205.964601769911,-74.4101631856107,41,3
369.834710743802,200.528925619835,-80.6030047538616,96,3
369.155555555556,197.696296296296,-72.1759608340619,54,3
367.375939849624,192.93984962406,-63.2928890069916,94,3
365.643939393939,188.106060606061,-77.5837102227129,89,3
365.103448275862,186.284482758621,-84.8066462088028,36,3
364.845528455285,181.617886178862,88.8437280149691,85,3
364.648854961832,179.229007633588,-87.9984972531037,46,3
364.389705882353,175.257352941176,-78.8391617796142,77,3
364.231884057971,171.050724637681,-81.3198996318052,70,3
364.088709677419,169.209677419355,-88.0591972374343,32,3
364.355371900826,165.322314049587,83.30594575626,69,3
364.438461538462,163.046153846154,82.6919192468283,39,3
364.681818181818,160.113636363636,89.6872482799483,58,3
364.744186046512,155.945736434109,-78.9426895218605,69,3
364.793388429752,154.892561983471,-80.1971601037896,24,3
364.669421487603,151.223140495868,-88.7705775362259,64,3
364.740157480315,149.590551181102,86.2273709805794,30,3
364.934426229508,145.893442622951,80.3928889125479,61,3
364.878787878788,143.515151515152,89.2797338123329,40,3
364.90756302521,142.63025210084,-87.5406184231077,23,3
364.686440677966,138.889830508475,-79.167309532816,63,3
364.580152671756,137.465648854962,-81.4590283568158,27,3
364.709677419355,134.548387096774,85.2887785039039,57,3
364.645161290323,131.25,74.9022700781608,58,3
364.779661016949,130.474576271186,75.0836571618209,20,3
364.88,127.904,83.8910722407859,45,3
364.93893129771,126.656488549618,88.1134588971843,24,3
365,123.076271186441,-86.657260989574,59,3
365.049586776859,120.752066115702,82.1017975708641,47,3
365.008771929825,119.921052631579,78.5927662806094,21,3
365.48623853211,117.229357798165,67.6910171507586,45,3
365.796610169492,115.449152542373,72.0936722383639,33,3
366.137931034483,112.922413793103,84.4613565895885,50,3
366.217391304348,110.539130434783,88.4859289614607,45,3
366.333333333333,109.527777777778,86.6794528643462,21,3
366.710280373832,107.018691588785,72.8765901323413,45,3
366.98275862069,106,70.1284551066122,25,3
367.788617886179,103.422764227642,62.4448304470796,47,3
369.117647058824,100.285714285714,65.2843124382467,58,3
369.191304347826,99.7739130434783,67.6743266392144,14,3
369.811475409836,96.5327868852459,80.4852634297518,59,3
370.086956521739,94.731884057971,84.44038072064,38,3
370.875,92.0069444444444,78.262826312004,56,3
371.341040462428,89.7225433526011,71.4959832352163,63,3
371.645714285714,88.7885714285714,66.6197367913803,32,3
372.488888888889,87.7111111111111,47.9808257709555,51,3
372.866666666667,87.4777777777778,43.4072541070708,20,3
373.446700507614,87.6142131979695,46.1639225008099,39,3
374.384615384615,87.3021978021978,47.8011266389116,39,3
374.910112359551,87.2865168539326,45.8944534135828,32,3
376.096256684492,86.7647058823529,36.7111262171398,43,3
376.715736040609,86.4365482233503,30.0048946683794,34,3
378.157894736842,85.6842105263158,21.6012481003398,62,3
379.710407239819,85.8280542986425,16.7999016506556,66,3
380.433628318584,85.6283185840708,10.4427433903875,55,3
382.551401869159,85.4392523364486,8.05160581283077,86,3
383.450704225352,85.3943661971831,7.6051294570631,49,3
387.378378378378,85.4,17.1211508840871,102,3
389.046875,85.4791666666667,13.5649265078281,51,3
389.086734693878,85.5459183673469,14.1743514338088,22,3
390.771144278607,85.3830845771144,14.1938867699023,59,3
391.368932038835,85.378640776699,12.9230789688259,39,3
393.018181818182,84.9636363636364,8.765885394412,68,3
395.5625,84.375,7.33695279526748,80,3
396.266331658291,84.2814070351759,6.86459306662229,23,3
398.326530612245,84.2448979591837,6.85904131393633,47,3
399.06862745098,84.2745098039216,5.39117295981228,26,3
NaN,NaN,NaN,204,3
384.182481751825,241.744525547445,84.9327584630229,NaN,4
384.182481751825,241.503649635037,85.9537291122501,4,4
384.176470588235,241.514705882353,85.4719648520862,3,4
384.198529411765,241.588235294118,85.6443789853813,2,4
384.182481751825,241.583941605839,85.6626480397011,3,4
384.139705882353,241.477941176471,85.1236962235297,3,4
384.244444444444,241.362962962963,85.5707419008185,5,4
384.198529411765,241.794117647059,85.5656348238992,7,4
384.213235294118,241.779411764706,85.6526058033595,4,4
384.13475177305,241.921985815603,84.2381960485409,9,4
384.13475177305,242.042553191489,84.5267776742984,2,4
384.160583941606,241.63503649635,84.8907475454681,6,4
384.27972027972,241.58041958042,85.1323142669554,8,4
384.208633093525,241.690647482014,85.1638748504982,4,4
384.210144927536,241.608695652174,85.0585405401004,1,4
384.205882352941,241.823529411765,84.6904348466533,4,4
384.18115942029,241.833333333333,84.8564904512326,4,4
384.115942028986,241.949275362319,84.6246371006832,4,4
384.182481751825,241.598540145985,85.7955752669218,5,4
384.207407407407,241.77037037037,84.6672968150903,6,4
384.189781021898,241.591240875912,85.8386956147472,6,4
384.216417910448,241.417910447761,85.9060143444702,3,4
384.224637681159,241.413043478261,85.6543268221634,4,4
384.240875912409,241.459854014599,85.8315091285764,7,4
384.223880597015,241.402985074627,85.9522960905642,3,4
384.159420289855,241.768115942029,85.0209909116142,4,4
384.197080291971,241.759124087591,85.1384824958306,5,4
384.227941176471,241.727941176471,85.7448591078679,5,4
384.409090909091,240.94696969697,88.7475255230359,16,4
384.594594594595,241.466216216216,89.4867471656357,40,4
384.760479041916,242.215568862275,-85.5778074794965,35,4
385.497297297297,242.659459459459,-54.8203464698448,62,4
385.655555555556,242.216666666667,70.0008436766429,53,4
385.658064516129,241.193548387097,67.2498444015415,47,4
386.827338129496,238.805755395683,89.957565788652,70,4
387.132867132867,237.748251748252,-76.8443119940008,38,4
386.472222222222,234.145833333333,-67.4815672473243,81,4
384.582781456954,230.867549668874,-80.8894431311989,95,4
384.044776119403,229.60447761194,-83.8163052707882,35,4
383.024193548387,224.120967741935,-69.7952674370649,94,4
382.356060606061,222.704545454545,-60.7318955448706,38,4
380.24,218.48,-58.4051720063947,79,4
378.190476190476,215.448979591837,-79.1792434341441,90,4
377.333333333333,213.333333333333,-76.2183479219593,50,4
375.460869565217,208.973913043478,-56.2248354862195,84,4
374.304347826087,206.63768115942,-53.394488898271,53,4
372.234482758621,203.234482758621,-59.4686343517588,81,4
369.759124087591,199.226277372263,-69.062053889234,92,4
368.458333333333,196.908333333333,-54.1396341339985,45,4
365.247933884298,192.98347107438,-40.5973970289258,95,4
363.674242424242,190.916666666667,-50.0804747867544,53,4
361.293706293706,187.461538461538,-63.254211530717,83,4
358.217391304348,182.710144927536,-63.6365305864211,99,4
357.1796875,181.484375,-52.8261906707619,38,4
353.283185840708,176.619469026549,-41.9802762478991,105,4
351.876811594203,174.594202898551,-54.3030473665176,49,4
348.970149253731,170.164179104478,-68.7141142962774,98,4
346.6,166.335714285714,-58.3974928360274,86,4
344.897810218978,164.21897810219,-44.8140177381544,49,4
341.521739130435,160.64347826087,-40.5294104307236,96,4
339.95652173913,158.572463768116,-54.126166013498,53,4
336.742424242424,154.416666666667,-61.2653304217702,96,4
333.863636363636,151.246753246753,-46.3563382302538,78,4
332.202797202797,149.727272727273,-37.6323682957068,51,4
328.041666666667,146.716666666667,-34.6408710239239,93,4
325.751937984496,144.488372093023,-51.3075619249817,59,4
322.195488721805,141.157894736842,-52.6976418851433,92,4
319.137931034483,138.613793103448,-40.3983321036572,76,4
317.367647058824,137.316176470588,-34.3670661653268,45,4
313.160305343511,134.022900763359,-41.3988535203942,97,4
311.561643835616,132.575342465753,-51.6091536000695,51,4
308.007299270073,128.693430656934,-53.2062172932934,97,4
304.685314685315,125.629370629371,-37.6584018172971,80,4
303.078125,124.421875,-31.3967696895391,35,4
299.630769230769,121.684615384615,-42.1683980729192,84,4
297.385714285714,119.15,-53.7373927680863,60,4
293.578947368421,115.436090225564,-44.1566130888622,95,4
290.636363636364,113.083916083916,-32.2646437700303,74,4
288.474137931034,111.75,-25.5092237076936,41,4
285.186991869919,109.268292682927,-42.1334573899592,77,4
282.81884057971,106.992753623188,-53.1644331220238,63,4
279.059701492537,103.358208955224,-39.067756462593,88,4
275.860294117647,101.338235294118,-25.6384731603126,78,4
273.520661157025,100.057851239669,-22.6930627817576,43,4
269.612403100775,97.7286821705426,-39.7713895038685,80,4
268.058394160584,96.6715328467153,-46.0976411680596,44,4
263.626865671642,93.2164179104478,-38.1815751834477,97,4
260.472602739726,91.1849315068493,-28.0841983929584,80,4
258.031007751938,89.922480620155,-22.1271220340587,45,4
254.353741496599,88.0816326530612,-33.8868258310103,80,4
253.230769230769,87.8269230769231,-37.828754754116,35,4
249.5,86.4383561643836,-28.6738641689319,80,4
247.37037037037,86.1049382716049,-19.0829285584679,52,4
245.645569620253,85.7658227848101,-13.5973871004403,40,4
243.069182389937,85.5157232704402,-12.7295745739248,63,4
242.35119047619,85.6845238095238,-13.9378518156858,27,4
239.319526627219,85.5621301775148,-13.0220431578614,73,4
236.910179640719,85.6407185628743,-8.95140008411532,54,4
236.118343195266,85.6213017751479,-4.59882689027602,28,4
233.242038216561,85.5222929936306,5.58373243329855,64,4
232.453488372093,85.5406976744186,5.95834149052192,31,4
230.048484848485,85.9757575757576,-2.16070015811883,59,4
227.452830188679,85.8867924528302,-8.02908404372918,54,4
226.359477124183,86.0065359477124,-9.84874126443005,28,4
224.686666666667,85.8066666666667,-2.24873568766158,51,4
224.181818181818,85.7212121212121,-0.614287513094151,27,4
221.975903614458,85.6144578313253,-0.700670179765579,47,4
220.154838709677,85.5548387096774,-6.34272386565265,43,4
219.177215189873,85.4873417721519,-6.69595183129897,23,4
217.355263157895,85.3223684210526,-3.46234793609784,44,4
NaN,NaN,NaN,152,4
393.392857142857,235.385714285714,-23.353181154436,NaN,5
393.307142857143,235.328571428571,-23.8574678169173,2,5
393.319444444444,235.340277777778,-23.8076150262693,6,5
393.462068965517,235.351724137931,-23.6987527142906,5,5
393.312056737589,235.375886524823,-23.0907703032988,8,5
393.370629370629,235.244755244755,-23.5930974426456,6,5
393.297872340426,235.297872340426,-23.6515781060191,6,5
393.219858156028,235.290780141844,-24.6033670392223,6,5
393.584507042254,235.556338028169,-22.2472455122737,9,5
393.577464788732,235.43661971831,-22.4483108805801,6,5
393.595744680851,235.489361702128,-21.8561295978965,7,5
393.627586206897,235.48275862069,-23.2045908934674,10,5
393.641379310345,235.503448275862,-22.4036604552085,6,5
393.5,235.347222222222,-23.8010246436598,7,5
393.492857142857,235.378571428571,-23.3840341514782,6,5
393.503448275862,235.358620689655,-23.5336244819894,7,5
393.316901408451,235.281690140845,-24.0242550893403,7,5
393.429577464789,235.352112676056,-23.2111159439335,4,5
393.422818791946,235.208053691275,-23.5905116209733,9,5
393.496350364964,235.445255474453,-22.7127179430777,14,5
393.37323943662,235.345070422535,-22.8683395454357,13,5
393.503496503496,235.433566433566,-22.3695863831349,5,5
393.409722222222,235.291666666667,-23.086668283952,9,5
393.354609929078,235.397163120567,-22.243555436325,9,5
393.357664233577,235.357664233577,-22.5572905087932,10,5
393.208633093525,235.309352517986,-22.5148813850094,6,5
393.55,235.307142857143,-22.7356377604948,11,5
393.338028169014,235.204225352113,-23.1411992007044,8,5
393.454545454545,235.237762237762,-22.871720700661,9,5
393.391608391608,235.118881118881,-23.6855567216117,8,5
393.340425531915,235.170212765957,-23.0936525481425,6,5
393.181818181818,235.083916083916,-24.4925755242794,8,5
393.328671328671,235.104895104895,-23.4439057103478,8,5
393.111888111888,235.06993006993,-23.6098568331765,6,5
393.427586206897,235.158620689655,-23.626629986705,4,5
393.520833333333,235.180555555556,-22.9242895621957,9,5
393.25,235.055555555556,-23.1576006870139,8,5
394.393333333333,235.686666666667,-26.8737548335714,32,5
394.813559322034,236.564971751412,-45.4435841892751,83,5
394.549132947977,236.023121387283,-56.61201974221,42,5
391.909090909091,231.909090909091,-67.4613617164148,97,5
390.598684210526,230.203947368421,-55.3416821373714,62,5
389.565517241379,228.813793103448,-47.0218613923796,51,5
386.848484848485,226.212121212121,-47.8342299168789,101,5
384.556338028169,223.401408450704,-62.7132537456547,76,5
381.877697841727,220.028776978417,-61.9892235867165,89,5
378.71186440678,215.186440677966,-30.2964472193551,103,5
377.218181818182,214.045454545455,-28.0584119590282,34,5
373.672413793103,211.353448275862,-42.7744845719343,78,5
372.598484848485,210.348484848485,-50.786914385902,46,5
369.521428571429,207.642857142857,-52.46372751155,80,5
366.635714285714,204.628571428571,-40.5270281625597,74,5
364.873134328358,203.022388059701,-29.7227079207692,46,5
362.95652173913,201.391304347826,-32.0526488703937,60,5
361.767605633803,200.302816901408,-36.2379214375166,34,5
359.251851851852,198.259259259259,-44.8617960837534,59,5
356.401515151515,195.780303030303,-45.7023447419132,59,5
355.4140625,194.8515625,-39.1968602432659,28,5
353.717557251908,193.87786259542,-27.457938650144,41,5
352.724637681159,193.13768115942,-23.022206624598,33,5
350.657342657343,192.27972027972,-21.0753065119955,57,5
348.022222222222,191.355555555556,-25.7227019698237,52,5
346.638461538462,190.9,-29.4439362346102,27,5
344.469230769231,189.738461538462,-37.6079929522084,48,5
343.634328358209,189.417910447761,-40.5775593106832,24,5
341.775362318841,188.333333333333,-38.3762242391207,42,5
339.933333333333,187.355555555556,-30.0543330898732,41,5
338.764705882353,186.779411764706,-26.2201603205999,29,5
336.817518248175,186.102189781022,-20.6757928327472,47,5
335.37037037037,185.525925925926,-16.130597461378,32,5
332.714285714286,184.507936507937,-19.1076209146642,53,5
330.552,183.824,-24.2897161514633,45,5
329.352941176471,183.286764705882,-27.4689235384162,27,5
327.285714285714,182.357142857143,-29.2985331239458,46,5
326.102362204724,181.826771653543,-30.2622633681877,27,5
324.410447761194,180.985074626866,-28.2399499893228,41,5
322.769784172662,180.359712230216,-24.3294945135107,33,5
321.69696969697,179.689393939394,-21.8858609465203,31,5
318.93661971831,178.669014084507,-17.6506090782555,52,5
318.213235294118,178.316176470588,-18.2818277085962,28,5
315.284615384615,177.376923076923,-17.8366479690806,54,5
313.870503597122,176.719424460432,-20.722059963317,39,5
313.091603053435,176.274809160305,-19.8532089746181,26,5
310.223880597015,175.223880597015,-27.8355215183606,49,5
309.201550387597,174.790697674419,-28.0405728031662,27,5
307.2734375,174.0546875,-28.4041350140207,47,5
305.561151079137,173.561151079137,-25.2262090438437,37,5
304.192592592593,172.740740740741,-22.2013845925325,32,5
302.246376811594,172.13768115942,-17.784952591619,45,5
301.545454545455,172.013986013986,-17.1348390402719,21,5
299.080882352941,171.147058823529,-13.9004330279514,45,5
297.051094890511,170.737226277372,-15.4305065890768,39,5
295.978417266187,170.539568345324,-17.6752926458337,22,5
294.361538461538,169.961538461538,-19.1340939785666,35,5
293.661654135338,169.924812030075,-19.7192513188586,17,5
291.893129770992,169.320610687023,-20.8580392739767,34,5
290.594202898551,169.021739130435,-18.5556414079092,31,5
290.021739130435,168.717391304348,-18.2734697826649,18,5
288.575539568345,168.330935251799,-14.797672063006,31,5
288.111940298507,168.119402985075,-14.7636004956693,17,5
286.518248175182,167.875912408759,-13.2106050375704,33,5
284.911764705882,167.514705882353,-10.6157097627142,33,5
283.781954887218,167.300751879699,-9.843675988568,19,5
282.261194029851,166.962686567164,-10.2614363604706,29,5
281.572463768116,166.869565217391,-11.1051929360171,18,5
279.954887218045,166.609022556391,-11.8574161335199,35,5
278.325925925926,166.133333333333,-14.4912890080248,32,5
277.532846715328,166.109489051095,-15.6643197809502,18,5
276.446808510638,166.021276595745,-16.248739365796,20,5
275.735294117647,165.566176470588,-16.5603088105045,21,5
274.347826086957,165.36231884058,-17.5228666643431,24,5
273.34,165.313333333333,-17.1465731743581,20,5
272.839160839161,165.174825174825,-16.5638113214256,17,5
271.319444444444,164.840277777778,-14.7545276805451,31,5
270.558620689655,164.696551724138,-13.6571488828212,17,5
269.589928057554,164.338129496403,-12.99441763385,28,5
268.333333333333,164.078014184397,-12.7507354202122,26,5
267.776978417266,163.978417266187,-13.5501754352541,16,5
266.330882352941,163.632352941176,-12.5583199690205,25,5
265.712230215827,163.546762589928,-12.4836874234426,13,5
264.63503649635,163.255474452555,-12.4145801074339,28,5
263.257352941176,163.022058823529,-12.2509488841869,25,5
262.89552238806,162.888059701493,-13.0341154733221,12,5
261.823529411765,162.661764705882,-12.4266453836467,24,5
261.569230769231,162.430769230769,-13.4152765519965,14,5
260.846715328467,162.299270072993,-12.7979715684168,21,5
260.021739130435,162.115942028986,-12.2171153826391,19,5
259.482014388489,162.028776978417,-11.3885807078645,11,5
258.907142857143,161.978571428571,-12.732845473642,11,5
258.760869565217,161.789855072464,-12.4429120037296,12,5
258,161.640845070423,-12.44582108677,18,5
256.683823529412,161.426470588235,-12.592820396129,22,5
256.295774647887,161.387323943662,-11.6631682327024,14,5
255.802816901408,161.338028169014,-12.7515015464139,18,5
255.697183098592,161.183098591549,-12.8824766500036,8,5
254.929577464789,161.049295774648,-13.1465598879702,14,5
254.209459459459,161.067567567568,-11.5950895281572,18,5
253.979591836735,161.054421768707,-12.7353671476796,11,5
253.275167785235,160.865771812081,-10.4496220879965,18,5
252.75,160.597222222222,-10.1765820373414,15,5
252.246376811594,160.579710144928,-10.3264571323168,20,5
250.867647058824,160.176470588235,-10.6294777426633,26,5
251.048611111111,160.270833333333,-11.8038015895126,16,5
250.41958041958,160.167832167832,-11.5111796485028,15,5
250.153846153846,160.125874125874,-11.6914418792012,8,5
249.710344827586,160.096551724138,-11.3233982506982,12,5
249.167832167832,159.832167832168,-11.584720256191,20,5
249.176056338028,159.767605633803,-11.9771166189845,11,5
248.58389261745,159.731543624161,-10.7722227728903,13,5
248.278911564626,159.714285714286,-10.5729150163596,12,5
247.979166666667,159.576388888889,-10.2854914193533,11,5
247.628378378378,159.486486486486,-10.7926311169464,12,5
247.362416107383,159.335570469799,-10.8566536598278,9,5
246.125,159.152777777778,-9.99211333123306,19,5
246.102739726027,159.171232876712,-9.97947287635649,6,5
245.348684210526,159.111842105263,-10.6658813077407,14,5
244.771812080537,159.073825503356,-10.28265051614,13,5
244.755102040816,159.027210884354,-10.586585581271,6,5
244.44,158.866666666667,-10.8247015864734,13,5
244.191489361702,158.68085106383,-10.5205308507195,9,5
243.967105263158,158.743421052632,-9.70360674810029,13,5
243.763157894737,158.644736842105,-9.75914442583542,10,5
243.414012738854,158.477707006369,-10.1205525069234,11,5
242.690789473684,158.328947368421,-9.72413505380636,15,5
242.788079470199,158.311258278146,-9.88780818801532,3,5
241.244604316547,157.992805755396,-11.0662956884872,24,5
240.958333333333,157.986111111111,-13.4761836446365,11,5
240.869863013699,157.91095890411,-12.7171645008332,8,5
240.201388888889,157.555555555556,-16.8867322315882,20,5
239.751773049645,157.31914893617,-16.9031151554965,11,5
239.165517241379,157.206896551724,-15.5138995653781,16,5
238.319727891156,156.993197278912,-14.1727153491846,18,5
238.013422818792,156.89932885906,-12.0699245511666,10,5
237.169934640523,156.816993464052,-9.48421283961068,24,5
236.904458598726,156.789808917197,-8.17488085928853,16,5
235.894039735099,156.649006622517,-5.96920751419779,26,5
235.258278145695,156.423841059603,-4.63433059876168,26,5
234.303225806452,156.212903225806,-5.21708675410273,20,5
233.183673469388,155.884353741497,-5.15029961605858,30,5
232.876712328767,155.842465753425,-5.64837069156394,9,5
232,155.743421052632,-6.10341351481358,18,5
230.974522292994,155.662420382166,-9.33029061788511,23,5
230.486666666667,155.493333333333,-9.99034337458685,15,5
229.340136054422,155.108843537415,-10.1494266950863,25,5
228.913907284768,155.072847682119,-10.3138089103645,16,5
227.575342465753,154.849315068493,-10.6562194507647,25,5
227.163265306122,154.666666666667,-9.66883292484704,23,5
226.541095890411,154.595890410959,-9.13543221670095,9,5
225.721088435374,154.394557823129,-9.6888463687266,17,5
225.154362416107,154.342281879195,-8.48397384156958,18,5
224.591836734694,154.34693877551,-7.42615208436384,18,5
223.835526315789,154.118421052632,-8.06139526609107,17,5
223.393333333333,154.046666666667,-7.28905735678507,18,5
222.630872483221,153.926174496644,-7.81571461028021,15,5
221.806896551724,153.758620689655,-6.41023601263179,18,5
220.689655172414,153.586206896552,-6.99683841878063,20,5
220.388888888889,153.444444444444,-6.46448249950853,19,5
219.797101449275,153.405797101449,-6.37090782785608,12,5
219.657534246575,153.308219178082,-8.55512440699076,18,5
218.986486486486,153.114864864865,-6.99181161408696,20,5
218.284722222222,152.916666666667,-7.08123403209053,16,5
217.290780141844,152.815602836879,-8.57742819780627,19,5
217.035714285714,152.721428571429,-7.01513032820987,13,5
216.304347826087,152.550724637681,-6.81634794890451,18,5
216.013422818792,152.604026845638,-5.8033454723715,13,5
215.608391608392,152.461538461538,-5.33447977521601,12,5
214.725352112676,152.464788732394,-4.29788932276521,15,5
214.534246575342,152.376712328767,-5.31951108695706,12,5
214.101351351351,152.243243243243,-6.24236219981374,12,5
213.585034013605,152.197278911565,-5.03424800888403,21,5
213.193333333333,152.053333333333,-7.14017447828898,17,5
212.519480519481,151.974025974026,-7.32828341539655,12,5
211.986842105263,151.967105263158,-8.21729191727606,8,5
211.781456953642,151.834437086093,-8.27285546215001,13,5
210.86524822695,151.68085106383,-9.11276788109192,20,5
210.119718309859,151.485915492958,-8.54055201525548,15,5
209.028571428571,151.478571428571,-7.92693960312923,16,5
208.503546099291,151.340425531915,-7.03553996592083,13,5
208.027586206897,151.289655172414,-6.09516765398018,10,5
207.723404255319,151.219858156028,-5.24251584753852,16,5
207.208333333333,151.152777777778,-5.11421170630098,17,5
206.548611111111,150.972222222222,-5.83868441868408,18,5
206.363636363636,150.93006993007,-4.72475923700276,9,5
205.422818791946,150.825503355705,-6.58100729520792,26,5
205.157894736842,150.828947368421,-5.1917293398017,13,5
204.953947368421,150.743421052632,-6.03272042983792,12,5
204.370860927152,150.675496688742,-6.44197945529582,11,5
204.120805369128,150.610738255034,-5.76761351273312,12,5
203.707792207792,150.538961038961,-5.5345732625464,13,5
203.535483870968,150.574193548387,-6.01059166836668,11,5
203.166666666667,150.543209876543,-5.79446766645283,15,5
201.807692307692,150.282051282051,-6.42408505540511,26,5
201.75974025974,150.292207792208,-7.0066761831812,14,5
201.137254901961,150.294117647059,-6.07020086242566,15,5
200.61744966443,150.020134228188,-5.52636058409174,16,5
200.083870967742,149.993548387097,-6.67534122290662,14,5
199.42,149.853333333333,-6.11611972218065,15,5
199.276315789474,149.888157894737,-6.27314689769405,12,5
198.807947019868,149.728476821192,-6.16935040195058,13,5
198.48,149.706666666667,-5.74707864144389,11,5
197.959183673469,149.571428571429,-6.46626723241639,13,5
197.673333333333,149.613333333333,-5.8922622936305,11,5
197.34,149.466666666667,-5.52440910777953,14,5
197.034965034965,149.342657342657,-5.56522095944041,9,5
196.993197278912,149.387755102041,-5.89549073745338,8,5
196.644736842105,149.401315789474,-4.22468609747077,15,5
196.124137931034,149.186206896552,-4.72031604772897,17,5
196.209459459459,149.25,-5.2692658498298,11,5
195.857142857143,149.115646258503,-5.64427422511381,11,5
195.63698630137,149.13698630137,-5.31873553379223,9,5
194.993150684931,148.986301369863,-5.25543780822199,18,5
195.152317880795,148.986754966887,-6.02758797355718,7,5
194.88,148.953333333333,-6.19521094911497,15,5
194.531468531469,148.867132867133,-4.89408037619842,11,5
194.4,148.853333333333,-5.34843848982013,15,5
193.921052631579,148.815789473684,-4.97095837825742,12,5
193.834437086093,148.708609271523,-5.67288814164752,11,5
193.144827586207,148.537931034483,-4.11747415014516,14,5
192.813793103448,148.489655172414,-4.16820047716967,10,5
192.268965517241,148.489655172414,-3.93908075155472,10,5
192.224489795918,148.442176870748,-5.03922064621834,10,5
191.879432624113,148.390070921986,-4.44352625080528,12,5
192.089655172414,148.324137931034,-5.51282544975243,12,5
191.712328767123,148.253424657534,-4.94392646571547,7,5
191.442857142857,148.135714285714,-4.80689678095706,8,5
191.351724137931,148.262068965517,-4.56890853316192,7,5
191.284722222222,148.194444444444,-5.06355815998963,7,5
191.089655172414,148.172413793103,-4.81769267984925,9,5
190.827586206897,148.075862068966,-4.28798156021161,8,5
191,148.013513513514,-5.12377752262984,11,5
190.712328767123,148.034246575342,-5.59775212790814,10,5
190.527027027027,148.114864864865,-4.61979880424502,6,5
190.533783783784,148.074324324324,-5.0531665815644,4,5
190.353333333333,148.126666666667,-5.01138785393427,8,5
190.079470198675,148.099337748344,-4.65507054033061,9,5
189.972789115646,148.027210884354,-4.89766882784678,6,5
189.828767123288,148.041095890411,-5.00985632204495,7,5
189.520833333333,148.006944444444,-5.50776635537354,6,5
189.323943661972,147.859154929577,-5.37633866765964,8,5
189,147.823943661972,-6.09116633737586,10,5
188.393103448276,147.91724137931,-3.40686412642153,23,5
188.307692307692,147.909090909091,-4.42806320165678,12,5
188.344827586207,147.744827586207,-5.76882872562236,10,5
187.822695035461,147.758865248227,-4.00354937262908,12,5
187.659420289855,147.572463768116,-3.73543618731331,9,5
187.683098591549,147.816901408451,-3.41505298588561,12,5
187.816901408451,147.732394366197,-4.47687343132918,12,5
187.25,147.585714285714,-3.89140809554281,12,5
187.035460992908,147.673758865248,-4.60791673788033,9,5
187.09219858156,147.602836879433,-4.6355093859283,4,5
186.89928057554,147.395683453237,-4.61110326873399,10,5
186.760273972603,147.465753424658,-4.32954821534003,9,5
186.370629370629,147.461538461538,-3.69561545858554,7,5
186.107142857143,147.378571428571,-3.89728588879247,5,5
186.12676056338,147.37323943662,-4.55218729219978,6,5
185.876811594203,147.275362318841,-3.70996001519742,6,5
185.985185185185,147.296296296296,-4.05402265027441,5,5
185.877697841727,147.31654676259,-3.8725071525587,4,5
185.788732394366,147.359154929577,-4.11039362116485,7,5
185.897260273973,147.321917808219,-4.660160070164,8,5
185.528169014085,147.197183098592,-4.07060943005929,8,5
185.48951048951,147.216783216783,-4.07707705665473,5,5
185.174825174825,147.258741258741,-3.30185933540375,8,5
185.028985507246,147.202898550725,-3.59501372055896,5,5
185.191489361702,147.241134751773,-3.17065109337562,3,5
185.09219858156,147.241134751773,-3.26529609529897,4,5
185.042253521127,147.169014084507,-3.38574603895531,5,5
185.083333333333,147.180555555556,-3.21426909691649,2,5
185.041379310345,147.172413793103,-3.61329091979781,5,5
185,147.205479452055,-3.46096769108863,5,5
184.958041958042,147.20979020979,-3.54017845284684,3,5
184.784722222222,147.048611111111,-3.40457461527518,9,5
184.939189189189,147.094594594595,-3.48387366943212,4,5
184.627586206897,147.075862068966,-3.67341670343651,5,5
184.391608391608,147.083916083916,-3.40973051197595,4,5
184.77027027027,147.074324324324,-3.00397903640032,9,5
184.462068965517,147,-3.20134607716083,5,5
184.41610738255,147.046979865772,-2.89796635399552,6,5
184.48322147651,147.026845637584,-3.24894152073931,6,5
