391.142857142857,252.007518796992,52.1054449734976,NaN,1
391.151515151515,252.022727272727,50.9419654071611,7,1
391.181818181818,251.984848484848,50.4265341918611,8,1
391.074626865672,252.044776119403,49.8818459495754,6,1
391.149253731343,252.074626865672,51.0835433366069,6,1
391.2,252.051851851852,52.0012552533003,7,1
391.160305343511,252.022900763359,52.2752476254562,8,1
391.142857142857,252.045112781955,52.1754762027772,2,1
391.100775193798,252.131782945736,51.0277876696193,6,1
391.112781954887,252.03007518797,50.6415840714006,6,1
391.007633587786,252.221374045802,50.3043374554322,8,1
391.12030075188,252.097744360902,50.106094388212,6,1
390.977272727273,252.19696969697,50.2433548183206,7,1
391.152671755725,252.213740458015,50.5572544182889,9,1
391.18045112782,252.142857142857,50.334492494531,2,1
391.14598540146,252.182481751825,51.7543186469791,4,1
391.083333333333,252.30303030303,49.8089306375066,7,1
391.060606060606,252.340909090909,50.2980728498953,8,1
390.916030534351,252.541984732824,50.1872969104815,5,1
390.939393939394,252.409090909091,50.0920280667099,3,1
391.061538461538,252.338461538462,49.6188104564117,4,1
391.113636363636,252.166666666667,49.5943456176781,6,1
391.282442748092,252.175572519084,50.8692663325555,7,1
391.876712328767,251.013698630137,59.4376762624363,43,1
391.960264900662,250.933774834437,69.5243158511933,39,1
391.159722222222,252.868055555556,89.0742607024088,67,1
390.591240875912,256.63503649635,79.8503766257435,69,1
390.037878787879,257.886363636364,62.4518875572298,43,1
388.370629370629,260.657342657343,54.2103594125198,83,1
387.453947368421,262.328947368421,61.5254102954353,51,1
384.006535947712,267.437908496732,67.4222753260611,123,1
380.493670886076,271.430379746835,39.7517073013223,111,1
377.53488372093,273.37984496124,25.1337644175337,75,1
373.319672131148,276.286885245902,39.9356387231175,111,1
370.787401574803,278.448818897638,63.1937925397469,67,1
367.179310344828,281.448275862069,42.7779989329856,102,1
363.376712328767,283.650684931507,24.4387982679173,93,1
360.267175572519,285.030534351145,26.3228259290924,65,1
355.56204379562,287.167883211679,32.8516037799097,100,1
353.241610738255,288.664429530201,41.5155851095874,66,1
348.596153846154,291.064102564103,24.1335560520923,107,1
343.405405405405,292.439189189189,6.16485592774313,114,1
341.054794520548,292.541095890411,8.10429470531671,54,1
336.32,293.586666666667,19.9946615378241,100,1
334.006493506493,294.376623376623,31.0376709413846,56,1
329.613793103448,296.068965517241,17.8875770111081,97,1
325.312056737589,297.326241134752,-0.795929379576715,90,1
323.36231884058,297.384057971014,0.351574975140453,43,1
319.397260273973,298.445205479452,6.72700176887501,82,1
317.149659863946,298.69387755102,16.3676635722722,47,1
313.324324324324,300.047297297297,26.2307438037707,83,1
309.388888888889,301.125,10.3681249583909,84,1
307.591549295775,301.739436619718,4.20005272094619,40,1
303.503597122302,302.230215827338,-5.33496355582107,79,1
301.661971830986,302.330985915493,-6.1780574936882,41,1
297.56338028169,302.640845070423,9.68515204160122,78,1
294.337748344371,302.986754966887,17.4857472425254,69,1
291.941605839416,303.773722627737,8.76360047398265,50,1
288.834586466165,304.218045112782,-2.87316515137154,68,1
287.214285714286,304.15,-11.3166318672373,33,1
283.384615384615,304.006993006993,-11.3256224924725,75,1
279.986111111111,303.5625,4.57675147160462,65,1
278.5,303.8125,9.57912556525762,40,1
274.557823129252,304,10.6427775878808,77,1
272.863309352518,304.402877697842,5.77899652415965,38,1
269.86,304.56,-8.0641480953671,67,1
265.601398601399,304.13986013986,-12.5908116335958,85,1
263.951724137931,303.896551724138,-7.13830382189055,36,1
260.241379310345,303.579310344828,14.2236136500715,74,1
259.04,303.586666666667,18.1428057891413,29,1
255.736842105263,303.921052631579,16.0426839788395,66,1
251.95652173913,304.586956521739,-6.54187035975171,78,1
249.744525547445,304.350364963504,-9.87522530675926,45,1
246.727891156463,304.08843537415,-13.422635076226,60,1
244.779411764706,303.860294117647,-5.69111948750577,45,1
242.15923566879,303.713375796178,10.5117406093007,61,1
238.656441717791,303.60736196319,18.0061379831383,76,1
236.769230769231,304.141025641026,7.18684899173334,45,1
233.357142857143,304.175324675325,-7.50204290826097,76,1
231.668831168831,304.519480519481,-14.4198398107208,46,1
228.174496644295,304,-14.0925054116181,69,1
225.161290322581,303.593548387097,-3.23623778453909,60,1
223.463414634146,303.560975609756,3.93210387443585,41,1
219.91975308642,303.358024691358,9.31833748186433,84,1
218.240506329114,303.556962025316,7.39597614779281,42,1
214.809210526316,303.828947368421,-8.33846719515954,76,1
211.434482758621,303.531034482759,-17.6349643560809,75,1
209.855263157895,303.414473684211,-14.9786228399601,35,1
206.372413793103,302.751724137931,-4.32716145235218,73,1
205,302.604026845638,-1.51695470270487,30,1
201.941176470588,302.222222222222,4.54191199115268,62,1
198.206666666667,302.133333333333,-6.97222919491638,79,1
196.520833333333,302.222222222222,-14.0744114618279,42,1
193.496503496503,301.874125874126,-19.1349326289528,59,1
192.020134228188,301.442953020134,-27.4281679222939,42,1
188.758169934641,300.444444444444,-21.8467984982544,78,1
186,300.095541401274,-9.34881483477716,62,1
184.309210526316,299.881578947368,-5.07761771021314,43,1
181.299319727891,299.47619047619,-6.4672730221268,65,1
179.851612903226,299.387096774194,-5.25640779290284,38,1
176.655405405405,298.993243243243,-24.5415640466036,75,1
173.772727272727,298.642857142857,-27.3592052950161,70,1
172.645161290323,298.458064516129,-22.6728131910353,39,1
170.082278481013,297.886075949367,-17.732024606775,65,1
168.808641975309,297.703703703704,-17.0881563346409,34,1
166.429447852761,297.527607361963,-7.20317957055725,67,1
164.056962025316,297.139240506329,-1.25525004135157,57,1
162.675324675325,297.097402597403,-3.46749992847239,38,1
159.695035460993,296.985815602837,-11.8103175609687,73,1
158.42962962963,297.007407407407,-14.9146824777954,34,1
156.75,296.666666666667,-16.3991452002668,63,1
154.248120300752,296.496240601504,-17.9668786739298,57,1
153.328125,296.3828125,-14.9413732928815,27,1
150.790322580645,295.975806451613,-10.6755993918232,42,1
149.45,295.858333333333,-9.65574936882666,28,1
146.142857142857,295.295238095238,-8.80280084277636,51,1
142.663043478261,295.021739130435,-16.0593965307663,51,1
141.79347826087,294.891304347826,-16.5171777556109,16,1
140.699029126214,294.572815533981,-28.0982781671044,37,1
140.643564356436,294.465346534653,-29.0404880017342,4,1
139.960784313725,293.71568627451,-32.0526726469279,21,1
139.77,293.2,-34.7383620232004,18,1
139.29702970297,292.792079207921,-36.8086352578889,13,1
138.826530612245,292.326530612245,-37.3801023732319,11,1
138.414893617021,292.031914893617,-36.1851835705842,8,1
137.945054945055,291.549450549451,-40.109722120298,17,1
136.857142857143,290.52380952381,-44.966569119402,21,1
136.574712643678,290.287356321839,-46.0487128278922,9,1
136.833333333333,290.211111111111,-46.8552949622495,17,1
136.566666666667,289.611111111111,-46.6125089201806,14,1
136.739130434783,289,-43.9452104286171,20,1
136.56043956044,288.252747252747,-39.9758861272415,17,1
136.477777777778,287.888888888889,-41.3313666657476,9,1
136.616279069767,287.53488372093,-38.6266614813865,16,1
136.47191011236,287.089887640449,-42.210080994963,11,1
136.314606741573,286.325842696629,-45.3377957770224,18,1
NaN,NaN,NaN,89,1
399.641509433962,248.188679245283,-3.60814895652537,NaN,2
400.045454545455,248.318181818182,-3.42768841208345,19,2
401.304635761589,248.251655629139,-5.42058545047236,35,2
405.022388059701,248.992537313433,-15.284908475073,81,2
406.652482269504,249.397163120567,-14.3688761755592,45,2
410.489932885906,251.604026845638,-72.8592305827661,132,2
412.350785340314,255.895287958115,-10.7486608615116,162,2
413.97191011236,256.606741573034,4.92224303962374,79,2
416.083333333333,258.294117647059,15.8713087433175,138,2
410.145454545455,264.472727272727,-24.3872784096191,85,2
412.243243243243,265.972972972973,-25.4916829673001,140,2
430.206896551724,258.703448275862,-27.2313060948854,140,2
432.78231292517,259.442176870748,-24.0485517771715,50,2
439.330935251799,262.223021582734,-15.9067225735884,138,2
441.8,262.706666666667,-13.7314500936255,65,2
447.8671875,264.34375,-38.22025143917,132,2
451.903225806452,267.306451612903,-68.1985278726839,108,2
453.35,268.275,-61.6055348393584,40,2
456.75,272.733333333333,-52.5840775011941,104,2
458.352517985611,274.525179856115,-53.6269891221794,51,2
461.1953125,278.8828125,-72.8543235095424,101,2
462.333333333333,283.753968253968,-82.6431385637014,96,2
462.950819672131,285.786885245902,-72.2485873645385,40,2
464.503875968992,289.736434108527,-54.8897214892101,79,2
465.651612903226,291.967741935484,-54.142461308139,54,2
468.037313432836,297.328358208955,-72.9359925426505,111,2
469.076335877863,302.30534351145,-74.5695224152357,97,2
469.9375,305.196428571429,-55.3974895280841,51,2
471.5234375,308.5625,-49.0382146223257,80,2
472.931506849315,311.527397260274,-55.1546320756784,66,2
475.046875,317.515625,-77.0720533743361,120,2
476.679389312977,322.580152671756,-67.3678740670287,103,2
477.677419354839,324.629032258065,-52.6394426451237,45,2
480.299145299145,328.666666666667,-55.6806213304216,97,2
481.437037037037,331.533333333333,-69.9146486702073,64,2
483.116666666667,337.908333333333,-85.3416367395623,115,2
484.712121212121,342.606060606061,-64.7226817999892,94,2
485.681034482759,344.344827586207,-59.5953675482633,46,2
487.922330097087,349.058252427184,-65.6767843955121,97,2
488.727272727273,352.479338842975,-80.5183243437878,64,2
490.185483870968,357.395161290323,-75.3717293389839,95,2
492.477611940299,361.820895522388,-57.1123815964515,92,2
493.495495495496,363.162162162162,-51.9528459050664,33,2
495.540540540541,367.954954954955,-73.3054936037573,98,2
496.425,371.183333333333,-82.6051635661978,57,2
497.894308943089,375.512195121951,-70.6626515092069,83,2
500.336,379.976,-57.5571196354228,90,2
501.685714285714,382.361904761905,-63.4558967957791,48,2
503.210526315789,387.221052631579,-81.1812311628059,92,2
503.827272727273,389.827272727273,-79.787909734104,51,2
505.423728813559,394.025423728814,-59.6549200199837,82,2
507.18253968254,396.603174603175,-53.0065393341893,64,2
508.346153846154,396.638461538462,-51.7074030577914,38,2
510.206106870229,396.740458015267,-44.1763626541902,59,2
511.269230769231,397.007692307692,-39.2898422934309,31,2
513.951219512195,397.739837398374,-32.2378652876391,59,2
515.6796875,397.6640625,-43.6291647501127,53,2
516.295454545455,397.340909090909,-49.1165766810896,30,2
517.427480916031,396.977099236641,-36.3326016417631,71,2
518.439024390244,397.430894308943,-27.4523647015009,54,2
521.363636363636,398.314049586777,-14.5449163379564,64,2
524.009090909091,398.836363636364,-40.7307544979723,67,2
524.848739495798,398.033613445378,-37.4493382670064,43,2
526.512,397.848,-29.6406130792941,68,2
527.420634920635,397.968253968254,-20.1935185275529,45,2
530.921568627451,398.921568627451,-8.96199760642227,66,2
533.080357142857,398.776785714286,-36.8504284083056,70,2
533.655172413793,398.551724137931,-42.5022324439039,30,2
536.262626262626,400.151515151515,-31.7706836119208,63,2
537.275510204082,400.622448979592,-25.196665942536,27,2
540.392405063291,401.518987341772,-18.2420212138948,51,2
543.208333333333,400.5,-25.3647195964201,71,2
544.652631578947,400.505263157895,-27.2464483237487,31,2
547.405405405405,401.310810810811,-20.5087790116202,57,2
548.471428571429,401.314285714286,-21.2069538408338,16,2
551.044776119403,400.761194029851,-17.6755455164401,49,2
553.565789473684,400.263157894737,-20.3156659783631,47,2
554.792682926829,400.231707317073,-18.0775130377217,18,2
557.076086956522,400.20652173913,-19.3298475075291,46,2
558.336842105263,400.284210526316,-16.1375977519841,25,2
NaN,NaN,NaN,95,2
382.241379310345,237.855172413793,14.0934309787456,NaN,3
382.768707482993,237.707482993197,17.6783833992623,16,3
384.411347517731,237.581560283688,5.88899201131957,42,3
385.007407407407,238.133333333333,-1.14958667920304,32,3
387.824561403509,239.377192982456,-42.2530883750925,69,3
389.25,241.225806451613,-59.6078837338294,50,3
392.441176470588,244.301470588235,-68.0806070031328,100,3
396.240310077519,248.84496124031,-43.5485963198815,109,3
398.746268656716,250.298507462687,-23.0960467525478,53,3
402.953125,252.28125,-18.7521253271456,102,3
405.914285714286,253.671428571429,-33.8822074217878,68,3
410.598484848485,256.818181818182,-47.987199545036,108,3
414.923611111111,259.569444444444,-31.5946660274645,102,3
417.963768115942,260.45652173913,-12.7343075465425,66,3
423.044117647059,261.852941176471,-12.736518981238,110,3
425.871212121212,262.265151515152,-24.3769536203523,62,3
431.007751937984,264.705426356589,-40.7391798413947,107,3
435.741007194245,267.237410071942,-29.638759727089,100,3
438.478873239437,268.288732394366,-13.6378514331951,55,3
443.157894736842,269.203007518797,-9.27873994294469,99,3
446.427586206897,270.337931034483,-20.3501206205024,68,3
451.169117647059,272.5,-38.8360700801484,103,3
456.264285714286,275.364285714286,-27.6670596585116,110,3
459.125874125874,276.356643356643,-14.9159207331344,55,3
463.664233576642,278.029197080292,-15.1478536557481,106,3
465.929078014184,278.744680851064,-27.4351159404065,54,3
470.409090909091,281.439393939394,-43.366214820412,103,3
474.742647058824,284.463235294118,-31.6833066129869,100,3
477.418604651163,286.077519379845,-18.1566675100377,57,3
481.081481481481,287.474074074074,-19.9776513776539,76,3
483.104895104895,288.342657342657,-27.0813796776179,44,3
487.233082706767,290.887218045113,-44.2544304557298,92,3
491.165413533835,293.834586466165,-38.3913395674506,90,3
493.080291970803,295.087591240876,-29.2842320561775,46,3
496.558823529412,296.411764705882,-18.9003993625084,69,3
499.163120567376,297.836879432624,-27.0153892247814,61,3
502.359154929577,299.957746478873,-46.177192510454,79,3
506.407142857143,303.15,-45.8693097787705,94,3
508.263888888889,304.493055555556,-35.6668251027666,48,3
512.271317829457,306.410852713178,-20.5777073539623,81,3
514.185185185185,307.711111111111,-25.7596482219513,50,3
517.647482014389,309.68345323741,-44.3732695155387,76,3
521.107142857143,312.328571428571,-45.7788425526339,85,3
522.786764705882,313.426470588235,-36.3029123631448,38,3
526.260563380282,315.774647887324,-23.615280601553,84,3
527.14375,315.90625,-24.2951892929085,40,3
531.248226950355,317.957446808511,-28.2662272283368,85,3
534.446043165468,319.546762589928,-45.5065573885256,74,3
535.814814814815,320.555555555556,-42.9726581569696,36,3
539.258992805755,323.208633093525,-34.5630086365515,82,3
540.344594594595,323.918918918919,-30.8951090831038,31,3
543.68115942029,325.615942028986,-23.3888488485798,72,3
547.125925925926,327.496296296296,-35.9225733731867,75,3
548.218309859155,328.077464788732,-41.1182031301469,33,3
550.821428571429,330.021428571429,-44.4718000599103,66,3
552.462686567164,331.223880597015,-40.0833517619553,40,3
554.906474820144,332.863309352518,-25.3017865776473,55,3
558.367647058824,334.735294117647,-31.3979125208294,73,3
559.496062992126,335.299212598425,-33.76821119073,29,3
562.365671641791,337.798507462687,-48.1447382367845,75,3
563.824817518248,339.211678832117,-55.0528281824994,41,3
566.392857142857,341.514285714286,-41.6352235289559,67,3
568.891304347826,343.333333333333,-29.9813217737621,62,3
570.96062992126,344.787401574803,-28.4176498073413,43,3
574.362903225806,346.951612903226,-39.0198748566016,77,3
575.550724637681,347.811594202899,-47.4984383047518,34,3
578.022727272727,350,-43.0714695757482,66,3
580.537878787879,351.984848484848,-28.1041609294401,62,3
581.734375,352.53125,-20.6040211160105,26,3
584.645669291339,354,-22.167494668976,67,3
586.413533834586,355.052631578947,-36.5758757440742,44,3
589.080291970803,356.525547445255,-51.2031570172932,64,3
591.517985611511,358.820143884892,-43.2270149783233,64,3
592.928571428571,359.8,-34.2087162753079,33,3
596.5390625,362.0625,-20.4449425206886,80,3
597.477941176471,362.544117647059,-20.0587977124558,30,3
600.475177304965,363.943262411348,-33.4271025983898,65,3
602.816326530612,365.21768707483,-52.032889052581,64,3
604.022388059701,366.529850746269,-46.3251642032056,39,3
607.09375,369.296875,-40.0988221264485,80,3
608.398550724638,370.630434782609,-35.1441284934683,44,3
610.896296296296,372.362962962963,-26.9426198969191,65,3
613.482269503546,374.141843971631,-35.4144265566488,62,3
614.425373134328,374.567164179104,-40.979854562374,31,3
616.642857142857,376.81746031746,-52.338664050227,66,3
618.184615384615,378.738461538462,-57.0391254347894,48,3
620.3125,380.9296875,-44.420636732393,62,3
622.679389312977,383.091603053435,-28.7685193393566,59,3
624.316239316239,384.068376068376,-25.7204695772732,36,3
626.452173913043,385.504347826087,-35.65778181831,52,3
627.715447154472,386.585365853659,-44.981628711156,40,3
629.609756097561,388.79674796748,-48.6583590482181,56,3
631.972727272727,391.181818181818,-47.2549140114767,59,3
633.156862745098,392.245098039216,-36.0537698715588,28,3
635.958762886598,394.319587628866,-31.8910374227103,59,3
636.971428571429,395.161904761905,-33.5237623774442,32,3
638.699029126214,395.601941747573,-32.7466948433959,34,3
639.823529411765,395.529411764706,-27.4311864202533,37,3
640.3,395.490909090909,-22.5316250248179,16,3
642.224299065421,395.785046728972,-14.0936395988158,45,3
643.107843137255,395.774509803922,-9.69182730948418,21,3
644.27619047619,395.514285714286,-4.61352198676416,39,3
646.647058823529,394.803921568627,-8.24105026431411,53,3
647.317307692308,394.528846153846,-14.6041751554994,24,3
647.926605504587,394.366972477064,-15.9596358398605,25,3
648.710280373832,394.448598130841,-18.9332251174749,16,3
650.684684684685,394.486486486487,-16.1034024252972,32,3
652.281553398058,394.058252427184,-6.44220028309768,42,3
652.650943396226,393.745283018868,-4.75554158522043,21,3
654.115384615385,392.432692307692,-0.0270140157082203,58,3
654.666666666667,391.866666666667,-3.94723093246708,27,3
655.854368932039,390.815533980583,-12.4059479792575,44,3
656.292929292929,390.040404040404,-16.4264821549673,30,3
655.761904761905,389.714285714286,-13.3559194346546,14,3
655.361111111111,389.537037037037,-6.65332989273277,21,3
654.672413793103,389.25,-1.13630252862602,18,3
654.974789915966,388.705882352941,4.90011617003878,29,3
