366.677419354839,233.784946236559,83.9697059070074,NaN,1
366.659340659341,233.626373626374,84.1245584261833,4,1
366.666666666667,233.645161290323,84.0789889122902,2,1
366.725274725275,233.527472527473,84.9030196324304,4,1
366.739130434783,233.445652173913,84.7401766189537,1,1
366.684782608696,233.369565217391,85.1131153801661,4,1
366.563829787234,233.553191489362,85.6585731587372,6,1
366.494736842105,233.684210526316,85.8467183811803,5,1
366.586956521739,233.608695652174,86.1787670126578,3,1
366.615384615385,233.692307692308,85.3463526254334,3,1
366.695652173913,233.641304347826,84.2468256265071,5,1
366.591397849462,233.387096774194,87.1521096509778,7,1
366.576086956522,233.815217391304,84.2142191976333,11,1
366.634408602151,233.838709677419,84.0234795193276,3,1
366.574468085106,233.606382978723,84.3965305645462,5,1
366.553191489362,233.63829787234,84.3800142317581,4,1
366.510416666667,233.572916666667,85.3336595914148,4,1
366.641304347826,233.739130434783,83.9261768078694,4,1
366.615384615385,233.813186813187,84.308739062281,1,1
366.606382978723,233.606382978723,83.6681185417994,5,1
366.554347826087,233.630434782609,85.31269371986,6,1
366.489361702128,233.265957446808,86.4627692264868,6,1
366.548387096774,233.41935483871,83.5395552848823,9,1
366.532608695652,233.684782608696,83.9940595829365,5,1
366.574468085106,233.659574468085,84.1447424813849,4,1
366.589473684211,233.505263157895,84.4870586911078,5,1
366.655913978495,233.655913978495,83.7965743350866,4,1
366.666666666667,233.645161290323,84.0789889122902,2,1
366.666666666667,233.838709677419,84.8806637998159,4,1
366.742574257426,233.683168316832,-87.426101076973,18,1
366.990990990991,234.135135135135,-83.0790330609146,24,1
367.354838709677,235.129032258065,-56.3152442784848,47,1
365.76,235.6,10.2914944591427,65,1
365.960317460317,235.904761904762,-8.09663262002723,19,1
366.127272727273,236.145454545455,-3.65318167031406,36,1
366.52,236.47,-2.13231295976161,30,1
369.460784313725,236.5,3.4156857700804,50,1
372.538461538462,236.288461538462,29.2813750368701,60,1
374.075471698113,236.122641509434,25.3709431799639,30,1
377.443396226415,235.132075471698,10.9904969515752,64,1
378.75,235.071428571429,11.7349850851706,30,1
381.353982300885,234.628318584071,31.9678190879435,57,1
383.833333333333,232.916666666667,66.3514663718504,63,1
384.40404040404,232.50505050505,62.0917949166082,23,1
386.142857142857,229.466666666667,58.6776192027858,68,1
386.990909090909,228.036363636364,55.3443182922788,39,1
388.75,225.196428571429,63.1744785081719,60,1
389.846153846154,222.153846153846,84.641279394018,68,1
390.102040816327,220.224489795918,86.0017834247618,36,1
390.44578313253,216.421686746988,73.3052899166136,61,1
390.818181818182,214.383838383838,73.1189873944306,36,1
391.19387755102,211.071428571429,78.9894674392105,55,1
391.425531914894,207.18085106383,-84.9127076480733,62,1
391.06976744186,205.488372093023,-82.4328375127828,32,1
390.95,202.2875,79.4782393656039,54,1
391.135416666667,199.947916666667,75.0665020739695,36,1
391.74,196.88,73.5914360086798,54,1
392.135416666667,193.40625,88.6160249426877,58,1
391.988764044944,192.595505617978,-85.6511469811611,21,1
391.908045977012,188.942528735632,-86.9517230525409,60,1
392.031914893617,186.946808510638,86.5259268221148,33,1
392.114583333333,183.9375,81.6042920743591,54,1
391.958333333333,181.270833333333,-89.5905763271988,44,1
391.81914893617,179.521276595745,-80.196012823725,30,1
391.230769230769,176.967032967033,-73.7762045113269,49,1
390.969387755102,175.30612244898,-78.3650805287221,29,1
390.540816326531,172.071428571429,86.5519565096053,50,1
390.545454545455,169.151515151515,85.8503227909715,49,1
390.350515463918,167.773195876289,-86.2253295840575,22,1
389.827956989247,164.752688172043,-73.9404728215372,54,1
389.520833333333,163.572916666667,-72.2129708355876,23,1
388.788888888889,160.4,-85.4829763540972,54,1
388.763440860215,157.967741935484,78.8805169208038,41,1
388.795454545455,156.761363636364,78.4968601920238,21,1
388.727272727273,154.329545454545,83.9798916237374,44,1
388.739130434783,152.336956521739,-84.9249067567735,34,1
388.604395604396,149.263736263736,-82.1142901349282,49,1
388.43956043956,146.527472527473,89.7646049390879,48,1
388.54347826087,145.586956521739,83.6579181474762,21,1
388.880952380952,142.5,78.7348905837513,56,1
389.105882352941,141.2,84.095657498858,27,1
389.352941176471,139.070588235294,-84.0611401122422,36,1
389.220930232558,136.162790697674,-78.8344979925687,51,1
389.213483146067,135.134831460674,-81.1603302780001,23,1
389.64367816092,132.793103448276,87.3544475382807,46,1
389.969696969697,131.353535353535,84.4411232222059,30,1
390.308510638298,128.382978723404,75.9392579678968,55,1
390.931818181818,125.306818181818,82.1470963200528,50,1
391.012195121951,124.658536585366,88.0241807381442,22,1
391.418604651163,121.337209302326,89.0214198541051,58,1
391.631578947368,120.4,88.5095176392964,29,1
392.311827956989,117.505376344086,73.9269072710901,56,1
392.739583333333,114.989583333333,70.8421188077749,45,1
392.947368421053,114.042105263158,74.583161941655,25,1
393.506024096386,110.686746987952,85.8157008394108,56,1
393.6625,107.8375,88.3219380709274,37,1
394.285714285714,106.406593406593,83.3309849951278,43,1
395.129032258065,103.516129032258,71.752924739449,54,1
395.654320987654,101.975308641975,66.5106877487701,24,1
396.076923076923,99.0989010989011,78.7984948867482,54,1
396.2,97.6947368421053,82.5675722107514,26,1
397,94.0947368421053,83.9767675196616,58,1
397.626168224299,91.7289719626168,73.6395857272292,48,1
398.204081632653,89.8775510204082,53.5224834634791,35,1
398.980582524272,88.2330097087379,58.3439320869038,43,1
398.982456140351,87.0964912280702,61.4761351766768,31,1
399.467213114754,86.5819672131148,73.1269336151315,40,1
399.967479674797,86.2113821138211,64.5129111482714,33,1
400.403225806452,86.4354838709677,61.5488427735896,25,1
401.381355932203,86.1440677966102,51.560895121472,32,1
401.808333333333,86.1,49.7307042779912,22,1
403.290598290598,85.2136752136752,49.327832664734,39,1
403.739837398374,84.9430894308943,40.321158046135,32,1
404.603305785124,84.8925619834711,39.9337839884978,22,1
405.93893129771,84.7328244274809,30.5944389824981,40,1
406.270072992701,84.6423357664234,27.1860341029536,18,1
407.272727272727,84.4615384615385,24.2319981607206,42,1
409.297101449275,84.0434782608696,21.2923368192897,59,1
410.684615384615,83.7230769230769,18.256107345771,36,1
412.309352517986,83.6618705035971,20.7512408196089,49,1
413.703703703704,83.2814814814815,13.9169685240693,38,1
414.48905109489,83.1094890510949,9.7623260873518,42,1
NaN,NaN,NaN,137,1
402.731182795699,251.311827956989,-65.8207921183789,NaN,2
402.731182795699,251.311827956989,-65.8207921183789,0,2
402.698924731183,251.118279569892,-65.7205484151038,4,2
402.539325842697,250.741573033708,-65.2931870318527,4,2
402.6,251,-65.4064477269444,3,2
402.741935483871,251.247311827957,-64.5764381730787,3,2
402.695652173913,251.184782608696,-65.0208461075785,1,2
402.662921348315,250.943820224719,-65.2237971330991,5,2
402.574712643678,250.873563218391,-64.7047222069123,4,2
402.714285714286,251.120879120879,-63.8200288409805,6,2
403.351351351351,252.900900900901,-68.9563119594865,24,2
403.194690265487,252.46017699115,-70.8597854416821,34,2
403,252.2,85.6340043765766,63,2
403.144,252.04,65.1145863310713,23,2
403.992537313433,250.835820895522,57.172414324506,57,2
405.583333333333,247.611111111111,67.5766642026055,68,2
406.565217391304,246.539130434783,65.7087396932561,35,2
407.99173553719,244.504132231405,59.5129900325328,52,2
408.959349593496,243.569105691057,54.5086061639382,30,2
411.899082568807,240.467889908257,66.2864421664509,80,2
413.480769230769,237.682692307692,77.8103110139901,59,2
414.329787234043,235.914893617021,80.4365249842243,34,2
415.544444444444,231.411111111111,71.4550302532234,72,2
416.353535353535,229.444444444444,69.4887257597338,39,2
417.634408602151,224.752688172043,89.7099145601604,74,2
418.20652173913,220.304347826087,86.9314733225594,69,2
418.56043956044,219.340659340659,79.1564664472777,23,2
420.125,214.6375,56.2660541591925,73,2
421.043956043956,212.945054945055,58.8185424670282,35,2
422.58064516129,209.913978494624,65.5866325757291,58,2
424.67032967033,207.197802197802,50.7945478975293,52,2
426.044444444444,205.833333333333,38.1257750398492,33,2
427.755319148936,204.117021276596,36.7676619330009,52,2
428.869158878505,203.065420560748,44.8699700880603,33,2
431.625,200.557692307692,57.0612593277214,63,2
433.5,198.235294117647,50.25102508633,52,2
434.86,197,45.651113096822,32,2
436.504587155963,195.54128440367,46.6089397504283,47,2
437.410256410256,194.837606837607,52.3107964256223,26,2
439.509803921569,192.362745098039,56.4224238616807,55,2
441.529411764706,190.009803921569,42.1100487550822,54,2
442.381443298969,189.350515463918,33.273625405323,21,2
444.422680412371,187.845360824742,33.7967193818139,50,2
445.43119266055,186.394495412844,42.7445596217085,38,2
447.711340206186,184.40206185567,50.5032122442864,54,2
449.97,182.09,41.3271176374848,55,2
451.021505376344,181.086021505376,28.282946033813,26,2
452.970873786408,179.854368932039,28.7396024451162,45,2
453.971153846154,179.057692307692,30.1117727622469,27,2
456.38,177.33,40.5268648108687,58,2
459.138613861386,175.059405940594,32.7320256089829,65,2
460.650943396226,174.179245283019,27.938268721735,29,2
463.367346938775,172.877551020408,16.0115319971356,60,2
464.27358490566,172.415094339623,18.0784058701684,24,2
467.317307692308,171.038461538462,26.4615724985604,62,2
470.261682242991,169.271028037383,31.5629850539149,57,2
471.7,168.718181818182,27.8164515118031,35,2
474.836363636364,167.081818181818,17.4927513503523,64,2
476.490740740741,166.62037037037,14.3147885997458,36,2
479.51,165.4,21.5961727929138,58,2
482.349056603774,164.122641509434,33.5300721567355,54,2
483.940594059406,163.287128712871,28.6292946204049,29,2
486.990566037736,161.320754716981,22.2793639188095,65,2
488.266055045872,160.917431192661,21.0586250825449,33,2
491.223300970874,159.543689320388,21.3336630214853,58,2
494.236363636364,157.990909090909,39.9568161217337,55,2
495.780952380952,156.742857142857,39.3670790502547,35,2
498.792079207921,154.257425742574,37.4101100738486,68,2
499.833333333333,153.686274509804,34.0850207249722,25,2
502.594339622641,151.962264150943,27.9753363684911,56,2
504.628318584071,150.238938053097,37.6664118313237,47,2
506.019047619048,148.904761904762,42.1054231814234,32,2
508.11214953271,146.869158878505,48.40158249172,54,2
509.264705882353,145.56862745098,46.8144937477347,29,2
511.777777777778,143.434343434343,28.8167002047334,55,2
513.889908256881,141.743119266055,32.9334178502865,52,2
514.990909090909,140.818181818182,38.3568732265576,27,2
517.656862745098,138.323529411765,44.8323752498181,64,2
518.882352941176,136.882352941176,49.5171730487895,32,2
521.058252427184,135.04854368932,38.2773692074093,55,2
523.532110091743,133.403669724771,30.6225589023197,58,2
525.22,131.94,30.5142340424953,37,2
527.171428571429,130.590476190476,39.5856251040131,47,2
528.598039215686,129.303921568627,45.3751824696599,37,2
530.657142857143,127.419047619048,36.3917894243965,51,2
533.537735849057,125.764150943396,27.680124705392,57,2
534.84693877551,125.244897959184,26.1592390835898,22,2
536.676470588235,123.78431372549,31.5280048721772,46,2
538.125,122.410714285714,45.1658944857003,36,2
540.68932038835,120.165048543689,45.7064774244584,57,2
542.990099009901,118.237623762376,36.4011187929371,58,2
544.134020618557,117.546391752577,30.8589760989029,22,2
546.443298969072,115.835051546392,32.0876453163581,50,2
547.409090909091,115.136363636364,38.5990524823069,29,2
549.71,112.8,50.924409523589,56,2
551.96,110.48,41.5721992333367,54,2
552.854368932039,109.78640776699,34.9114960072873,21,2
555.226804123711,107.907216494845,31.1549917468939,54,2
556.224489795918,107,33.7344084094189,25,2
558.330188679245,105.122641509434,46.1034506998885,52,2
560.572815533981,102.601941747573,50.2703573721069,59,2
561.585858585859,101.69696969697,38.9976210049683,26,2
563.578431372549,99.8235294117647,33.9607572274552,49,2
564.881188118812,98.8217821782178,30.1042438795067,33,2
567.29,97.32,35.8664233887804,51,2
569.161904761905,95.6761904761905,45.0594833630827,49,2
570.640776699029,94.3398058252427,43.3581784732102,34,2
572.979381443299,92.6288659793814,33.3017628718135,52,2
574.20202020202,91.8080808080808,28.308367125635,26,2
576.610526315789,90.1578947368421,29.2979649988016,48,2
578.806818181818,88.5113636363636,40.0960651848963,53,2
580.056179775281,87.7640449438202,38.4681225293835,25,2
583.083333333333,85.2738095238095,31.63841114663,61,2
584.105882352941,84.8,26.4419939882521,19,2
586.987179487179,83.6538461538462,21.9551554202624,47,2
589.075,83.475,21.4546214532864,34,2
590.0125,83.4375,17.0473946444698,24,2
592.753086419753,82.9135802469136,11.1282426801548,43,2
594.256097560976,82.7317073170732,3.31615857671227,29,2
597.246753246753,82.6233766233766,5.01716433263088,43,2
599.375,82.625,16.0473765944408,35,2
600.631578947368,82.5789473684211,12.7452638999496,28,2
603.534246575342,82.2876712328767,2.71841212489633,41,2
604.986301369863,82.2876712328767,0.340018332721367,18,2
607.925373134328,82.4776119402985,-1.37674268500879,40,2
610.239436619718,82.6760563380282,12.77135094133,34,2
611.638888888889,82.5694444444444,16.3127895780574,21,2
613.4,82.44,13.6660974302385,33,2
614.632911392405,82.3164556962025,11.3663776963451,16,2
618.101449275362,82.1304347826087,1.67434507065218,46,2
620.457142857143,82.2285714285714,6.82285044952096,35,2
621.452054794521,82.2876712328767,8.42484306919911,21,2
624.19696969697,82.3030303030303,16.2328497749585,35,2
624.48,82.4666666666667,14.0876559483904,17,2
627.189189189189,82.3243243243243,4.85160413228383,39,2
630.253968253968,82.4920634920635,-6.60328226763787,39,2
631.932203389831,82.6271186440678,-3.49789694086168,20,2
634.261538461538,83.0923076923077,3.31088627663971,34,2
635.327868852459,83.3934426229508,4.77737218906344,18,2
637.625,83.5625,-0.384629663883398,31,2
640.254545454545,84.2363636363636,-10.3009662729927,37,2
641.433962264151,84.4339622641509,-15.565062061762,12,2
643.807692307692,86.1730769230769,-19.9706811893169,39,2
644.490566037736,86.4528301886792,-17.3355514650312,9,2
645.847457627119,87.8135593220339,-14.8951885089904,32,2
647.491525423729,88.7796610169491,-19.4066276076026,26,2
648.047619047619,89.3809523809524,-24.460699443839,16,2
650.2,91.2727272727273,-37.4188791499652,34,2
650.724137931035,92.0344827586207,-37.8237371951963,13,2
651.666666666667,93.9,-36.5777294283984,34,2
652.68253968254,95.3809523809524,-29.4674330409393,29,2
653.155172413793,95.8965517241379,-27.1037353379532,11,2
654.44262295082,97.4754098360656,-35.1912916485575,29,2
654.90625,98.484375,-45.4764916256082,19,2
655.873015873016,100.380952380952,-53.7722649224108,31,2
655.909090909091,102.212121212121,-52.4846069963405,35,2
656.225806451613,103.145161290323,-45.7197898642354,18,2
656.545454545455,104.818181818182,-43.0967277813923,30,2
656.608695652174,105.31884057971,-45.8749319093083,11,2
656.904109589041,107.027397260274,-60.8441344158085,30,2
656.957746478873,108.830985915493,-75.883700844104,30,2
NaN,NaN,NaN,71,2
377,227.712765957447,73.3385564883922,NaN,3
376.947916666667,227.927083333333,73.7646980925281,2,3
376.884210526316,227.821052631579,73.128326996218,3,3
376.884210526316,227.8,73.3541294096976,2,3
376.947916666667,227.927083333333,73.7646980925281,3,3
376.957894736842,227.852631578947,73.5448962737794,3,3
376.96875,228.0625,73.8392712731874,3,3
376.855670103093,228.010309278351,74.3599391742524,3,3
377.010309278351,227.876288659794,73.2206943742254,4,3
376.938144329897,228.020618556701,74.2275759560644,2,3
376.876288659794,228.175257731959,74.3299242016244,4,3
376.886597938144,228.123711340206,74.9065877221633,2,3
376.947916666667,227.927083333333,73.7646980925281,3,3
376.854166666667,227.791666666667,74.1229669245649,6,3
376.84693877551,227.938775510204,74.9107850644234,6,3
376.864583333333,227.916666666667,73.8785503226852,2,3
376.854166666667,227.96875,74.0140241384955,4,3
377.020833333333,227.78125,72.6722804056733,6,3
376.89898989899,227.787878787879,72.1242165885135,3,3
376.770833333333,227.65625,72.1258691407274,5,3
376.842105263158,227.747368421053,72.8779364029555,3,3
376.835051546392,227.79381443299,72.6124632692829,4,3
376.785714285714,227.785714285714,73.8214105477862,5,3
376.79381443299,227.690721649485,73.2182981845445,1,3
376.785714285714,227.816326530612,74.6292614351373,5,3
376.767676767677,227.727272727273,74.3923952741644,5,3
376.76,227.8,74.6290133230476,3,3
376.795918367347,227.744897959184,73.5264003314751,2,3
376.727272727273,227.848484848485,72.5511355700154,3,3
376.75,227.79,74.1682312515392,5,3
376.765306122449,227.795918367347,74.0560225313635,6,3
376.737373737374,227.89898989899,73.1257003939726,5,3
376.831578947368,227.789473684211,72.9329965054308,6,3
376.851063829787,227.670212765957,72.2616276080196,1,3
376.836734693878,227.673469387755,72.895650938196,4,3
376.865979381443,227.556701030928,73.2738306642128,3,3
376.831578947368,227.789473684211,72.9329965054308,6,3
376.744897959184,227.704081632653,73.4447355988925,3,3
376.875,227.760416666667,73.1486263343963,4,3
376.755102040816,228.040816326531,73.6872430252469,6,3
376.747474747475,227.909090909091,73.8618796591135,3,3
376.814432989691,227.639175257732,73.869905033616,4,3
376.84693877551,227.816326530612,72.7530770692882,5,3
376.757575757576,228.030303030303,73.5605345962512,3,3
376.835051546392,227.618556701031,72.555735139681,6,3
376.747368421053,227.673684210526,73.3125680442096,2,3
376.8125,227.71875,73.6295111339846,3,3
376.814432989691,227.639175257732,73.869905033616,5,3
376.865979381443,227.711340206186,73.1386781619975,2,3
376.89247311828,227.720430107527,72.153518470457,6,3
376.67,227.89,71.9084799747062,7,3
376.744897959184,227.857142857143,72.2288732708781,2,3
376.864583333333,227.8125,71.9803696007283,4,3
376.79381443299,227.855670103093,73.2277691059306,7,3
376.8125,227.729166666667,72.4024052895178,3,3
376.885416666667,227.59375,72.8799360728368,4,3
376.886597938144,227.783505154639,73.6014990641161,3,3
376.936170212766,227.659574468085,72.4305644783005,3,3
376.845360824742,227.762886597938,72.4410566308394,3,3
376.810526315789,227.673684210526,72.0588963444495,2,3
376.818181818182,227.919191919192,72.8613435133874,4,3
376.80612244898,227.836734693878,73.8465802126805,3,3
376.925531914894,227.808510638298,73.40358231748,4,3
376.916666666667,227.979166666667,73.5357505647061,4,3
376.854166666667,227.78125,74.2415111832646,6,3
376.968085106383,227.755319148936,72.9849802631537,4,3
376.89247311828,227.655913978495,72.5691709381739,3,3
376.904255319149,227.882978723404,73.78721153207,3,3
376.822916666667,227.875,73.3735561407612,4,3
376.935483870968,227.720430107527,72.9594300231087,5,3
376.936170212766,227.659574468085,72.4305644783005,3,3
376.845360824742,227.731958762887,72.8129171711587,3,3
376.957894736842,227.684210526316,73.6225442752632,4,3
376.947916666667,227.78125,74.1546868669671,1,3
376.831683168317,227.881188118812,75.205012255409,5,3
376.928571428571,228.122448979592,74.765258614766,5,3
376.919191919192,228.232323232323,75.3651365326003,1,3
376.805555555556,228.740740740741,77.119460588799,15,3
376.700854700855,229.025641025641,79.5289189625887,17,3
376.691056910569,229.455284552846,79.0449092001739,60,3
375.768595041322,230.297520661157,11.1056953199837,60,3
375.945454545455,230.290909090909,0.863390943000168,15,3
377.594059405941,230.257425742574,-0.721441724690012,43,3
379.568181818182,230.340909090909,-1.72832714502867,37,3
381.229166666667,230.510416666667,14.3771558374711,44,3
385.193181818182,229.306818181818,31.8594081223289,64,3
386.520833333333,228.916666666667,20.602370418973,24,3
389.177570093458,227.616822429907,18.3177858976174,55,3
390.697247706422,227.119266055046,16.9809985681796,28,3
393.407079646018,225.946902654867,32.618268808895,54,3
396.5,223.464285714286,40.8300903535714,73,3
398.042372881356,222.305084745763,31.7728577081075,40,3
401.566037735849,219.811320754717,21.4117697666941,82,3
403.155963302752,218.889908256881,20.9132383142536,37,3
406.938775510204,216.755102040816,45.3897655645531,75,3
409.742268041237,214.319587628866,44.4069060975778,65,3
411.5,213.244444444444,32.1443316662951,35,3
414.129032258065,211.516129032258,29.7441077484103,55,3
415.646464646465,210.444444444444,36.2980236349815,36,3
418.222222222222,208.787878787879,48.5001710132364,56,3
420.65306122449,206.836734693878,53.1267380830813,55,3
421.618556701031,206,43.841279746,25,3
423.90099009901,203.930693069307,36.6697209024814,54,3
425.009803921569,203.186274509804,35.0059087564032,27,3
427.351851851852,201.194444444444,39.2454305291862,52,3
429.701923076923,199.298076923077,52.020686506141,56,3
430.747368421053,198.189473684211,47.6865154696707,29,3
432.91,195.87,41.4619068746513,51,3
433.88785046729,194.990654205607,36.5864316953746,25,3
436.245283018868,193.490566037736,25.4779385104972,51,3
439.067307692308,192.009615384615,34.5665780776085,58,3
440.190476190476,191.2,37.5569047494678,29,3
442.788461538462,188.875,46.5816461302956,61,3
444.323529411765,187.794117647059,44.6452122239877,38,3
446.461538461538,186.211538461538,34.1884096208067,50,3
449.358490566038,184.688679245283,26.8945063513408,56,3
451.215053763441,183.612903225806,29.206874410028,39,3
453.612903225806,182.010752688172,34.0949339829531,56,3
454.959183673469,181.275510204082,45.9306218901075,25,3
457.536082474227,179.257731958763,44.8473574282994,57,3
460.17,177.69,29.1520341572026,55,3
462.043010752688,176.860215053763,20.5434678833027,35,3
464.673684210526,175.389473684211,25.4429310682697,56,3
466.113402061856,174.731958762887,36.0187891641227,32,3
468.619047619048,173.161904761905,46.0131865313916,58,3
471.637254901961,171.137254901961,35.7110357551228,63,3
473.372549019608,169.852941176471,23.0524232865409,42,3
475.697247706422,169.339449541284,16.8958322925734,51,3
477.339622641509,168.632075471698,22.0813655782881,41,3
480.176470588235,167.235294117647,35.2167913549467,60,3
483.07476635514,165.411214953271,42.1540661488045,61,3
484.245454545455,164.609090909091,35.8351068600367,31,3
487.234693877551,162.867346938776,15.9757775255475,62,3
488.284403669725,162.495412844037,17.4366937083771,23,3
490.885964912281,161.157894736842,21.6471438351838,53,3
493.97247706422,159.45871559633,35.824571036167,63,3
495.308411214953,158.588785046729,35.7372000858105,36,3
497.918367346939,157.061224489796,24.7324479070588,51,3
499.230769230769,156.423076923077,16.3247291222565,32,3
502.305555555556,155.231481481481,13.8423282340329,56,3
504.894230769231,154.278846153846,23.0224666882354,52,3
506.230088495575,153.513274336283,22.5406331687466,33,3
509.509615384615,152.086538461538,21.7263551734211,67,3
510.691588785047,151.841121495327,15.7384710374332,25,3
513.669724770642,150.816513761468,4.90687863238873,60,3
516.844036697248,149.844036697248,13.3724951114048,60,3
518.2,149.4,17.7333836049851,27,3
521.383177570093,147.869158878505,26.9860512046896,71,3
522.901960784314,147.196078431373,22.887457503432,31,3
525.767857142857,146.366071428571,13.886999165346,60,3
529.12962962963,145.444444444444,12.810085409764,62,3
530.546296296296,145.175925925926,14.42836876865,30,3
533.373831775701,143.85046728972,23.2866459958606,61,3
535.080808080808,143.161616161616,23.0485668270339,34,3
537.764705882353,142.078431372549,18.4548894822909,55,3
540.85046728972,141.140186915888,9.00053306637815,55,3
542.41,140.72,9.93395148821298,31,3
544.833333333333,139.75,17.0912342433889,48,3
546.27619047619,139.161904761905,18.7373803998966,31,3
549.773195876289,137.618556701031,20.9955286191129,60,3
552.418367346939,136.632653061224,7.99355020028448,51,3
554.02,136.36,4.73771619669938,28,3
556.897196261682,135.663551401869,5.75370469112752,59,3
558.018691588785,135.345794392523,7.29047002726631,30,3
560.75,134.366071428571,20.137369052792,53,3
564.21568627451,132.980392156863,21.5852558645412,64,3
565.74,132.46,11.3709521844538,30,3
568.776699029126,131.728155339806,6.71616542420115,55,3
570.56,131.4,6.81132504905001,35,3
573.252427184466,130.699029126214,14.2527881429588,51,3
576.53,129.66,22.9079928253967,57,3
578.072164948454,129,17.9483437076305,31,3
580.574257425743,128.306930693069,12.2681811456363,44,3
582.264705882353,127.892156862745,6.36150206948036,31,3
585.245098039216,127.313725490196,9.38542938898105,56,3
587.855769230769,126.634615384615,20.228664658217,50,3
589.142857142857,126.028571428571,22.0817001001507,29,3
592.458333333333,124.770833333333,16.3235042112026,61,3
593.643564356436,124.524752475248,18.4516916525403,23,3
596.63,123.93,5.59848646737962,59,3
599.79381443299,123.309278350515,6.40221528625127,55,3
601.282828282828,122.929292929293,11.1896340484912,30,3
604.24,121.98,18.7737532883848,55,3
605.881188118812,121.405940594059,22.9027926817185,33,3
608.747368421053,120.463157894737,7.75412596512083,54,3
611.038095238095,119.952380952381,6.22505302589881,52,3
612.903846153846,119.519230769231,2.38990641326321,35,3
615.159663865546,119.084033613445,5.98965019336215,49,3
616.716814159292,118.70796460177,10.8018271522128,34,3
620.018518518518,118.027777777778,18.0455482185267,65,3
622.938053097345,117.353982300885,4.79708085811498,63,3
624.327272727273,117.045454545455,3.3142023047187,37,3
627.533980582524,116.485436893204,-7.05916610765885,63,3
628.818181818182,116.381818181818,-3.96760689018908,29,3
630.90350877193,116.131578947368,3.5502276129536,50,3
634.238532110092,115.678899082569,16.6750817995655,65,3
635.927835051546,115.371134020619,10.90189644556,36,3
638.755555555556,115.277777777778,2.19723612050626,55,3
640.602272727273,115.102272727273,-5.23906840465311,30,3
644.2625,115.1,0.00813528253346635,54,3
646.936708860759,114.746835443038,11.3631131215929,45,3
648.609756097561,114.621951219512,16.6762381079516,23,3
650.283783783784,113.959459459459,14.137385030301,36,3
650.547619047619,113.809523809524,16.4363983648404,14,3
650.538461538462,113.269230769231,19.422095606424,24,3
651.539473684211,112.684210526316,29.3206483692716,22,3
652.358974358974,111.897435897436,45.3607018218073,18,3
652.986666666667,110.666666666667,45.0592227886349,29,3
653.569444444444,109.694444444444,47.3920388071867,17,3
653.757142857143,108.342857142857,46.1959659552487,24,3
653.661764705882,107.426470588235,45.0639549985532,24,3
653.753846153846,107.153846153846,44.5300571950389,9,3
654.405797101449,105.565217391304,49.0924763800468,26,3
654.953846153846,104.6,50.1835963123382,14,3
654.885245901639,103.573770491803,50.705077533159,20,3
654.770491803279,102.573770491803,41.2809180353681,24,3
