1,0
2,0
3,0
4,0
5,1
6,1
7,1
8,1
9,1
10,1
11,1
12,1
13,1
14,1
15,1
16,1
17,1
18,1
19,1
20,1
21,1
22,1
23,1
24,1
25,1
26,1
27,1
28,1
29,1
30,1
31,1
32,1
33,1
34,1
35,1
36,1
37,1
38,1
39,1
40,1
41,1
42,1
43,1
44,1
45,1
46,1
47,1
48,1
49,1
50,1
51,1
52,1
53,1
54,1
55,1
56,1
57,1
58,1
59,1
60,1
61,1
62,1
63,1
64,1
65,1
66,1
67,1
68,1
69,1
70,1
71,1
72,1
73,1
74,1
75,1
76,1
77,1
78,1
79,1
80,1
81,1
82,1
83,1
84,1
85,1
86,1
87,1
88,1
89,1
90,1
91,1
92,1
93,1
94,1
95,1
96,1
97,1
98,1
99,1
100,0
101,0
102,0
103,0
104,0
105,0
106,0
107,0
108,0
109,0
110,0
111,0
112,0
113,0
114,0
115,0
116,0
117,0
118,0
119,0
120,0
121,0
122,0
123,2
124,2
125,2
126,2
127,2
128,2
129,2
130,2
131,2
132,2
133,2
134,2
135,2
136,2
137,2
138,2
139,2
140,2
141,2
142,2
143,2
144,2
145,2
146,2
147,2
148,2
149,2
150,2
151,2
152,2
153,2
154,2
155,2
156,2
157,2
158,2
159,2
160,2
161,2
162,2
163,2
164,2
165,2
166,2
167,2
168,2
169,2
170,2
171,2
172,2
173,2
174,2
175,2
176,2
177,2
178,2
179,2
180,2
181,2
182,2
183,2
184,2
185,2
186,2
187,2
188,2
189,2
190,2
191,2
192,2
193,2
194,2
195,2
196,2
197,2
198,2
199,2
200,2
201,2
202,2
203,2
204,2
205,2
206,2
207,2
208,2
209,2
210,2
211,2
212,2
213,2
214,2
215,2
216,2
217,2
218,2
219,2
220,2
221,2
222,2
223,2
224,2
225,2
226,2
227,2
228,2
229,2
230,2
231,2
232,2
233,2
234,2
235,2
236,2
237,2
238,2
239,2
240,2
241,2
242,2
243,2
244,2
245,2
246,2
247,2
248,2
249,2
250,2
251,2
252,2
253,2
254,2
255,2
256,2
257,2
258,2
259,2
260,2
261,2
262,2
263,2
264,2
265,2
266,2
267,2
268,2
269,2
270,2
271,2
272,2
273,2
274,2
275,2
276,2
277,2
278,2
279,2
280,2
281,2
282,2
283,2
284,2
285,0
286,0
287,0
288,0
289,0
290,0
291,0
292,0
293,0
294,0
295,0
296,0
297,0
298,0
299,0
300,0
301,0
302,3
303,3
304,3
305,3
306,3
307,3
308,3
309,3
310,3
311,3
312,3
313,3
314,3
315,3
316,3
317,3
318,3
319,3
320,3
321,3
322,3
323,3
324,3
325,3
326,3
327,3
328,3
329,3
330,3
331,3
332,3
333,3
334,3
335,3
336,3
337,3
338,3
339,3
340,3
341,3
342,3
343,3
344,3
345,3
346,3
347,3
348,3
349,3
350,3
351,3
352,3
353,3
354,3
355,3
356,3
357,3
358,3
359,3
360,3
361,3
362,3
363,3
364,3
365,3
366,3
367,3
368,3
369,3
370,3
371,3
372,3
373,3
374,3
375,3
376,3
377,3
378,3
379,3
380,3
381,3
382,3
383,3
384,3
385,3
386,3
387,3
388,3
389,3
390,3
391,3
392,3
393,3
394,3
395,3
396,3
397,3
398,3
399,3
400,3
401,3
402,3
403,3
404,3
405,3
406,3
407,3
408,3
409,3
410,3
411,3
412,3
413,3
414,3
415,3
416,3
417,3
418,3
419,3
420,3
421,3
422,3
423,3
424,3
425,3
426,3
427,3
428,3
429,3
430,3
431,3
432,3
433,3
434,3
435,3
436,3
437,3
438,3
439,3
440,3
441,3
442,3
443,3
444,3
445,3
446,3
447,3
448,3
449,3
450,3
451,0
452,0
453,0
454,0
455,0
456,0
457,0
458,0
459,0
460,0
461,0
462,0
463,0
464,0
465,0
466,0
467,0
468,0
469,0
470,0
471,0
472,0
473,4
474,4
475,4
476,4
477,4
478,4
479,4
480,4
481,4
482,4
483,4
484,4
485,4
486,4
487,4
488,4
489,4
490,4
491,4
492,4
493,4
494,4
495,4
496,4
497,4
498,4
499,4
500,4
501,4
502,4
503,4
504,4
505,4
506,4
507,4
508,4
509,4
510,4
511,4
512,4
513,4
514,4
515,4
516,4
517,4
518,4
519,4
520,4
521,4
522,4
523,4
524,4
525,4
526,4
527,4
528,4
529,4
530,4
531,4
532,4
533,4
534,4
535,4
536,4
537,4
538,4
539,4
540,4
541,4
542,4
543,4
544,4
545,4
546,4
547,4
548,4
549,4
550,4
551,4
552,4
553,4
554,4
555,4
556,4
557,4
558,4
559,4
560,4
561,4
562,4
563,4
564,4
565,4
566,4
567,4
568,4
569,4
570,4
571,4
572,4
573,4
574,4
575,4
576,4
577,4
578,4
579,4
580,4
581,4
582,4
583,4
584,4
585,4
586,4
587,4
588,4
589,4
590,4
591,4
592,4
593,4
594,4
595,4
596,4
597,4
598,4
599,4
600,4
601,4
602,4
603,4
604,4
605,4
606,4
607,4
608,4
609,4
610,4
611,4
612,4
613,4
614,4
615,4
616,4
617,4
618,0
619,0
620,0
621,0
622,0
623,0
624,0
625,0
626,0
627,0
628,0
629,0
630,0
631,0
632,0
633,0
634,0
635,0
636,0
637,0
638,5
639,5
640,5
641,5
642,5
643,5
644,5
645,5
646,5
647,5
648,5
649,5
650,5
651,5
652,5
653,5
654,5
655,5
656,5
657,5
658,5
659,5
660,5
661,5
662,5
663,5
664,5
665,5
666,5
667,5
668,5
669,5
670,5
671,5
672,5
673,5
674,5
675,5
676,5
677,5
678,5
679,5
680,5
681,5
682,5
683,5
684,5
685,5
686,5
687,5
688,5
689,5
690,5
691,5
692,5
693,5
694,5
695,5
696,5
697,5
698,5
699,5
700,5
701,5
702,5
703,5
704,5
705,5
706,5
707,5
708,5
709,5
710,5
711,5
712,5
713,5
714,5
715,5
716,5
717,5
718,5
719,5
720,5
721,5
722,5
723,5
724,5
725,5
726,5
727,5
728,5
729,5
730,5
731,5
732,5
733,5
734,5
735,5
736,5
737,5
738,5
739,5
740,5
741,5
742,5
743,5
744,5
745,5
746,5
747,5
748,5
749,0
750,0
751,0
752,0
753,0
754,0
755,0
756,0
757,0
758,0
759,0
760,0
761,0
762,0
763,0
764,0
765,0
766,0
767,0
768,0
769,0
770,6
771,6
772,6
773,6
774,6
775,6
776,6
777,6
778,6
779,6
780,6
781,6
782,6
783,6
784,6
785,6
786,6
787,6
788,6
789,6
790,6
791,6
792,6
793,6
794,6
795,6
796,6
797,6
798,6
799,6
800,6
801,6
802,6
803,6
804,6
805,6
806,6
807,6
808,6
809,6
810,6
811,6
812,6
813,6
814,6
815,6
816,6
817,6
818,6
819,6
820,6
821,6
822,6
823,6
824,6
825,6
826,6
827,6
828,6
829,6
830,6
831,6
832,6
833,6
834,6
835,6
836,6
837,6
838,6
839,6
840,6
841,6
842,6
843,6
844,6
845,6
846,6
847,6
848,6
849,6
850,6
851,6
852,6
853,6
854,6
855,6
856,6
857,6
858,6
859,6
860,6
861,6
862,6
863,6
864,6
865,6
866,6
867,6
868,6
869,6
870,6
871,6
872,6
873,6
874,6
875,6
876,6
877,6
878,6
879,6
880,6
881,6
882,6
883,6
884,6
885,6
886,6
887,6
888,6
889,6
890,6
891,6
892,6
893,6
894,6
895,6
896,6
897,6
898,6
899,6
900,6
901,6
902,6
903,6
904,6
905,6
906,6
907,6
908,6
909,6
910,6
911,6
912,6
913,6
914,6
915,6
916,6
917,6
918,6
919,6
920,6
921,6
