1,1
2,1
3,1
4,1
5,1
6,1
7,1
8,1
9,1
10,1
11,1
12,1
13,1
14,1
15,1
16,1
17,1
18,1
19,1
20,1
21,1
22,1
23,1
24,1
25,1
26,1
27,1
28,1
29,1
30,1
31,1
32,1
33,1
34,1
35,1
36,1
37,1
38,1
39,1
40,1
41,1
42,1
43,1
44,1
45,1
46,1
47,1
48,1
49,1
50,1
51,1
52,1
53,1
54,1
55,1
56,1
57,1
58,1
59,1
60,1
61,1
62,1
63,1
64,1
65,1
66,1
67,1
68,1
69,1
70,1
71,1
72,1
73,1
74,1
75,1
76,1
77,1
78,1
79,1
80,1
81,1
82,1
83,1
84,1
85,1
86,1
87,1
88,1
89,1
90,1
91,1
92,1
93,1
94,1
95,1
96,1
97,1
98,1
99,1
100,1
101,1
102,1
103,1
104,1
105,1
106,1
107,1
108,1
109,1
110,1
111,1
112,1
113,1
114,1
115,1
116,1
117,1
118,1
119,1
120,1
121,1
122,1
123,1
124,1
125,1
126,1
127,1
128,1
129,1
130,1
131,1
132,1
133,1
134,1
135,1
136,1
137,1
138,1
139,1
140,1
141,1
142,1
143,1
144,1
145,1
146,1
147,1
148,1
149,1
150,1
151,1
152,1
153,1
154,1
155,1
156,1
157,1
158,1
159,1
160,1
161,1
162,1
163,1
164,1
165,1
166,1
167,1
168,1
169,1
170,1
171,1
172,1
173,1
174,1
175,1
176,1
177,1
178,1
179,1
180,1
181,1
182,1
183,1
184,1
185,1
186,1
187,1
188,1
189,1
190,1
191,1
192,1
193,1
194,1
195,1
196,0
197,0
198,0
199,0
200,0
201,0
202,0
203,0
204,0
205,0
206,0
207,0
208,0
209,0
210,0
211,0
212,0
213,0
214,0
215,0
216,0
217,0
218,0
219,0
220,0
221,0
222,0
223,0
224,0
225,0
226,0
227,0
228,0
229,0
230,0
231,0
232,0
233,0
234,0
235,0
236,0
237,0
238,0
239,0
240,0
241,0
242,0
243,0
244,0
245,0
246,0
247,0
248,0
249,0
250,2
251,2
252,2
253,2
254,2
255,2
256,2
257,2
258,2
259,2
260,2
261,2
262,2
263,2
264,2
265,2
266,2
267,2
268,2
269,2
270,2
271,2
272,2
273,2
274,2
275,2
276,2
277,2
278,2
279,2
280,2
281,2
282,2
283,2
284,2
285,2
286,2
287,2
288,2
289,2
290,2
291,2
292,2
293,2
294,2
295,2
296,2
297,2
298,2
299,2
300,2
301,2
302,2
303,2
304,2
305,2
306,2
307,2
308,2
309,2
310,2
311,2
312,2
313,2
314,2
315,2
316,2
317,2
318,2
319,2
320,2
321,2
322,2
323,2
324,2
325,2
326,2
327,2
328,2
329,2
330,2
331,2
332,2
333,2
334,2
335,2
336,2
337,2
338,2
339,2
340,2
341,2
342,2
343,2
344,2
345,2
346,2
347,2
348,2
349,2
350,2
351,2
352,2
353,2
354,2
355,2
356,2
357,2
358,2
359,2
360,2
361,2
362,2
363,2
364,2
365,2
366,2
367,2
368,2
369,2
370,2
371,2
372,2
373,2
374,2
375,2
376,2
377,2
378,2
379,2
380,2
381,2
382,2
383,2
384,2
385,2
386,2
387,2
388,2
389,2
390,2
391,2
392,2
393,2
394,2
395,2
396,2
397,2
398,2
399,2
400,2
401,2
402,2
403,2
404,2
405,2
406,2
407,2
408,2
409,2
410,2
411,2
412,2
413,2
414,2
415,2
416,2
417,2
418,2
419,2
420,2
421,2
422,2
423,2
424,2
425,2
426,2
427,2
428,2
429,2
430,2
431,2
432,2
433,2
434,2
435,2
436,0
437,0
438,0
439,0
440,0
441,0
442,0
443,0
444,0
445,0
446,0
447,0
448,0
449,0
450,0
451,0
452,0
453,0
454,0
455,0
456,0
457,0
458,0
459,0
460,0
461,0
462,0
463,0
464,0
465,0
466,0
467,0
468,0
469,0
470,0
471,0
472,0
473,0
474,0
475,0
476,0
477,0
478,0
479,0
480,0
481,0
482,0
483,0
484,0
485,0
486,0
487,0
488,0
489,0
490,0
491,3
492,3
493,3
494,3
495,3
496,3
497,3
498,3
499,3
500,3
501,3
502,3
503,3
504,3
505,3
506,3
507,3
508,3
509,3
510,3
511,3
512,3
513,3
514,3
515,3
516,3
517,3
518,3
519,3
520,3
521,3
522,3
523,3
524,3
525,3
526,3
527,3
528,3
529,3
530,3
531,3
532,3
533,3
534,3
535,3
536,3
537,3
538,3
539,3
540,3
541,3
542,3
543,3
544,3
545,3
546,3
547,3
548,3
549,3
550,3
551,3
552,3
553,3
554,3
555,3
556,3
557,3
558,3
559,3
560,3
561,3
562,3
563,3
564,3
565,3
566,3
567,3
568,3
569,3
570,3
571,3
572,3
573,3
574,3
575,3
576,3
577,3
578,3
579,3
580,3
581,3
582,3
583,3
584,3
585,3
586,3
587,3
588,3
589,3
590,3
591,3
592,3
593,3
594,3
595,3
596,3
597,3
598,3
599,3
600,3
601,3
602,3
603,3
604,3
605,3
606,3
607,3
608,3
609,3
610,3
611,3
612,3
613,3
614,3
615,3
616,3
617,3
618,3
619,3
620,3
621,3
622,3
623,3
624,3
625,3
626,3
627,3
628,3
629,3
630,3
631,3
632,3
633,3
634,3
635,3
636,3
637,3
638,3
639,3
640,3
641,3
642,3
643,3
644,3
645,3
646,3
647,3
648,3
649,3
650,3
651,3
652,3
653,3
654,3
655,3
656,3
657,3
658,3
659,3
660,3
661,3
662,3
663,3
664,3
665,3
666,3
667,3
668,3
669,3
670,3
671,3
672,3
673,3
674,3
675,3
676,3
677,3
678,3
679,3
680,3
681,3
682,3
683,3
684,0
685,0
686,0
687,0
688,0
689,0
690,0
691,0
692,0
693,0
694,0
695,0
696,0
697,0
698,0
699,0
700,0
701,0
702,0
703,0
704,0
705,0
706,0
707,0
708,0
709,0
710,0
711,0
712,0
713,0
714,0
715,0
716,0
717,0
718,0
719,0
720,0
721,0
722,0
723,0
724,0
725,0
726,0
727,0
728,0
729,0
730,0
731,0
732,0
733,0
734,0
735,0
736,0
737,0
738,0
739,4
740,4
741,4
742,4
743,4
744,4
745,4
746,4
747,4
748,4
749,4
750,4
751,4
752,4
753,4
754,4
755,4
756,4
757,4
758,4
759,4
760,4
761,4
762,4
763,4
764,4
765,4
766,4
767,4
768,4
769,4
770,4
771,4
772,4
773,4
774,4
775,4
776,4
777,4
778,4
779,4
780,4
781,4
782,4
783,4
784,4
785,4
786,4
787,4
788,4
789,4
790,4
791,4
792,4
793,4
794,4
795,4
796,4
797,4
798,4
799,4
800,4
801,4
802,4
803,4
804,4
805,4
806,4
807,4
808,4
809,4
810,4
811,4
812,4
813,4
814,4
815,4
816,4
817,4
818,4
819,4
820,4
821,4
822,4
823,4
824,4
825,4
826,4
827,4
828,4
829,4
830,4
831,4
832,4
833,4
834,4
835,4
836,4
837,4
838,4
839,4
840,4
841,4
842,4
843,4
844,4
845,4
846,4
847,4
848,4
849,4
850,4
851,4
852,4
853,4
854,4
855,4
856,4
857,4
858,4
859,4
860,4
861,4
862,4
863,4
864,4
865,4
866,4
867,4
868,4
869,4
870,4
871,4
872,4
873,4
874,4
875,4
876,4
877,4
878,4
879,4
880,4
881,4
882,4
883,4
884,4
885,4
886,4
887,4
888,4
889,4
890,4
891,4
892,4
893,4
894,4
895,4
896,4
897,4
898,4
899,4
900,4
901,4
902,4
903,4
904,4
905,4
906,4
907,4
908,4
909,4
910,4
911,4
912,4
913,4
914,4
915,4
916,4
917,4
918,4
919,4
920,0
921,0
922,0
923,0
924,0
925,0
926,0
927,0
928,0
929,0
930,0
931,0
932,0
933,0
934,0
935,0
936,0
937,0
938,0
939,0
940,0
941,0
942,0
943,0
944,0
945,0
946,0
947,0
948,0
949,0
950,0
951,0
952,0
953,0
954,0
955,0
956,0
957,0
958,0
959,0
960,0
961,0
962,0
963,0
964,0
965,0
966,0
967,0
968,0
969,0
970,0
971,0
972,0
973,0
974,0
975,0
976,0
977,0
978,0
979,0
980,0
981,0
982,0
983,0
984,0
985,0
986,5
987,5
988,5
989,5
990,5
991,5
992,5
993,5
994,5
995,5
996,5
997,5
998,5
999,5
1000,5
1001,5
1002,5
1003,5
1004,5
1005,5
1006,5
1007,5
1008,5
1009,5
1010,5
1011,5
1012,5
1013,5
1014,5
1015,5
1016,5
1017,5
1018,5
1019,5
1020,5
1021,5
1022,5
1023,5
1024,5
1025,5
1026,5
1027,5
1028,5
1029,5
1030,5
1031,5
1032,5
1033,5
1034,5
1035,5
1036,5
1037,5
1038,5
1039,5
1040,5
1041,5
1042,5
1043,5
1044,5
1045,5
1046,5
1047,5
1048,5
1049,5
1050,5
1051,5
1052,5
1053,5
1054,5
1055,5
1056,5
1057,5
1058,5
1059,5
1060,5
1061,5
1062,5
1063,5
1064,5
1065,5
1066,5
1067,5
1068,5
1069,5
1070,5
1071,5
1072,5
1073,5
1074,5
1075,5
1076,5
1077,5
1078,5
1079,5
1080,5
1081,5
1082,5
1083,5
1084,5
1085,5
1086,5
1087,5
1088,5
1089,5
1090,5
1091,5
1092,5
1093,5
1094,5
1095,5
1096,5
1097,5
1098,5
1099,5
1100,5
1101,5
1102,5
1103,5
1104,5
1105,5
1106,5
1107,5
1108,5
1109,5
1110,5
1111,5
1112,5
1113,5
1114,5
1115,5
1116,5
1117,5
1118,5
1119,5
1120,5
1121,5
1122,5
1123,5
1124,5
1125,5
1126,5
1127,5
1128,5
1129,5
1130,5
1131,5
1132,5
1133,5
1134,5
1135,5
1136,5
1137,5
1138,5
1139,5
1140,5
1141,5
1142,5
1143,5
1144,5
1145,5
1146,5
1147,5
1148,5
1149,5
1150,5
1151,5
1152,5
1153,5
1154,5
1155,5
1156,5
1157,5
1158,5
1159,5
1160,5
1161,5
1162,5
1163,5
1164,5
1165,5
1166,5
1167,5
1168,5
1169,5
1170,5
1171,5
1172,5
1173,5
1174,5
1175,5
1176,5
1177,5
1178,5
