1,1
2,1
3,1
4,1
5,1
6,1
7,1
8,1
9,1
10,1
11,1
12,1
13,1
14,1
15,1
16,1
17,1
18,1
19,1
20,1
21,1
22,1
23,1
24,1
25,1
26,1
27,1
28,1
29,1
30,1
31,1
32,1
33,1
34,1
35,1
36,1
37,1
38,1
39,1
40,1
41,1
42,1
43,1
44,1
45,1
46,1
47,1
48,1
49,1
50,1
51,1
52,1
53,1
54,1
55,1
56,1
57,1
58,1
59,1
60,1
61,1
62,1
63,1
64,1
65,1
66,1
67,1
68,1
69,1
70,1
71,1
72,1
73,1
74,1
75,1
76,1
77,1
78,1
79,1
80,1
81,1
82,1
83,1
84,1
85,1
86,1
87,1
88,1
89,1
90,1
91,1
92,1
93,1
94,1
95,1
96,1
97,1
98,1
99,1
100,1
101,1
102,1
103,1
104,0
105,0
106,0
107,0
108,0
109,0
110,0
111,0
112,0
113,0
114,0
115,0
116,0
117,0
118,0
119,0
120,0
121,0
122,0
123,0
124,0
125,0
126,0
127,0
128,0
129,0
130,0
131,0
132,0
133,0
134,0
135,0
136,0
137,0
138,0
139,0
140,0
141,0
142,0
143,0
144,0
145,0
146,0
147,0
148,0
149,0
150,0
151,0
152,0
153,0
154,0
155,0
156,0
157,0
158,0
159,0
160,0
161,0
162,0
163,2
164,2
165,2
166,2
167,2
168,2
169,2
170,2
171,2
172,2
173,2
174,2
175,2
176,2
177,2
178,2
179,2
180,2
181,2
182,2
183,2
184,2
185,2
186,2
187,2
188,2
189,2
190,2
191,2
192,2
193,2
194,2
195,2
196,2
197,2
198,2
199,2
200,2
201,2
202,2
203,2
204,2
205,2
206,2
207,2
208,2
209,2
210,2
211,2
212,2
213,2
214,2
215,2
216,2
217,2
218,2
219,2
220,2
221,2
222,2
223,2
224,2
225,2
226,2
227,2
228,2
229,2
230,2
231,2
232,2
233,2
234,2
235,2
236,2
237,2
238,2
239,2
240,2
241,2
242,2
243,2
244,2
245,2
246,2
247,2
248,2
249,2
250,2
251,2
252,2
253,2
254,2
255,2
256,2
257,2
258,2
259,2
260,2
261,2
262,2
263,2
264,2
265,2
266,2
267,2
268,2
269,2
270,2
271,2
272,2
273,2
274,2
275,2
276,2
277,2
278,2
279,2
280,2
281,2
282,2
283,2
284,2
285,2
286,2
287,2
288,2
289,2
290,2
291,2
292,2
293,2
294,2
295,2
296,2
297,2
298,2
299,2
300,2
301,2
302,2
303,2
304,2
305,2
306,2
307,2
308,2
309,2
310,2
311,2
312,2
313,2
314,2
315,2
316,2
317,2
318,2
319,2
320,2
321,2
322,2
323,2
324,2
325,2
326,2
327,2
328,2
329,2
330,2
331,2
332,2
333,0
334,0
335,0
336,0
337,0
338,0
339,0
340,0
341,0
342,0
343,0
344,0
345,0
346,0
347,0
348,0
349,0
350,0
351,0
352,0
353,0
354,0
355,0
356,0
357,0
358,0
359,0
360,0
361,0
362,0
363,0
364,0
365,0
366,0
367,0
368,0
369,0
370,0
371,0
372,0
373,0
374,0
375,0
376,0
377,0
378,0
379,0
380,3
381,3
382,3
383,3
384,3
385,3
386,3
387,3
388,3
389,3
390,3
391,3
392,3
393,3
394,3
395,3
396,3
397,3
398,3
399,3
400,3
401,3
402,3
403,3
404,3
405,3
406,3
407,3
408,3
409,3
410,3
411,3
412,3
413,3
414,3
415,3
416,3
417,3
418,3
419,3
420,3
421,3
422,3
423,3
424,3
425,3
426,3
427,3
428,3
429,3
430,3
431,3
432,3
433,3
434,3
435,3
436,3
437,3
438,3
439,3
440,3
441,3
442,3
443,3
444,3
445,3
446,3
447,3
448,3
449,3
450,3
451,3
452,3
453,3
454,3
455,3
456,3
457,3
458,3
459,3
460,3
461,3
462,3
463,3
464,3
465,3
466,0
467,0
468,0
469,0
470,0
471,0
472,0
473,0
474,0
475,0
476,0
477,0
478,0
479,0
480,0
481,0
482,0
483,0
484,0
485,0
486,0
487,0
488,0
489,0
490,0
491,0
492,0
493,0
494,0
495,0
496,0
497,0
498,0
499,0
500,0
501,0
502,0
503,0
504,0
505,0
506,0
507,0
508,0
509,0
510,0
511,0
512,0
513,0
514,0
515,0
516,0
517,0
518,0
519,0
520,0
521,0
522,0
523,0
524,0
525,0
526,0
527,0
528,0
529,0
530,0
531,0
532,0
533,0
534,0
535,0
536,0
537,0
538,4
539,4
540,4
541,4
542,4
543,4
544,4
545,4
546,4
547,4
548,4
549,4
550,4
551,4
552,4
553,4
554,4
555,4
556,4
557,4
558,4
559,4
560,4
561,4
562,4
563,4
564,4
565,4
566,4
567,4
568,4
569,4
570,4
571,4
572,4
573,4
574,4
575,4
576,4
577,4
578,4
579,4
580,4
581,4
582,4
583,4
584,4
585,4
586,4
587,4
588,4
589,4
590,4
591,4
592,4
593,4
594,4
595,4
596,4
597,4
598,4
599,4
600,4
601,4
602,4
603,4
604,4
605,4
606,4
607,4
608,4
609,4
610,4
611,4
612,4
613,4
614,4
615,4
616,4
617,4
618,4
619,4
620,4
621,4
622,4
623,4
624,4
625,4
626,4
627,4
628,4
629,4
630,4
631,4
632,4
633,4
634,4
635,4
636,4
637,4
638,4
639,4
640,4
641,4
642,4
643,4
644,4
645,4
646,4
647,4
648,4
649,4
650,4
651,4
652,4
653,4
654,4
655,4
656,4
657,4
658,4
659,4
660,4
661,4
662,4
663,4
664,4
665,4
666,4
667,4
668,4
669,4
670,4
671,4
672,4
673,4
674,4
675,4
676,4
677,4
678,4
679,4
680,4
681,4
682,4
683,4
684,4
685,0
686,0
687,0
688,0
689,0
690,0
691,0
692,0
693,0
694,0
695,0
696,0
697,0
698,0
699,0
700,0
701,0
702,0
703,0
704,0
705,0
706,0
707,0
708,0
709,0
710,0
711,0
712,0
713,0
714,0
715,0
716,0
717,0
718,0
719,0
720,0
721,0
722,0
723,0
724,0
725,0
726,0
727,0
728,0
729,0
730,0
731,0
732,0
733,0
734,0
735,0
736,0
737,0
738,0
739,0
740,0
741,0
742,0
743,0
744,0
745,0
746,0
747,0
748,0
749,0
750,0
751,0
752,0
753,0
754,0
755,0
756,0
757,0
758,0
759,0
760,0
761,0
762,0
763,0
764,0
765,0
766,0
767,0
768,0
769,0
770,0
771,0
772,0
773,5
774,5
775,5
776,5
777,5
778,5
779,5
780,5
781,5
782,5
783,5
784,5
785,5
786,5
787,5
788,5
789,5
790,5
791,5
792,5
793,5
794,5
795,5
796,5
797,5
798,5
799,5
800,5
801,5
802,5
803,5
804,5
805,5
806,5
807,5
808,5
809,5
810,5
811,5
812,5
813,5
814,5
815,5
816,5
817,5
818,5
819,5
820,5
821,5
822,5
823,5
824,5
825,5
826,5
827,5
828,5
829,5
830,5
831,5
832,5
833,5
834,5
835,5
836,5
837,5
838,5
839,5
840,5
841,5
842,5
843,5
844,5
845,5
846,5
847,5
848,5
849,5
850,5
851,5
852,5
853,5
854,5
855,5
856,5
857,5
858,5
859,5
860,5
861,5
862,5
