1,1
2,1
3,1
4,1
5,1
6,1
7,1
8,1
9,1
10,1
11,1
12,1
13,1
14,1
15,1
16,1
17,1
18,1
19,1
20,1
21,1
22,1
23,1
24,1
25,1
26,1
27,1
28,1
29,1
30,1
31,1
32,1
33,1
34,1
35,1
36,1
37,1
38,1
39,1
40,1
41,1
42,1
43,1
44,1
45,1
46,1
47,1
48,1
49,1
50,1
51,1
52,1
53,1
54,1
55,1
56,1
57,1
58,1
59,1
60,1
61,1
62,1
63,1
64,1
65,1
66,1
67,1
68,1
69,1
70,1
71,1
72,1
73,1
74,1
75,1
76,1
77,1
78,1
79,1
80,1
81,1
82,1
83,1
84,1
85,1
86,1
87,1
88,1
89,1
90,1
91,1
92,1
93,1
94,1
95,1
96,1
97,1
98,1
99,1
100,1
101,1
102,1
103,1
104,1
105,1
106,1
107,1
108,1
109,1
110,1
111,1
112,1
113,1
114,1
115,1
116,1
117,1
118,1
119,1
120,1
121,1
122,1
123,1
124,1
125,1
126,1
127,1
128,1
129,1
130,1
131,1
132,1
133,1
134,1
135,1
136,1
137,1
138,1
139,1
140,1
141,1
142,1
143,1
144,1
145,1
146,1
147,1
148,1
149,1
150,1
151,1
152,1
153,1
154,1
155,1
156,1
157,1
158,1
159,1
160,1
161,1
162,1
163,1
164,1
165,1
166,1
167,1
168,1
169,1
170,1
171,1
172,1
173,1
174,1
175,1
176,1
177,1
178,1
179,1
180,1
181,1
182,1
183,1
184,1
185,1
186,1
187,1
188,1
189,1
190,1
191,1
192,1
193,1
194,1
195,1
196,1
197,1
198,1
199,1
200,1
201,1
202,1
203,1
204,1
205,1
206,1
207,1
208,0
209,0
210,0
211,0
212,0
213,0
214,0
215,0
216,0
217,0
218,0
219,0
220,0
221,0
222,0
223,0
224,0
225,0
226,0
227,0
228,0
229,0
230,0
231,0
232,0
233,0
234,0
235,0
236,0
237,0
238,0
239,0
240,0
241,0
242,0
243,0
244,0
245,0
246,0
247,0
248,0
249,0
250,0
251,0
252,0
253,0
254,0
255,0
256,0
257,0
258,0
259,0
260,0
261,0
262,0
263,0
264,0
265,0
266,0
267,0
268,0
269,0
270,0
271,0
272,0
273,0
274,0
275,0
276,0
277,0
278,0
279,0
280,0
281,0
282,0
283,0
284,0
285,0
286,2
287,2
288,2
289,2
290,2
291,2
292,2
293,2
294,2
295,2
296,2
297,2
298,2
299,2
300,2
301,2
302,2
303,2
304,2
305,2
306,2
307,2
308,2
309,2
310,2
311,2
312,2
313,2
314,2
315,2
316,2
317,2
318,2
319,2
320,2
321,2
322,2
323,2
324,2
325,2
326,2
327,2
328,2
329,2
330,2
331,2
332,2
333,2
334,2
335,2
336,2
337,2
338,2
339,2
340,2
341,2
342,2
343,2
344,2
345,2
346,2
347,2
348,2
349,2
350,2
351,2
352,2
353,2
354,2
355,2
356,2
357,2
358,2
359,2
360,2
361,2
362,2
363,2
364,2
365,2
366,2
367,2
368,2
369,2
370,2
371,2
372,2
373,2
374,2
375,2
376,2
377,2
378,2
379,2
380,2
381,2
382,2
383,2
384,2
385,2
386,2
387,2
388,2
389,2
390,2
391,2
392,2
393,2
394,2
395,2
396,2
397,2
398,2
399,2
400,2
401,2
402,2
403,2
404,2
405,2
406,2
407,2
408,2
409,2
410,2
411,2
412,2
413,2
414,2
415,2
416,2
417,2
418,2
419,2
420,2
421,2
422,2
423,2
424,2
425,2
426,2
427,2
428,2
429,2
430,2
431,2
432,2
433,2
434,2
435,2
436,2
437,2
438,2
439,2
440,2
441,2
442,2
443,2
444,2
445,2
446,2
447,2
448,2
449,2
450,2
451,2
452,2
453,2
454,2
455,2
456,2
457,2
458,2
459,2
460,2
461,2
462,2
463,2
464,2
465,2
466,2
467,2
468,2
469,2
470,2
471,2
472,2
473,2
474,2
475,2
476,2
477,2
478,2
479,2
480,2
481,2
482,2
483,2
484,2
485,2
486,2
487,2
488,2
489,2
490,2
491,2
492,2
493,2
494,2
495,2
496,0
497,0
498,0
499,0
500,0
501,0
502,0
503,0
504,0
505,0
506,0
507,0
508,0
509,0
510,0
511,0
512,0
513,0
514,0
515,0
516,0
517,0
518,0
519,0
520,0
521,0
522,0
523,0
524,0
525,0
526,0
527,0
528,0
529,0
530,0
531,0
532,0
533,0
534,0
535,0
536,0
537,0
538,0
539,0
540,0
541,0
542,0
543,0
544,0
545,0
546,0
547,0
548,0
549,0
550,0
551,0
552,0
553,0
554,0
555,0
556,0
557,0
558,0
559,0
560,0
561,0
562,0
563,0
564,0
565,0
566,0
567,0
568,0
569,0
570,0
571,0
572,0
573,0
574,0
575,3
576,3
577,3
578,3
579,3
580,3
581,3
582,3
583,3
584,3
585,3
586,3
587,3
588,3
589,3
590,3
591,3
592,3
593,3
594,3
595,3
596,3
597,3
598,3
599,3
600,3
601,3
602,3
603,3
604,3
605,3
606,3
607,3
608,3
609,3
610,3
611,3
612,3
613,3
614,3
615,3
616,3
617,3
618,3
619,3
620,3
621,3
622,3
623,3
624,3
625,3
626,3
627,3
628,3
629,3
630,3
631,3
632,3
633,3
634,3
635,3
636,3
637,3
638,3
639,3
640,3
641,3
642,3
643,3
644,3
645,3
646,3
647,3
648,3
649,3
650,3
651,3
652,3
653,3
654,3
655,3
656,3
657,3
658,3
659,3
660,3
661,3
662,3
663,3
664,3
665,3
666,3
667,3
668,3
669,3
670,3
671,3
672,3
673,3
674,3
675,3
676,3
677,3
678,3
679,3
680,3
681,3
682,3
683,3
684,3
685,3
686,3
687,3
688,3
689,3
690,3
691,3
692,3
693,3
694,3
695,3
696,3
697,3
698,3
699,3
700,3
701,3
702,3
703,3
704,3
705,3
706,3
707,3
708,3
709,3
710,3
711,3
712,3
713,3
714,3
715,3
716,3
717,3
718,3
719,3
720,3
721,3
722,3
723,3
724,3
725,3
726,3
727,3
728,3
729,3
730,3
731,3
732,3
733,3
734,3
735,3
736,3
737,3
738,3
739,3
740,3
741,3
742,3
743,3
744,3
745,3
746,3
747,3
748,3
749,3
750,3
751,3
752,3
753,3
754,3
755,3
756,3
757,3
758,3
759,3
760,3
761,3
762,3
763,3
764,3
765,3
766,3
767,3
768,3
769,3
770,3
771,3
772,3
773,3
774,3
775,3
776,3
777,3
778,3
779,3
780,3
781,3
782,3
783,3
784,3
785,3
786,3
787,3
788,3
789,3
790,3
791,3
792,3
793,3
794,3
795,3
796,3
797,3
798,3
799,3
800,3
801,3
802,3
803,3
804,3
805,3
806,3
807,3
808,3
809,3
810,3
811,0
812,0
813,0
814,0
815,0
816,0
817,0
818,0
819,0
820,0
821,0
822,0
823,0
824,0
825,0
826,0
827,0
828,0
829,0
830,0
831,0
832,0
833,0
834,0
835,0
836,0
837,0
838,0
839,0
840,0
841,0
842,0
843,0
844,0
845,0
846,0
847,0
848,0
849,0
850,0
851,0
852,0
853,0
854,0
855,0
856,0
857,0
858,0
859,0
860,0
861,0
862,0
863,0
864,0
865,0
866,0
867,0
868,0
869,0
870,0
871,0
872,0
873,0
874,0
875,0
876,0
877,0
878,0
879,0
880,0
881,0
882,0
883,4
884,4
885,4
886,4
887,4
888,4
889,4
890,4
891,4
892,4
893,4
894,4
895,4
896,4
897,4
898,4
899,4
900,4
901,4
902,4
903,4
904,4
905,4
906,4
907,4
908,4
909,4
910,4
911,4
912,4
913,4
914,4
915,4
916,4
917,4
918,4
919,4
920,4
921,4
922,4
923,4
924,4
925,4
926,4
927,4
928,4
929,4
930,4
931,4
932,4
933,4
934,4
935,4
936,4
937,4
938,4
939,4
940,4
941,4
942,4
943,4
944,4
945,4
946,4
947,4
948,4
949,4
950,4
951,4
952,4
953,4
954,4
955,4
956,4
957,4
958,4
959,4
960,4
961,4
962,4
963,4
964,4
965,4
966,4
967,4
968,4
969,4
970,4
971,4
972,4
973,4
974,4
975,4
976,4
977,4
978,4
979,4
980,4
981,4
982,4
983,4
984,4
985,4
986,4
987,4
988,4
989,4
990,4
991,4
992,4
993,4
994,4
995,4
996,4
997,4
998,4
999,4
1000,4
1001,4
1002,4
1003,4
1004,4
1005,4
1006,4
1007,4
1008,4
1009,4
1010,4
1011,4
1012,4
1013,4
1014,4
1015,4
1016,4
1017,4
1018,4
1019,4
1020,4
1021,4
1022,4
1023,4
1024,4
1025,4
1026,4
1027,4
1028,4
1029,4
1030,4
1031,4
1032,4
1033,4
1034,4
1035,4
1036,4
1037,4
1038,4
1039,4
1040,4
1041,4
1042,4
1043,4
1044,4
1045,4
1046,4
1047,4
1048,4
1049,4
1050,4
1051,4
1052,4
1053,4
1054,4
1055,4
1056,4
1057,4
1058,4
1059,4
1060,4
1061,4
1062,4
1063,4
1064,4
1065,4
1066,4
1067,4
1068,4
1069,4
1070,4
1071,4
1072,4
1073,4
1074,4
1075,4
1076,4
1077,4
1078,4
1079,4
1080,4
1081,4
1082,4
1083,4
1084,4
1085,4
1086,4
1087,4
1088,4
1089,4
1090,4
1091,4
1092,4
1093,4
1094,4
1095,4
1096,4
1097,4
1098,4
1099,4
1100,4
1101,4
1102,4
1103,4
1104,4
1105,4
1106,4
1107,4
1108,4
1109,4
1110,4
1111,4
1112,4
1113,4
1114,4
1115,4
1116,4
1117,4
1118,4
1119,4
1120,4
1121,4
1122,4
1123,4
1124,4
1125,4
1126,4
1127,4
1128,4
1129,4
1130,4
1131,4
1132,4
1133,4
1134,4
1135,4
1136,4
1137,4
1138,4
1139,4
1140,4
1141,4
1142,4
1143,4
1144,4
1145,4
1146,4
1147,4
1148,4
1149,4
1150,4
